	WTSD5	WTHC5	logFC	logCPM	F	PValue	FDR	check	gene
100008567	199.6	216	-0.104190106365201	1.32193412474597	0.709079654384711	0.408123433892381	0.541107454748173	NA	NA
100009600	70.2	37.6	0.907888669758226	0.0367429404802465	15.1936366210711	0.000724181463775903	0.00352434979037606	100009600	Zglp1
100017	18.4	19	-0.0354745197721144	1.45644395990687	0.0845601396289946	0.773726664200336	0.848902778529805	100017	Ldlrap1
100019	423.8	369.8	0.19842955209171	6.20352060595856	14.3986763210105	0.00112860514371723	0.00503017537690065	100019	Mdn1
100034361	106.6	102	0.0505084978497102	2.50279602648568	0.288122207315336	0.596404022967768	0.708419222146317	100034361	Mfap1b
100034726	745.4	746.2	-0.00232834403863185	5.54226764324425	0.00244440027171105	0.960980120009925	0.975617752949156	NA	NA
100036521	1815.8	1922	-0.0820763601169775	5.08040393141074	3.5148350554739	0.0731335058974918	0.143526844549865	100036521	Umad1
100036768	73.2	89.8	-0.279537610563763	1.12394280086192	4.25027133360171	0.0503167883276023	0.107490224429081	NA	NA
100037258	3160.6	2086.4	0.600751928684828	6.04434394459422	208.171853645063	2.85678489608561e-13	1.2512717844855e-10	100037258	Dnajc3
100037262	48.8	44.2	0.129849978078191	0.968892878189739	0.794916079087448	0.381534402713309	0.514863061975368	NA	NA
100037278	79.6	45.6	0.808241780920695	1.2650653113888	33.1490519350536	6.37586541792474e-06	7.37557084740544e-05	100037278	Fam129c
100037282	129	136.8	-0.0870347565699017	2.47494320961905	0.796758431651009	0.380992165361224	0.514275378981241	100037282	Rsph3b
100037283	354.2	471.4	-0.450012310255835	0.659009351769874	4.91324362640759	0.0368555167805806	0.0838780726730455	100037283	Rnaset2a
100037396	436	388.8	0.172869367348192	3.50257896857367	6.34217525558155	0.0189221609082875	0.0489355723328658	NA	NA
100038347	2534.6	2242.6	0.182346461568338	5.18107653611592	8.38380231566111	0.0089866012190759	0.0270709357761	100038347	Fam174b
100038356	266	415.6	-0.618902984722307	2.33761695150377	31.2244104696791	9.70927164716123e-06	0.000103038041400931	NA	NA
100038392	68.6	66	0.0705960576807628	0.662908276783343	0.23949016596201	0.629050147372119	0.735324773968185	NA	NA
100038411	104	111	-0.154851209573889	0.50587980934202	0.551228703710266	0.46543137463942	0.594708724278481	NA	NA
100038416	65.2	96	-0.590701291503109	0.657659593271319	17.1506657358965	0.000373004803828802	0.00206805195034197	NA	NA
100038453	71.2	86.2	-0.256289421254922	0.65164298847294	2.52456788422578	0.125269695844659	0.219259891467511	NA	NA
100038486	30	39.2	-0.369409886390405	1.86218808505193	9.12361727663049	0.00594023523513539	0.019233906829894	NA	NA
100038526	158.2	163.4	-0.0403182080828953	2.81305004992971	0.272128170773615	0.606723989098926	0.71728948048859	NA	NA
100038538	31.4	29.8	0.0839407603445887	1.56671865218177	0.637358347967013	0.432555653277743	0.564784048100858	100038538	Gm10767
100038570	77.4	89	-0.186817061924442	1.00578019080468	1.30652245278839	0.264382015249257	0.389936494735996	100038570	Prcd
100038575	79.4	70.6	0.160177815602884	2.68092101294731	2.34105111927698	0.139697423630535	0.239438700480938	NA	NA
100038577	63	99.4	-0.699703494528804	0.837691179671217	18.0447146206052	0.000284870594180238	0.00164700782731247	NA	NA
100038591	125	111.4	0.174457368842141	1.15664544041677	1.94727433280267	0.175753045858013	0.284471951268949	NA	NA
100038605	51.8	67	-0.348639925529651	2.20573567103685	12.6140197027547	0.00163439500076152	0.0067825280910155	NA	NA
100038614	6	7.2	-0.236911442823083	1.19046832971672	4.28026362938449	0.0495744208105093	0.106202560900415	NA	NA
100038647	9.8	6	0.666359117459743	1.03795483477802	18.0101702309433	0.000287819097657273	0.00166007072527463	NA	NA
100038688	133.6	105.6	0.350870086971891	0.210012410309381	4.62362731563868	0.0418992954575898	0.0928759821280293	NA	NA
100038712	174.6	159.6	0.127449319898688	2.38655589950768	2.64066652898614	0.11731747236642	0.207679944345896	NA	NA
100038713	29.6	28	0.0724808052242031	0.662988797522561	0.194213808324758	0.663405451937641	0.763931039062035	NA	NA
100038725	108	129.2	-0.255679737680951	2.81968943195226	12.2100641820252	0.00188310110807179	0.00759228547170701	100038725	Cep85l
100038739	58	61.8	-0.0938014456061077	1.65449770946798	0.676012894195128	0.419116270033084	0.552275190724606	NA	NA
100038746	1140.4	1250.4	-0.131623121947806	3.78131017087915	5.50621745793455	0.0276052653520344	0.0665232586526018	NA	NA
100038882	106.6	75.4	0.507699715264163	0.814574284468741	14.1869251256843	0.000957458298226246	0.00441016642529068	100038882	Isg15
100038999	20.4	23.8	-0.252387056343958	0.949090808994511	2.65019030707573	0.116691843343707	0.206819085625029	NA	NA
100039017	302.8	330.8	-0.131504019799838	2.13457334614725	2.14276051479524	0.156314588599814	0.260891842623377	NA	NA
100039027	8.2	7.4	0.11078592998323	0.855044512207417	0.650916097685135	0.42776655415847	0.560251014188011	NA	NA
100039060	41.8	42.6	-0.0420693456430316	1.22468725727298	0.1377722359099	0.713786210364764	0.804198759421023	100039060	Gm2026
100039062	1985.8	2722.2	-0.473602895149204	1.07535548513995	10.1127831075541	0.00405444025180705	0.0142239998542765	NA	NA
100039138	145.6	184	-0.333628430543118	0.725506383412085	5.29482063229085	0.0304505548468736	0.0721410129088201	NA	NA
100039239	23	23.8	-0.0434905723789386	2.11827421042463	0.188570002422828	0.668016994657234	0.767307560075709	NA	NA
100039252	1024.8	1023.2	0.00213601880081514	3.31203939250943	0.00134458769888134	0.972423071501124	0.98310156504702	NA	NA
100039257	795.2	1060.4	-0.354860995205969	0.415177673708223	3.425326299568	0.076642111515973	0.149036066171381	100039257	Tmem254b
100039304	18.4	14.8	0.191944012382126	1.99509984509144	1.05293720261639	0.320520162617751	0.451451805737378	NA	NA
100039307	302.8	416.4	-0.45989340155554	0.473578683264586	9.60258502882163	0.00492862399610484	0.0166366957589209	NA	NA
100039419	1060.4	1062.4	-0.00809299734923725	5.27007759678654	0.0259414049570724	0.873401524228465	0.91825090982077	NA	NA
100039422	774.2	861.6	-0.149160276358522	3.71863668705889	4.93872673839848	0.0360144233337527	0.0824311124095109	NA	NA
100039495	13.4	19.6	-0.552993400703387	1.35345464298956	14.1921130238138	0.000955811367228407	0.00440398390242888	NA	NA
100039503	305.2	226	0.428257703547008	2.28161787455386	23.6842313292798	5.93939398886564e-05	0.000451831582710863	NA	NA
100039571	16.2	15.6	0.0336869334554207	0.998769604324054	0.0560552034167999	0.814867052056013	0.877491706502992	NA	NA
100039636	8992.6	9110.6	-0.0190215895808671	7.15126310274847	0.230759007940214	0.635343517148683	0.740405966045882	NA	NA
100039684	278.2	311.8	-0.201641575708417	0.822577330660933	1.15091247247958	0.294483474464355	0.422679274363474	NA	NA
100039707	196.2	212.2	-0.107278340126078	1.46058106283761	0.755625975808264	0.393374373600981	0.526417294327245	100039707	Mthfsl
100039768	510.6	638.6	-0.321722504573239	4.62895104654058	32.1738950255654	7.87520225267155e-06	8.7262831689659e-05	NA	NA
100039786	2438.6	2439.4	-0.00353386492352994	4.80373597232364	0.00559427813142518	0.941002394465325	0.963185644875429	NA	NA
100039795	8598.2	8583.2	0.00179899405697344	7.54879632203966	0.00280679168999246	0.958190253082045	0.973837236973844	100039795	Ildr2
100039826	35.4	33.2	0.0771097684358767	3.38118184503965	0.688761486883567	0.41566670991563	0.548479699207643	NA	NA
100039863	22	25.8	-0.234234840889061	0.556613825134338	1.48200114840683	0.235383072833525	0.35683942482944	100039863	Gm13306
100039864	361.6	306.8	0.230688731848791	3.25732767509503	9.56040481369891	0.00500965109361407	0.0168355026521966	NA	NA
100039968	115	104	0.130311420277334	1.39303529063428	1.19524678812716	0.285205510863507	0.412479147060911	100039968	Tmem35b
100039988	56.2	49.8	0.165339427847151	2.65195996873041	1.82590932131798	0.191693027672416	0.304576346265484	NA	NA
100040052	230.4	210.2	0.150553499169443	2.49937494409839	2.36660063948662	0.137133821484287	0.235968125682605	100040052	Wdr83os
100040123	260.2	237.8	0.123125324567377	2.57251617358068	2.00229485789855	0.170000065242863	0.27724031851747	NA	NA
100040220	1320.8	1366.4	-0.0523744982673927	5.04601133217544	1.28384568901292	0.268459733304498	0.394729067031364	NA	NA
100040244	6.4	5.4	0.227577270501065	1.2785784972582	3.2084916140788	0.0859713016705178	0.163288987430442	NA	NA
100040260	45.8	54	-0.227215757327951	0.853545658942896	2.84623033312283	0.10464051403941	0.190511901993404	NA	NA
100040293	96.6	78	0.390526471866713	-0.14644048768476	4.14918108520721	0.0529129654246121	0.112042777944234	NA	NA
100040294	22.4	28.2	-0.255439342634411	0.880158031038542	1.47771537286872	0.238216472976146	0.360203044293045	NA	NA
100040297	9589.2	9369.8	0.0315855572495782	5.49924384775571	0.295123457362335	0.592929625049758	0.705366650244378	NA	NA
100040298	651.8	668.6	-0.0401305521872922	5.00773944747239	0.667706480762526	0.421949093535263	0.554996105010346	NA	NA
100040322	9.4	13.8	-0.493838029910568	1.26202564510206	11.6143699650333	0.00232851198851662	0.0089822023704348	NA	NA
100040377	99	118.4	-0.29638569558344	1.28198209383842	4.98196190871371	0.0352817613012726	0.0812301016006043	NA	NA
100040500	15	14.8	0.0278535746636112	2.21658368032652	0.0747238032367922	0.786934930983267	0.857859377964563	NA	NA
100040505	305.8	293.4	0.0507905850962819	2.34578463319025	0.348873573790841	0.560313515216124	0.678168540574231	NA	NA
100040525	85	74	0.215712350583034	3.19282236456882	1.9762287062253	0.182048918282493	0.292403051989683	NA	NA
100040529	168.6	213.4	-0.354976426118672	1.27883869472861	6.67791349223901	0.0163286799924743	0.043682165576758	NA	NA
100040543	2290	2509.4	-0.131165456686524	4.59820812498145	3.57280764903449	0.0728238747032277	0.143113023108151	NA	NA
100040591	447.2	400.6	0.153522136887956	0.41051060997508	0.711075912152165	0.407473899476292	0.540511950029972	100040591	Kcnj13
100040608	58	65	-0.192321173691113	1.09110170948095	1.5427639956076	0.226295447711508	0.345648779585981	100040608	Fancf
100040724	305.8	280.4	0.12422427414708	4.56901809348168	5.8861970679512	0.0232052134090679	0.0579525602859668	NA	NA
100040792	45.6	27.4	0.775579327421532	0.0820513267622633	19.6151260352152	0.000180095197495548	0.00112590656773384	NA	NA
100040852	11	14.2	-0.356941046074079	0.103103640299312	4.39496983386602	0.0468469804725753	0.101518179272954	NA	NA
100040961	99	114	-0.200487827990317	3.02020162390979	3.76198992364663	0.065887052389936	0.132360174460616	NA	NA
100040972	60.4	66.2	-0.127142719223724	0.358971077556386	0.514129011390482	0.480328232666845	0.607832627820572	100040972	Tceal7
100040999	260.4	255.6	0.0273555927812462	0.28333635120822	0.0278118460530201	0.868959304489797	0.914913883092623	NA	NA
100041098	1179.8	1185.4	-0.00786836175501746	4.37315650734701	0.019793948448842	0.889296881194273	0.929824733852866	NA	NA
100041106	146.2	164.8	-0.181198659605928	2.89880479377038	3.70126745389712	0.0664253947147673	0.133065740640178	NA	NA
100041120	9.2	9.4	-0.00159948982778815	1.30411600827143	0.000181507260804367	0.989363043062202	0.992909420556591	NA	NA
100041194	110.2	145.8	-0.421436983503977	1.20854140418633	8.93355243395666	0.00640306866618174	0.0204304535322276	NA	NA
100041231	61.6	80.2	-0.408930363738566	1.54628913707292	11.4149316492232	0.00250240659254896	0.00951836444439544	NA	NA
100041244	104.6	131.2	-0.345796861494976	1.71418696508618	9.93474809628529	0.00433851446740457	0.0150236914498959	NA	NA
100041286	68.4	87.4	-0.365418483830587	0.424302340883185	4.77149708638508	0.0390131164186007	0.0879045930801011	NA	NA
100041294	387.6	378	0.0442661365722498	3.52714649400415	0.344954296975276	0.562508967451442	0.679660064941288	100041294	Supt4a
100041480	1111.2	967.6	0.202607960698291	4.52689453079408	13.39848575627	0.00124773560445273	0.00546673853493779	NA	NA
100041574	60.6	65.8	-0.137605235224353	0.878426426309397	0.857665203686422	0.363679905499485	0.496986797209942	100041574	Ermard
100041576	3	3.8	-0.220424651793064	0.112899922434248	1.06832178134796	0.311703534409828	0.442048948818647	NA	NA
100041581	44.6	74.6	-0.733404504582868	3.74982779442652	72.0483899240794	2.41117154283333e-08	8.33757738758682e-07	100041581	Zkscan16
100041585	672	682.2	-0.0411478984161389	1.91324850749488	0.123268706615686	0.728601879548689	0.815298565223872	100041585	Amd2
100041621	1.6	1.4	0.200573765424182	0.338850208839744	1.00980612795839	0.325047240692392	0.456227696345683	100041621	Ermard
100041649	1377.8	1592.8	-0.21194498752847	5.68468708592352	21.1416967013564	0.000117295023413592	0.000787451123279171	NA	NA
100041677	205.2	246.8	-0.270642044589524	1.06926843308892	2.41799166464907	0.133810592769837	0.231406832722568	100041677	Zfp984
100041781	538.2	709.8	-0.398059900641696	2.39790876334608	14.4252030290213	0.000884908713376209	0.00414065087184841	NA	NA
100041797	14.2	18.4	-0.344716243535183	1.69100270633465	7.80162239678634	0.0101297133143845	0.0297954571115413	NA	NA
100041925	2431	2491	-0.0365581518633031	6.05760841008925	0.783363272745647	0.384960589079478	0.518332769836734	NA	NA
100041948	801.6	750.6	0.101642052058875	3.71315153540282	1.64127012900915	0.212972541517806	0.330077751994249	NA	NA
100041953	1535.2	1574.4	-0.0398488714568893	4.66979823160665	0.722095600840229	0.403916363984547	0.536747919925773	100041953	Sap18b
100041965	3272.6	3314.8	-0.0191931561457832	6.37589952435083	0.238983717835444	0.629411236818436	0.735508934996659	NA	NA
100042008	9127.2	9587.4	-0.0725576479606697	6.69864940062202	4.0791228122221	0.0548009846315318	0.115012840404263	NA	NA
100042023	7.4	7.2	-0.0318408135385915	0.391630651724061	0.0354508390912629	0.852248674707489	0.902579304236668	NA	NA
100042049	15499.4	17022.6	-0.135031944202167	4.13810525321058	2.61530304386904	0.121807754663855	0.214368596847846	NA	NA
100042056	46.6	27.2	0.742147683516751	1.97620110154168	62.114893062582	4.32564967332002e-08	1.32745096344305e-06	NA	NA
100042069	2209.2	1927.8	0.193921016569205	4.96112230522535	13.4652481313559	0.00121976727416255	0.00536207913039707	NA	NA
100042100	75.8	83.2	-0.110892998608175	0.510166019427819	0.399720544452118	0.533254712006973	0.65502367700763	NA	NA
100042125	144.4	151.4	-0.0585672927699043	0.379923489213622	0.165021051268691	0.70580151264541	0.798147991874655	NA	NA
100042132	164.6	346	-1.09619424635773	2.84937644831762	102.671960183136	6.76485705161354e-10	5.40216816707305e-08	NA	NA
100042143	366.6	478	-0.38557665885807	2.28964384802699	13.7970659051061	0.0010905385308353	0.00489675176287464	NA	NA
100042149	695.8	781.2	-0.21096886231353	0.998456417960605	2.16128565804956	0.154610365463281	0.25886794662156	100042149	Gm3696
100042150	106.6	104.2	0.0361446789947386	2.96814580724904	0.231618030865703	0.63471755023438	0.739974791989654	100042150	Nrg2
100042165	10	10.8	-0.110913271956015	1.38099796030311	0.537204038415432	0.47074450988439	0.599430988095232	100042165	BC005561
100042173	281.2	287.6	-0.0205762442218415	1.80545349142893	0.0358237129139903	0.85148324038929	0.902231416801319	NA	NA
100042178	890.8	794.2	0.167944520209551	3.61612471619895	4.44917004470037	0.0458560126628041	0.0997596037068287	NA	NA
100042194	144.4	208.8	-0.540671575545302	2.35186836655488	32.4409479871157	7.42981758277796e-06	8.35074520540223e-05	NA	NA
100042277	1893.8	1884.6	0.00923054870499165	6.09768555539654	0.0479284590182135	0.828572614158938	0.886678320912644	NA	NA
100042332	119.2	155.4	-0.395459630291399	1.32478872610086	8.03532489873348	0.0091984741705654	0.0275692507022798	NA	NA
100042335	390.8	368.4	0.0802074928071711	2.56829973164806	1.04904819265764	0.316014478997314	0.446279753730061	NA	NA
100042355	103.2	114.8	-0.157370463642099	2.59077061159218	2.35422770425073	0.138118042269476	0.237181677909351	100042355	Ube2l3
100042424	484.8	493.2	-0.0231389981630447	4.57562483446739	0.158538632845445	0.694051306035192	0.789135800830322	100042424	Pdcd5
100042450	77.2	65	0.2370002339807	2.52914645094996	6.2390272829532	0.0198081833006028	0.0508539043387056	100042450	Smim17
100042464	3768.8	3903.2	-0.047872059685741	5.21647047759703	0.579587351437144	0.455419912616826	0.585748301918811	NA	NA
100042480	2763.2	2102	0.396573565367827	6.25158566980907	57.2177680118278	2.86393968442035e-07	5.99933104327706e-06	100042480	Nhsl2
100042498	850.4	966.2	-0.194950378520305	4.16943712202065	9.13243678834875	0.0059196686078551	0.0191802040031243	NA	NA
100042503	462.8	525.8	-0.182135200586437	2.56338326980895	4.40714768703001	0.0465674858437333	0.101018526247234	100042503	Ndufb4
100042533	198.4	217.2	-0.132506095750317	2.26976400502694	1.72395505948537	0.201691880385	0.316841043265384	NA	NA
100042561	1996.4	1978.4	-0.00139658540486534	3.66472957369046	0.000431327844347968	0.983603343200865	0.990060672169652	NA	NA
100042625	335.8	366.6	-0.129422477889735	5.31251130907934	5.39045746092209	0.0299777404479414	0.0711842057556341	NA	NA
100042648	4.4	4.4	0.0401539742852728	1.44223849666815	0.105700842666457	0.747930681109129	0.829714998059573	NA	NA
100042715	21.8	28	-0.353028697936318	1.18209267137428	6.46257172840121	0.0179430742335734	0.0469605469056305	NA	NA
100042773	611.4	594.2	0.0394024739064132	4.5186868094914	0.495317678176398	0.488386976069783	0.615068863998662	NA	NA
100042784	198.4	202.4	-0.0347980529063169	1.61754759550396	0.107353679192638	0.758653825862331	0.837909824966216	100042784	Prdm11
100042807	440	387	0.182516282911421	3.56513321040093	7.63210157015322	0.0108701093722627	0.0314799761303718	100042807	Eif3j2
100042880	482.8	495.2	-0.0393430543875635	5.14337240265917	0.678654173526207	0.418221624775454	0.551397917039535	NA	NA
100042918	890.6	871.6	0.0332850514398079	3.3322469550034	0.276703411481109	0.60373287401259	0.714740207284852	NA	NA
100042948	70.8	59	0.266160184665801	0.378733918943496	2.11264906497174	0.159133099328572	0.264441229902872	NA	NA
100042959	2109.6	2329.6	-0.153223281959185	3.43772056326996	5.18380377968668	0.0320747591956682	0.0752122922475971	NA	NA
100043002	120	127.6	-0.0914762269031472	2.82276272470533	0.801540430248724	0.379946482845489	0.513343285011095	NA	NA
100043040	101.8	91.2	0.144287754257464	1.73803472135515	1.86474854606755	0.184833212915886	0.296052666166469	NA	NA
100043072	374.8	369	0.0268329663947764	3.25554760300766	0.177680649615999	0.677153093650975	0.77482352878651	NA	NA
100043074	11	12.4	-0.128800116865891	0.20538993903442	0.446484957814173	0.510431335527292	0.634739075025811	NA	NA
100043133	89.8	96.2	-0.104335667748472	1.40288057768756	0.848840155940684	0.366116892648387	0.499608531565311	100043133	9130023H24Rik
100043172	650.4	676.2	-0.0600024528484049	5.9706558731405	2.13258850867734	0.157259954285301	0.262174189343636	NA	NA
100043184	132.4	157	-0.250915754524563	1.15926720961783	2.06371601624547	0.164710706214505	0.271369947295618	NA	NA
100043189	69.8	88.8	-0.350903881834482	1.31572052784021	9.27019860665944	0.00560835071216361	0.0183816555994587	NA	NA
100043213	108.2	126.6	-0.246492644382051	1.87259929850453	4.17774528586468	0.0521643670577812	0.110765941156628	NA	NA
100043257	304.2	606.6	-1.00909256558036	4.35564174255858	169.161270501022	3.0138376479254e-11	5.14294936839098e-09	NA	NA
100043272	3007.8	2852.6	0.0767154697441919	5.01947532087403	2.95627969992807	0.098512687464193	0.181495230550173	100043272	Inafm2
100043324	3009.8	3152	-0.0707402334388223	4.21804753396504	1.27240571799506	0.27054804038345	0.396880978830696	NA	NA
100043364	0.2	0.8	-0.23669484468135	1.10456217682939	1.9803195232712	0.172342491604642	0.27998632951034	NA	NA
100043387	133.6	131.4	0.0122250169622475	0.438398954699736	0.00538052838907581	0.942138334698566	0.963689381428755	100043387	Gm14305
100043407	59.8	75	-0.326846775549605	1.22809415265803	5.23947523696304	0.0312484962276348	0.0735133080198947	NA	NA
100043462	150.8	162	-0.103570001152049	2.91661447205809	1.18419951901742	0.287450344999797	0.414994031385536	NA	NA
100043468	421.2	434.2	-0.0468289954187055	4.05536233229874	0.723898917429097	0.403338661423216	0.536276056683944	100043468	Zfp955b
100043489	53	59.6	-0.150640192984633	2.35436695608572	2.24627369734717	0.147071446761102	0.248773632707427	NA	NA
100043508	1464.8	1224	0.258341229800153	5.50428793005021	44.1918063103389	7.35845672852789e-07	1.27071844150707e-05	NA	NA
100043571	123.8	137.4	-0.151966166239067	1.07782221802779	1.48711912462278	0.242801868535225	0.365492419059378	NA	NA
100043580	63.6	80	-0.333003285341716	0.6056189731004	5.89631884032489	0.0230991924944268	0.0577140411952368	NA	NA
100043597	6385.8	6132.8	0.056723418832318	7.49887805551978	2.82305693145447	0.105986695952303	0.19247523987724	100043597	Srcap
100043600	890.2	1299	-0.563207062309506	0.699798313286157	8.98186350204175	0.00628178632655396	0.020163655244062	NA	NA
100043670	95.8	79.2	0.279357916047548	0.203261283644118	2.35945797773747	0.137700974207312	0.236690436578961	NA	NA
100043674	702.6	689	0.0343007631276053	3.03609283643446	0.190215746649726	0.666663823170039	0.766507935349156	100043674	Rbx1
100043718	1111.4	1071.8	0.0513111734557496	4.46010973644418	0.576430656523594	0.455767139385916	0.586050131056682	NA	NA
100043757	2155.8	1763.2	0.292971145070791	5.50698477118507	53.3561789931598	1.58791547268526e-07	3.74416480296782e-06	100043757	Zfp831
100043764	9.6	8.6	0.109782799524145	0.562219906542027	0.582157406038846	0.455951833869633	0.586171645179372	NA	NA
100043766	8	5.4	0.502833500294194	0.12917604019136	8.78063312566863	0.00680422684037461	0.0214546890817571	NA	NA
100043771	1851	1609	0.209103599681454	3.75203955736143	12.1316186435557	0.00193603468126902	0.00776128399992721	100043771	Josd1
100043772	652	604.6	0.114957448449183	2.60455887280367	2.14620115831901	0.155996367824568	0.260637094039568	100043772	Zfp850
100043813	6522	7357	-0.176886867606695	5.65360188832983	7.63789425507141	0.0129345515707217	0.0362317845742657	100043813	Rps27rt
100043823	250.2	275	-0.128447456648408	1.4886996747203	1.09278553740717	0.306346022518988	0.435991080099395	NA	NA
100043882	183.8	192.8	-0.0744535293546527	2.54859174131357	0.533360404923997	0.472318609784415	0.600800245166235	NA	NA
100043911	337	398.8	-0.253242812782828	3.13352583384461	11.3901755073248	0.00252496409036424	0.0095764447552151	NA	NA
100043915	66.4	71.2	-0.109751361016046	1.70374037230723	0.92641874641465	0.345463591701888	0.478380030126374	100043915	Gm4631
100044509	23.8	28.6	-0.272847934058588	2.08041847601753	9.12955287821672	0.00592638512219817	0.0191933610925952	100044509	Tgfbr3l
100045469	165.6	132.2	0.335891425000364	2.46117153623761	13.5895726007159	0.00116948958060818	0.00518044817594564	NA	NA
100045653	5.6	9.8	-0.760393791889226	0.123078198964971	14.7813060422149	0.000787413410876332	0.00377238098800348	NA	NA
100045778	25.4	12	1.05605083508732	0.199301925219353	25.7861403652441	3.48258307179237e-05	0.000293169806171735	100045778	Rnf223
100046763	14.6	16.6	-0.259900950976152	1.25388851305629	2.36451425439619	0.137732922600495	0.236717201339781	NA	NA
100048534	40.4	39	0.0732318171513371	0.269857178014175	0.234738603703738	0.632456842779401	0.738211836499244	100048534	Cfap43
100048895	63.6	75.6	-0.257226405213319	0.488149941152678	2.73215957125686	0.111465605209883	0.199965726412269	NA	NA
100049164	60.6	63.6	-0.092444448467539	1.65115895810894	0.593509468824026	0.448637954555275	0.579306213048637	NA	NA
100072	11432	11397.6	0.00431501098108057	8.1768606793651	0.0219405252945154	0.883491984035057	0.925599936350209	100072	Camta1
100073351	10.4	11.2	-0.102400337921681	0.743764443256514	0.370253396057272	0.548624312959093	0.667717734886387	100073351	Yy2
100087	304.2	294	0.0499401998863201	3.20605288086811	0.463936932859108	0.502357223238225	0.627092613081384	100087	Kti12
100088	481.2	475	0.0139971544194687	3.60494048842504	0.0583244010783489	0.811230707706157	0.875104757756907	100088	Rcc1
100090	289	280.8	0.0493864211748193	3.43202841453855	0.334726220598469	0.568531654948018	0.684885464568369	100090	Zbtb48
100101806	1628	1720.2	-0.0826956525768642	5.68246603052441	2.98306485378001	0.0972777097644843	0.179664198432897	100101806	Srp54b
100101807	48.2	51.2	-0.0956733229769772	1.61070541469613	0.596690835784735	0.44743934107645	0.578224335055818	100101807	1700047I17Rik2
100101919	293.4	350.2	-0.250721893914379	2.93200345535815	9.08544758139456	0.00603015324723156	0.0194814114965322	100101919	Dnah7c
100102	260.4	567.4	-1.14334221356347	2.30536956306497	118.297452835522	1.01366129527033e-10	1.33195094198522e-08	100102	Pcsk9
100113398	160.4	131.8	0.308587739157988	0.270134718022519	3.70312149043255	0.0663351725300512	0.132964718312212	100113398	Adat3
100121	1071.2	1170.4	-0.128739719919338	5.24612709438291	12.9763496293838	0.00144161723903548	0.00610880550367012	100121	Tdrd7
100124467	64.2	58.2	0.14224938661004	0.522382639712523	0.820487038369353	0.37410801795962	0.50749481854419	NA	NA
100125263	308.8	463.6	-0.596867453784127	3.97021099846841	89.2751119797283	1.57774110965737e-09	9.7455854696528e-08	NA	NA
100126034	2	2.2	-0.0465544072330543	0.451184873876104	0.071050847386954	0.792106396482803	0.861353133822031	NA	NA
100126243	402	402.4	-0.00855270240740451	2.55492031955782	0.011819125428911	0.91433839292702	0.945827198797301	NA	NA
100129	277.2	330.8	-0.252624993553433	4.78621516063019	19.728900396262	0.00017511085063722	0.00110333576072815	100129	Gpr153
100141474	125.4	136	-0.118881251239547	1.66120517654179	1.0319308926933	0.319911663960965	0.4509023101796	100141474	4933428G20Rik
100163	650.4	889.2	-0.449399575550956	3.38441638306063	17.1843413373541	0.000594168437610449	0.0029965494058693	100163	Pafah2
100169	755.8	696.8	0.122991970075411	3.57167124852629	1.85249375769441	0.188092266932014	0.300075676184915	100169	Phactr4
100177	924.8	926	-0.00040707121635817	5.09650833333041	8.6980995204323e-05	0.992636408038175	0.994656618828129	100177	Zmym6
100182	225	219.6	0.0510129501797902	2.46961292920629	0.379317192644873	0.543808785710802	0.663981431716838	100182	Akna
100198	576.8	712.2	-0.314226992575235	3.53030508810441	16.9672141000215	0.000394533443176401	0.00216416940708603	100198	H6pd
100201	2070	1847.4	0.163696089552967	6.06044710210338	16.5564732018885	0.000447804696226311	0.00239458715473737	100201	Tmem64
100206	568.4	595.2	-0.0683969226303129	4.08079494118777	1.78139693710841	0.194594085683194	0.308135726825688	100206	Adprhl2
100210	261.8	263.6	-0.0142857814520323	2.77501836097553	0.0396798939212757	0.843798076184255	0.897553173327947	100210	Gpn2
100213	5200.8	4952.8	0.0704916611980361	7.27300759042996	4.96877425101164	0.0355034558113754	0.081552543859634	100213	Rusc2
100216343	5.4	4	0.31661003070413	0.315549285255422	2.81987418117459	0.106173157379416	0.192688009975356	NA	NA
100216534	158.8	140	0.172969912994917	0.962791631480287	1.05114492831338	0.315607303478459	0.445878991738603	NA	NA
100216537	45.2	31.4	0.527948508986803	0.282854459783608	11.8456211357842	0.00214323179688963	0.00839974847945846	NA	NA
100217417	1872.6	1692	0.178914817369044	0.152618858138458	0.783159355610597	0.385021470286788	0.518332769836734	NA	NA
100217420	33.2	39	-0.229962890461284	0.777630851149123	2.32441482528446	0.14052420339777	0.240485062267508	NA	NA
100217469	952.8	787.6	0.292317645881279	2.24841011893436	10.6517861372403	0.00331150668923332	0.0120051461465208	NA	NA
100226	8620.6	8627.6	0.000468108384320147	7.12040368901746	0.00019251966092271	0.989045132900744	0.992867129234873	100226	Stx12
100233175	144.4	98.4	0.547187554978501	1.00184421092712	11.58898149265	0.00234989657501009	0.00904297260255479	100233175	Gon7
100271841	87.4	83.4	0.0683319380315948	1.54700718395594	0.411077943801799	0.527543200127916	0.649719616108461	NA	NA
100273	2128.4	2145.4	-0.00994856003289612	5.82280038595592	0.0939899305928504	0.761828203843337	0.840249130740297	100273	Osbpl9
100302730	617	530.2	0.222914174893436	4.95448106726151	23.9448472560536	5.55149138257378e-05	0.000427269736122052	NA	NA
100303647	3398.2	3233.8	0.0745472295462046	4.80391995771005	0.882058117399159	0.360852487847661	0.494244466914631	NA	NA
100303739	37.2	52.2	-0.456800099123783	0.741698247729789	7.83347121840294	0.00999690551323026	0.0294972302066464	NA	NA
100310872	27.8	30	-0.11146547895526	1.41212038590601	1.09161464699203	0.306599589835879	0.436094319178094	100310872	Dynlt1a
100316681	9	7	0.343077731698957	1.01893441868045	5.76779693657855	0.0244863927854143	0.0605171283643515	NA	NA
100316903	298.4	212.8	0.486556168554035	0.660492368016287	12.1822869825637	0.00190166168586029	0.00765643955638569	NA	NA
100316932	67.4	80.8	-0.239797329542637	0.873963402214668	2.37862805146123	0.136185050472571	0.234586904961333	NA	NA
100317	3082.4	3292.4	-0.0956278944937839	6.42507598984512	9.6920372267201	0.00476150032264872	0.0161745536224594	100317	AU040320
100336	1034.8	967	0.099460196772321	5.17575109377594	7.45365134185169	0.0117144981008894	0.0334627184881927	100336	Ppp1r8
100340	11	11.2	-0.00500846735075328	0.985768373587833	0.000497381485414993	0.982467144268657	0.989173871778989	100340	Smpdl3b
100380944	309	323.4	-0.0710527149735294	1.0054233864904	0.311510542444296	0.581962450582098	0.695985872969854	NA	NA
100382	3.4	4	-0.187175333505206	0.907950376025821	2.21036308012249	0.163622970328598	0.270070390902084	NA	NA
100383	2488.8	2602.2	-0.0649583333145638	6.05040522363782	2.5532838635046	0.123245305199655	0.216345353577339	100383	Bsdc1
100415787	255.6	304.2	-0.256330045758938	3.12086847975611	10.4735882495319	0.0035391749365227	0.0127125334325296	NA	NA
100416706	616.4	648.8	-0.0792601294934854	2.75566810059307	0.549763157123902	0.466133628917553	0.595325848610649	100416706	Zfp729b
100418235	205.6	247.4	-0.262691302732936	2.77325532662923	10.2634753088935	0.00382987578155354	0.0135678981731801	NA	NA
100434	1074	1080.6	-0.0119268212337853	5.32985481339571	0.0597278721688696	0.809019118119065	0.873397642798988	100434	Slc44a1
100463512	43935.6	33772.8	0.376466534342379	5.21278470126068	3.53868921461222	0.0861589159218191	0.16360233456831	100463512	Gm20594
100465	191.6	178	0.10335988936579	2.61301640700925	1.65608177116056	0.21049712504195	0.32722364437044	100465	Mob3c
100494	1943.8	1794.6	0.114155901041758	5.48774330268961	9.17670061246848	0.00581762076737306	0.0188834247858995	100494	Zfand2a
100499517	75.2	77.6	-0.0311247791839601	1.43394694646482	0.0657090598549739	0.79989059016743	0.866798312950273	NA	NA
100499530	443.6	387.8	0.20376506815538	2.75348068641483	4.51475327188461	0.0441777631518128	0.0969402442077276	NA	NA
100502619	57	39	0.528201313598264	0.228232428097818	10.3501477958283	0.00370690891079151	0.0132132333900322	NA	NA
100502649	84.6	102.4	-0.306535957403512	0.75453624315483	4.41663170286554	0.0463511179664112	0.100594453316292	NA	NA
100502686	140.8	135	0.0279427673066897	0.964087347600538	0.0377234970397337	0.847646049813317	0.900145176989324	NA	NA
100502698	5873.2	5460.2	0.105413369378808	6.75384677714959	10.9413487452643	0.00297498411771866	0.0109611064077251	100502698	Rubcn
100502705	157.6	194.2	-0.318254457761349	2.16061477499641	10.9834245496051	0.00292927818294427	0.0108313601576558	NA	NA
100502741	85	94	-0.142774641493139	0.930816598439373	0.773638137999164	0.38788000284368	0.521333230528412	NA	NA
100502751	6.8	8.8	-0.322136350350012	0.414553433827019	3.6419887922767	0.0684601508567401	0.136297936705692	NA	NA
100502763	71.2	61.6	0.212689874242721	2.25985637750847	4.05420875971699	0.0554906745220961	0.116178355522477	NA	NA
100502766	59.4	64.8	-0.129961493395904	0.820148315587537	0.756280122436142	0.39317281745228	0.526211413268866	100502766	Kifc1
100502768	432.2	341	0.348936226181592	3.50158724537399	18.314735105715	0.000274979090900045	0.00159941560558119	NA	NA
100502772	191.2	184.6	0.0558708320819094	2.90284660705419	0.523924076128493	0.476220533082025	0.604379802421527	NA	NA
100502774	1896.4	2452.6	-0.377231336623162	3.3391591240402	24.9192061299588	4.32748136376109e-05	0.000349048078302471	NA	NA
100502777	18.2	21.8	-0.31084499648462	0.44473596074885	1.77535722091547	0.196917953842959	0.311235878058626	NA	NA
100502789	0	0.2	-0.693673227885954	0.19538810442514	10.2352655764474	0.00387085621374855	0.0136929407032603	NA	NA
100502796	136	144	-0.0689977666323446	1.5922068787361	0.291498815053926	0.594272929627917	0.706286150151649	NA	NA
100502811	113.6	146.8	-0.419306080997254	1.1932484268372	9.89278398994492	0.00440860262127451	0.0152081007847021	NA	NA
100502813	24	38.2	-0.594067314501898	0.1596400066374	10.8964540368515	0.00302461384222806	0.0110958803237473	NA	NA
100502825	2299.2	2306.2	-0.00553084585791261	6.66958527396031	0.016247561542765	0.899679301376656	0.936682606216105	100502825	Rpl37
100502828	76.6	64.6	0.20110815738697	1.16816862224783	0.840729395544554	0.371883695835507	0.505616305108307	NA	NA
100502829	1272.6	1187.2	0.0997564177429256	4.74323075765256	5.00889925848217	0.0348337204764997	0.0803649793722787	NA	NA
100502835	111.8	117.4	-0.0533003393390648	1.10862838032146	0.175571611055693	0.725222038825457	0.812585996060709	NA	NA
100502841	813.8	841.2	-0.0378968627546458	6.09562382794607	0.177760842995599	0.680316159546262	0.777581035116374	100502841	Epg5
100502846	2692.4	3126.2	-0.217056769692585	6.59521010145478	15.0712234792175	0.00110921354831966	0.00496825925857215	100502846	Gm19410
100502854	1147.8	949.8	0.276960894538342	4.14577952563346	18.1049911767254	0.00027980413890397	0.00162225793169594	NA	NA
100502861	119.6	109.2	0.14377663654918	2.59654911041971	2.5716448383514	0.12197107785416	0.21459278139457	100502861	Ccdc13
100502895	65	12.2	2.2150199372711	1.25108746872694	155.430167533739	1.30228562836048e-11	2.85200552610945e-09	NA	NA
100502897	57.6	65.2	-0.187341292059213	0.994317432784809	1.80135212911052	0.192200672545609	0.305215174793917	NA	NA
100502898	2.2	2.6	-0.321948660214605	0.625299693124546	3.02319563313559	0.0949902777138734	0.176227631122619	NA	NA
100502925	91.6	101	-0.154638209509657	0.400404439488253	0.921866132422575	0.346629331136083	0.479416416454917	NA	NA
100502933	12.2	13	-0.0592237778287354	0.281461524300916	0.0957298663047103	0.759705300166475	0.838560660788881	NA	NA
100502938	179	143.4	0.342699125272431	1.06382821733523	6.58015972467772	0.0170406962016516	0.0451441024374399	NA	NA
100502943	1.4	1.4	-0.0835260374702716	2.23784250632425	0.650167935719135	0.428028669842045	0.560442648237786	NA	NA
100502982	18.2	30.2	-0.697875213012205	0.505901436646052	13.760754158407	0.00110392461846597	0.0049507063094344	NA	NA
100502987	1611.8	1822.8	-0.181056869754167	5.23853836575179	6.15169233506656	0.0240472442828072	0.0596190169577522	NA	NA
100502997	579.8	623	-0.079095030062701	0.482761540802354	0.287119973878225	0.647021984899891	0.749680425955654	NA	NA
100503024	46.2	41.2	0.155210223359756	1.09824247189266	1.7134955820431	0.212150477439601	0.329404125138252	NA	NA
100503041	180.8	130	0.48053545348758	3.37493370543301	48.750513743384	3.34750767691581e-07	6.72012166140848e-06	100503041	Pdzd7
100503043	2282.8	2638	-0.207915265387805	6.51837192721454	27.4632681761194	2.31346962752126e-05	0.000210043278870554	100503043	Armcx4
100503044	25.6	5.4	1.90544329179029	-0.43935228509732	67.8731804015791	1.97642790797451e-08	7.12401221492857e-07	NA	NA
100503060	31.6	25.2	0.323723581132614	0.792728852287183	4.11261137797181	0.0538891526401724	0.113560841560148	NA	NA
100503068	6120.6	5219.6	0.23066377127452	5.52389467597663	21.9296297248784	9.59919871208073e-05	0.000667001823506025	NA	NA
100503085	917.4	649.8	0.506078354797808	4.75871466875868	84.6202315236508	2.61654952555669e-09	1.47158003277807e-07	100503085	Klhl3
100503101	117.4	87	0.44003556432434	2.24317512989891	18.4137102866141	0.000255346414034121	0.00150462077059698	NA	NA
100503152	89	78.2	0.182122632641309	2.93258030637593	3.47376985877809	0.0753300524433157	0.146979019710541	NA	NA
100503178	207	226.4	-0.130792974004692	3.12607692405571	4.74085059053443	0.0395924658738836	0.0889146747002526	NA	NA
100503185	14.8	20	-0.428816049740083	0.303234882596628	6.64742901867853	0.0165471266673412	0.0441114291497141	100503185	A830010M20Rik
100503192	107.6	98.8	0.109096333948967	2.3382298739272	1.16773030206097	0.290686268654057	0.418567376681185	NA	NA
100503212	31.8	39	-0.260975906737629	0.683866838670252	2.62206677260214	0.118550688073485	0.209478196260899	NA	NA
100503222	271.2	292.6	-0.109021635551975	4.08673491892765	2.02522085241776	0.169027686312508	0.276090651820656	NA	NA
100503292	640.4	833.8	-0.350739517119454	0.273118504193039	4.07534362466029	0.0549049762539465	0.115197637795695	NA	NA
100503307	17.4	26.8	-0.657577217060979	0.00634514286928145	13.6894569320692	0.00113073217548144	0.0050318974336234	NA	NA
100503318	65.6	84	-0.362098311133747	0.275025179012708	5.05138545062938	0.0341399364218114	0.0791306351893622	NA	NA
100503334	192	190.6	0.0113719458089446	0.426334391412751	0.00547971284568226	0.941608465067182	0.963608662849125	NA	NA
100503347	43	44.6	-0.0472068965289091	2.14850312639045	0.304483308220962	0.605666422401924	0.716274134298594	NA	NA
100503353	141.2	171.8	-0.300344635875469	0.434707746916081	2.65942221469358	0.116089115632548	0.206010077023063	100503353	Gm14440
100503377	412.4	332	0.323693394790299	2.64869736008967	13.853170466864	0.00107020267211419	0.00482643039711032	NA	NA
100503379	152	148.2	0.0286616378041461	1.34206576299723	0.0518241490580469	0.821861357684923	0.882226815000214	NA	NA
100503380	282.2	289	-0.0334014676014959	2.68120514782733	0.177741682855271	0.67710097380502	0.77482352878651	NA	NA
100503386	60	68.2	-0.171208430105806	1.68271136240448	1.76192439911348	0.196965116511846	0.311259823911854	100503386	Tpbgl
100503393	204.6	153.4	0.427000858442625	2.05208181021287	20.224796361187	0.000151458223352316	0.000976439411389103	NA	NA
100503394	158.8	200.2	-0.456229200570792	0.466793776764705	4.76989993023105	0.0393005933990569	0.0884201189053385	NA	NA
100503424	2.8	2.4	0.0672974464204032	0.873455482625935	0.231237005439531	0.634994875903006	0.740089318392724	NA	NA
100503435	173.8	177	-0.015630168094925	0.620446681675121	0.0080536115495658	0.929242509628943	0.956234603031236	NA	NA
100503437	174	184.2	-0.0602865266872143	1.66273198029133	0.284712743146499	0.598572345767017	0.710150593919106	NA	NA
100503469	29.2	17	0.715362133446234	0.207428158440066	21.2987935358527	0.000112332273615102	0.000760136087468483	NA	NA
100503571	96	97.8	-0.0601604960726343	1.32858859123706	0.187725649757815	0.668713982533742	0.767846815480443	NA	NA
100503572	2791.4	2735.2	0.0282252682119975	5.17278502934843	0.65091860625063	0.427765675712849	0.560251014188011	100503572	Bbip1
100503578	128.2	115.2	0.152770978834064	2.54235426879771	4.65130419032703	0.0413413389197537	0.0918880074959435	NA	NA
100503588	78.2	81.4	-0.0515375297050097	0.720891580551085	0.136669214308127	0.753168788543406	0.833638170215396	NA	NA
100503597	208	184.6	0.158288053707937	2.32382016574372	2.8489890135942	0.104481586735359	0.190342431897262	NA	NA
100503605	232.2	232.6	-0.00497124344245364	3.28106695817359	0.00184895496816728	0.966190896680565	0.979129441255058	100503605	Hbb-bs
100503607	950.8	1343.2	-0.49395262615475	4.21995100760273	66.4383780771872	2.39091327896848e-08	8.31573173031548e-07	NA	NA
100503615	16.2	19.4	-0.235631480694676	0.238976471467097	2.06902410029981	0.172983514709553	0.280838337820047	NA	NA
100503620	33.8	58.2	-0.772093990909915	0.211626250035193	23.6333961217102	6.01843628136147e-05	0.000456642929190544	NA	NA
100503626	16.4	15.8	0.0861117658138848	0.550400218381787	0.327578012046286	0.572450729000624	0.688197857188307	NA	NA
100503632	412.8	502.8	-0.28849479478414	0.552135093418712	4.11054190728062	0.0539450005210827	0.113628830884834	NA	NA
100503636	83.4	89.6	-0.12663100205066	0.838117832140346	0.876749225052447	0.358488969946766	0.492079731397014	NA	NA
100503642	1080.4	1004	0.111190971979169	4.18552951394577	0.735402449275004	0.406606886348439	0.539826943628211	NA	NA
100503659	5104	4913	0.0553258722429308	7.90897318476296	3.51699417681479	0.0730511694922138	0.143403721830838	100503659	Cbarp
100503670	491.2	534.4	-0.111693158704227	2.33265642572593	1.61840177089761	0.215592297430348	0.332995412166943	100503670	Rpl5
100503704	351.8	293.6	0.300875549338644	0.888214331003388	4.28404206196859	0.0494817766878822	0.106035522645908	NA	NA
100503714	354.2	403.2	-0.192079713923672	2.84783129856205	6.25688069597121	0.0196515905773894	0.0505326614847155	NA	NA
100503720	31.8	35.8	-0.201521538518643	0.283241478193679	1.19693595977601	0.284873547416702	0.412044656695788	NA	NA
100503724	167.2	219.8	-0.394960513548658	3.45773639065541	25.9476910174094	3.34592332406461e-05	0.000284649651124366	100503724	Dnajc19
100503793	163.2	118.8	0.471018050151549	0.878834889347307	11.2191881544446	0.00268696983320577	0.0100884658825582	NA	NA
100503802	1921.6	2197.2	-0.19636078950924	6.10612329293366	32.190315209706	7.84699699095691e-06	8.7045659637215e-05	NA	NA
100503822	433.8	443.6	-0.0322195570957482	3.56335809100112	0.217851166722497	0.644922325109389	0.747890507632471	NA	NA
100503823	953.2	999.8	-0.0490953100988039	1.92177309743682	0.224160264298373	0.640197802998309	0.744274629928455	NA	NA
100503830	120.2	112.8	0.108272088137239	1.615844558275	0.879098551086898	0.357857284418797	0.491352635032706	NA	NA
100503842	115	134.8	-0.334087002073458	0.360042044050869	2.73114296594427	0.111528724760005	0.200054131010314	NA	NA
100503848	4.6	3.6	0.16931739276605	0.249797026057884	0.99160618391375	0.329357312788861	0.460672646456799	NA	NA
100503849	241.6	323	-0.41035381803918	1.19538232293172	12.9556352607172	0.0014519422920036	0.00613995725237565	NA	NA
100503869	50.8	74	-0.499120595373339	-0.0569113457889325	5.87922432182731	0.0232785641598739	0.0580818861327149	NA	NA
100503871	104.6	197.4	-0.935653730480016	1.64758936780763	49.306896449959	3.05134961127518e-07	6.25098198563899e-06	NA	NA
100503874	656.2	790	-0.293708505797382	0.53006067531777	3.84612137038908	0.061651253511011	0.125951550282424	NA	NA
100503884	3097.8	3005.4	0.0417164304428224	5.98431655885206	1.4858189660547	0.234798612585845	0.356264869443188	100503884	Ccdc149
100503890	95.6	93.4	0.0316496831435026	3.81588140536554	0.263874940996403	0.612202026187134	0.72235409392592	100503890	Pet100
100503911	1319.8	1188.2	0.156697578156067	3.63113993716505	5.79050099401801	0.0242347478789487	0.0599912734787334	NA	NA
100503918	194.4	58	1.61983636461214	-0.0378662743729179	67.792691755792	1.9974885889192e-08	7.18201494135277e-07	NA	NA
100503924	61.4	70.8	-0.183543516277975	0.292985713882405	1.27351047172832	0.284769061711791	0.411975980180386	NA	NA
100503956	1923.6	2040.8	-0.0865183445275386	5.95284925753859	5.61421347432206	0.0262669708963076	0.0639917069501483	NA	NA
100503962	121	151.2	-0.31780784276763	2.12479146606848	12.1584061813812	0.00191777847165162	0.00770630248241661	NA	NA
100503974	63.4	63.6	-0.0252864698248376	0.90837940495468	0.0285787912794625	0.867182398599103	0.913975090371258	NA	NA
100503981	288.4	332.2	-0.210477161681768	4.47082350172924	10.0765593613854	0.00430532897458517	0.0149338192941334	NA	NA
100504017	1269.2	1259.4	0.0123511610384706	4.83255471839871	0.0280816435179681	0.868785550464546	0.914797577505249	NA	NA
100504040	67.6	88.4	-0.401473366195766	1.93211878434122	16.0230860599406	0.000528995840921921	0.00272394224605823	NA	NA
100504048	213.4	334.4	-0.670358891754488	1.13021403304213	22.8670312789224	7.35943958633045e-05	0.000534002709743074	NA	NA
100504084	54	43	0.319320128825056	1.34036695979735	3.69242398432497	0.0680669670578306	0.135664636218131	NA	NA
100504089	840.4	751.6	0.162454224040341	4.06782238262091	8.85130903540133	0.00661549162441985	0.0209891982389844	NA	NA
100504101	211.4	209.4	0.00205911414393379	2.61994386049898	0.000515366657174958	0.982077302286627	0.988850249198949	NA	NA
100504114	2	2.6	-0.241914432320379	1.29272584271209	1.44554487916515	0.243888501653443	0.366616320283073	NA	NA
100504116	239	229.6	0.0606111231718352	3.39448774770349	0.810623229417446	0.37694747155437	0.510579960064368	NA	NA
100504131	249	320.8	-0.417704344533128	0.167599146694879	5.95163890192459	0.0225291628440977	0.0565399479872564	NA	NA
100504156	6.4	12.4	-0.923651783577226	0.574166011100995	28.4668158634107	1.82338483127052e-05	0.000172934411753177	100504156	Fam181a
100504166	149.6	169.8	-0.189506995197501	3.0904596480294	6.33575177488709	0.0189760362641034	0.0490573471939458	NA	NA
100504186	340.6	343.8	-0.0154701398934128	2.16276233201534	0.01661093616958	0.898546854584897	0.935961609487056	NA	NA
100504195	427.4	239.8	0.831471543413213	2.10430170344889	55.3928204982396	1.15840697753364e-07	2.90687750924848e-06	100504195	Micalcl
100504196	727.2	1095.6	-0.592201626166963	3.67727091218083	75.8925233614857	7.18944568702855e-09	3.18761496810769e-07	NA	NA
100504225	178.8	142.6	0.32295716492027	1.81598708519252	12.3694384261997	0.00178035924621835	0.00726724443514262	NA	NA
100504230	48.8	59.4	-0.290499517079348	0.0971070031776284	2.35652002327867	0.137935065813757	0.236951918382701	NA	NA
100504262	29	26	0.135237206078762	1.03737120189389	1.01071537667332	0.324833960587248	0.456079093958184	NA	NA
100504266	28.8	24.8	0.213713294786506	0.167188154602627	1.33816839043106	0.258825135938782	0.383453054428688	NA	NA
100504278	6.4	10.2	-0.676586327445963	0.0119509646423862	11.3609486228856	0.00255188177893714	0.00965573278344435	NA	NA
100504305	245	222.2	0.146053868771583	0.928537396384053	0.924674216552895	0.345909641200641	0.478722515694567	NA	NA
100504329	759.4	912.2	-0.263538649690152	3.90547120334912	13.3173680245209	0.0012860509153012	0.00558886949181106	NA	NA
100504344	8.4	7.6	0.163731055189185	0.722988990306016	1.31813735954981	0.262324654851077	0.387331167437005	NA	NA
100504350	573.6	437.2	0.37559921966024	2.87584727143099	23.1966551727525	6.74657167395401e-05	0.000497525239670058	NA	NA
100504360	199.2	212.6	-0.109540003652114	0.767296830148789	0.551469625785675	0.464977549355098	0.594391571449419	NA	NA
100504381	40.4	46.4	-0.165356405652423	0.533889423983509	1.1680546395349	0.290620854300894	0.418567376681185	NA	NA
100504389	155.4	242.6	-0.687315266841954	1.38351103467071	30.1131568993958	1.24655179618375e-05	0.000127784820298155	NA	NA
100504395	205.8	183.8	0.171609152608472	2.84114591585885	3.34138972512106	0.0801083983263442	0.154508512064182	NA	NA
100504402	46	47.4	-0.0369618444010126	0.98291177023177	0.0635463843367617	0.803138088575105	0.86923875062962	NA	NA
100504412	73.6	84.8	-0.204257021575667	1.68323192937243	3.35752881698654	0.0794281818240765	0.153483280760054	NA	NA
100504421	620.6	670.4	-0.0988576038093239	2.23438220988091	0.954222447234463	0.338462357994947	0.470669128579851	NA	NA
100504423	147.4	138.2	0.0881278184299016	1.58575081291244	0.536969647899603	0.470840251147955	0.599447281783894	NA	NA
100504425	606	241	1.31302477894101	1.81017906432357	183.872467765904	1.07384588184182e-12	3.52758372185038e-10	NA	NA
100504446	0.2	0.2	0.178007178018812	0.385014620111007	0.798420818888188	0.380503864398955	0.513808189090294	100504446	Prr22
100504467	31.6	38.2	-0.259019937225903	0.991186845209268	3.57740076673097	0.0707899729336841	0.140164146408695	NA	NA
100504475	8.8	13.8	-0.591558479336558	0.121650597285542	9.75320888494116	0.00465079249028501	0.0158580298044932	NA	NA
100504487	30.4	33.2	-0.150071368643408	0.886958746261651	0.799552820737273	0.380171880881244	0.513503818919493	NA	NA
100504491	972.6	958	0.0241070674224352	3.83936498140981	0.147911166324954	0.703951279790097	0.796804227947735	100504491	Dcdc2b
100504519	54.2	64.6	-0.241236610473847	3.09204792912329	7.22295709353844	0.0129317786579172	0.0362310387132263	NA	NA
100504527	283.4	361.6	-0.35446926605234	1.3369918191348	6.42864647561657	0.0182131589944779	0.0474500721171923	NA	NA
100504533	1682.6	1609.4	0.0700960424336114	4.40451776477085	0.70842510814748	0.411118215381208	0.543818311075316	NA	NA
100504561	473	513	-0.0719131517732448	0.551801761070877	0.232271286803682	0.669697318442308	0.768665531705322	NA	NA
100504564	147.4	104.8	0.477987168054146	1.75027265162555	18.436140240228	0.000253662340664211	0.00149711534175602	NA	NA
100504586	1389.6	1283	0.121674088044331	4.53020226369541	2.81520696765428	0.108934458461695	0.196522549002163	NA	NA
100504628	448.6	463.8	-0.0639360174099419	1.40599379013966	0.11298755229781	0.740563404382635	0.824280259275112	NA	NA
100504632	3360.8	3408.2	-0.0196736732122212	6.77312617760855	0.229544585426089	0.636230118726917	0.741173618858248	NA	NA
100504640	651.4	659	-0.0198669431892444	4.19117921734377	0.0824442179895835	0.776581812475269	0.850872765124131	NA	NA
100504641	527.6	707.2	-0.436397921763493	0.831759055172799	9.55050272710469	0.0050288836487419	0.0168765925839135	NA	NA
100504651	25.4	39.2	-0.642562196941337	0.571794118327162	11.8327095874184	0.00215314067498326	0.00843266904163407	NA	NA
100504654	925	800.4	0.216308611451741	4.75490134248015	9.84896416738491	0.00515207645597925	0.0171692088456406	NA	NA
100504663	1882.2	1738.4	0.11570230908795	4.5878311668447	6.06371690695037	0.0214215429218952	0.0541874311153437	100504663	Atg14
100504674	11.6	11.4	0.0411392012337068	0.772374279652426	0.0693537006466369	0.794544462665396	0.863030409811801	NA	NA
100504687	529	777.6	-0.567490388891067	3.87748254638158	74.9688110682835	8.04299655697267e-09	3.52283249195403e-07	NA	NA
100504703	5.6	10.8	-0.911304685449003	-0.0305081707050544	14.9532908790608	0.000744573386047345	0.0036029674328518	NA	NA
100504715	833.2	875.6	-0.0683602351140698	4.10622905208447	1.44843579127311	0.240602049655292	0.363098443748359	100504715	Tmppe
100504717	106.8	118	-0.134299764687896	2.01445715039575	1.83879948777459	0.187806183461209	0.299718513387249	NA	NA
100504734	29	39.2	-0.419396123263622	0.061296436601309	5.63677616158322	0.0259965881444868	0.0634720751757454	NA	NA
100504925	125.2	121.4	0.0413608098758619	1.81525367960235	0.194282846009627	0.708126591308699	0.799603487394351	NA	NA
100505050	3653.8	3356.4	0.122893511114412	7.04618687103426	11.6104906832953	0.00233176567939947	0.00899235355657414	NA	NA
100505179	56.6	61.6	-0.101792510429702	0.196986165660897	0.313691439397521	0.58065258955558	0.694936865896858	NA	NA
100515	434.2	477	-0.133660012577556	4.32557719652798	5.13806385048829	0.0327718999162318	0.0764810717516616	100515	Zfp518b
100526466	12.8	12.8	-0.0327439321385043	0.235747909762204	0.032028974039838	0.859477362070792	0.908624512438328	NA	NA
100526467	510.2	560.4	-0.142843744033085	0.182835887459112	0.64166029268649	0.431027003977121	0.563347889997767	NA	NA
100526469	210.8	188	0.163397089838936	3.02422995787349	3.75329199744582	0.0646472380257002	0.130395084904196	NA	NA
100526796	122	123	0.0166798600041307	0.280601708656855	0.00564193651711377	0.940784372643187	0.963106262637909	NA	NA
100532	122	132.2	-0.124626542277197	3.83138854327706	3.5377916220948	0.0722634753186015	0.142301944448919	100532	Rell1
100532730	48.4	70.8	-0.575187823747675	1.74185830106789	25.5057525205591	3.734381850104e-05	0.000309322379721508	NA	NA
100561	2455.6	1966.4	0.326274896081036	4.09864207641021	31.7900596360592	8.56689110356005e-06	9.3242352417814e-05	100561	Slc15a4
100604	1247.6	893	0.488939154410047	3.87738370544269	54.0388351024315	1.42728392565267e-07	3.42690396368499e-06	100604	Lrrc8c
100608	713.6	725.4	-0.0277217781723723	4.32234815727143	0.26507904438673	0.611396067231772	0.72157416149	100608	Noc4l
100609	594.8	634.6	-0.103056025667785	3.24165498702723	2.32355176673004	0.140594598289216	0.240566265761325	100609	Nsun5
100616095	75.8	85.2	-0.194948621692391	0.643188627159518	1.73735152516624	0.20000831297499	0.314675101310602	NA	NA
100637	4149.8	3870	0.10028676082793	4.96245157154129	3.06910952626166	0.0931314884023163	0.173603628239242	100637	N4bp2l1
100662	292.2	267.8	0.122106206075861	4.51494048114667	5.25909562416064	0.0309629799779357	0.0730675775675236	NA	NA
100678	601.8	578.8	0.0573972526774484	3.7216753986729	1.02496310276445	0.321516917845452	0.452591111271734	100678	Psph
100683	6149.2	5755.6	0.0960093257874061	7.91965871870558	9.22030393139228	0.00571897958780475	0.0186605984979823	100683	Trrap
100689703	78	102.2	-0.390949569585679	2.35742079787883	21.8768393666869	9.59448678176542e-05	0.000667001823506025	NA	NA
100705	197.6	129.8	0.60739400165338	2.47596590949343	33.8928458405764	5.44091902130398e-06	6.46735555377695e-05	100705	Acacb
100710	3224.6	3053.4	0.0784733705681545	6.80237347605823	7.12375843058242	0.0134725771663707	0.0375257058810752	100710	Pds5b
100715	508.6	514.2	-0.0181719609446369	3.48426285718132	0.0807854371495165	0.778691583589519	0.852413803920203	100715	Papd4
100732	7973.2	7842.8	0.0239091493468135	7.52825232431746	0.816913272118717	0.37513317264461	0.508551385988107	100732	Mapre3
100737	5580	5858.6	-0.0702279101612343	7.06828346026408	4.66403924086897	0.041087410853903	0.0914755486243977	100737	Dcun1d4
100756	1154	1257	-0.126059391724681	5.27312428645616	8.66521606127494	0.00712527928491077	0.0223015995634691	100756	Usp30
100763	6022	5911	0.0259767314745865	6.77992913752968	0.80451224316632	0.378722413488158	0.512310583997967	100763	Ube3c
100764	464.8	435.8	0.0923659849411851	4.03430710578426	2.61082912881749	0.119303142590222	0.210704743768214	100764	Rita1
100855	5320.4	4400	0.275866166800309	6.75278102542849	46.0866740242089	5.27017230295146e-07	9.67917032615762e-06	100855	Tbc1d14
100861531	245	204.8	0.250369643074986	3.85781824620995	13.4320000000918	0.00123360925443638	0.00541469424950605	NA	NA
100861633	266.4	166	0.684577869982787	2.36735777178974	61.8215083807936	4.50816121783043e-08	1.37761019540214e-06	NA	NA
100861634	79	73.4	0.0939338859059267	2.99567294546861	1.75333005489969	0.198022923193121	0.312435687352186	NA	NA
100861652	286.6	270.2	0.0811047295432029	3.47242510370877	1.5643732077908	0.223170750266177	0.341996397831565	NA	NA
100861653	11	10.6	0.0350591138693231	0.730230836486207	0.0534845227783258	0.819081923747798	0.88048565564857	NA	NA
100861722	3429.2	2787	0.311968033435223	4.2638885184603	24.4984389162259	4.8157555032044e-05	0.000379122712654229	NA	NA
100861725	126	117.6	0.0902661200475449	2.73458460006862	0.755334592624312	0.393769851406555	0.526800206611472	NA	NA
100861733	1001	910.8	0.141734602503871	2.06601880047101	1.38368304643738	0.251139617689208	0.37484165976604	NA	NA
100861736	17.6	20.6	-0.250879484117165	0.16107650983088	1.92002284271395	0.178690041343367	0.288321707700047	NA	NA
100861753	5.4	5.8	-0.112717352926747	0.498799363582109	0.505961725849704	0.483799168778953	0.611315078724625	100861753	Gm21188
100861774	1629.2	1682	-0.0493836785660642	4.54752707291082	0.703729445171432	0.409872035062823	0.542705755341491	NA	NA
100861793	24.2	23.2	0.0202564615845508	2.03848057969733	0.0185692289651695	0.893008719178001	0.932087523613434	NA	NA
100861803	129.8	108.6	0.256229569292894	2.41942907841298	7.73791828852316	0.0104012239556996	0.0304392166543191	NA	NA
100861830	22.6	16.2	0.473271384653259	0.761696516105205	9.32506697950603	0.00548939653954213	0.0180899352965547	NA	NA
100861837	3.2	3	-0.0170339733434422	1.66647576954414	0.0124884502288008	0.912054259112021	0.944599617455227	NA	NA
100861840	5	6.2	-0.335954829609547	0.446937662860562	2.79956561755872	0.107371971433311	0.194431780894146	NA	NA
100861853	52.2	61.2	-0.233498549317951	3.42079490851462	5.08318398557209	0.036309559740368	0.0829359002034259	NA	NA
100861876	298	212.6	0.487568482799533	3.43949372893376	63.2454334692103	3.69375926272303e-08	1.1759822991938e-06	NA	NA
100861883	285.6	317	-0.143243836587106	1.51736123153446	1.97924325969042	0.172382103902051	0.280019209912368	NA	NA
100861900	3369.8	2883.6	0.227095560229558	4.50450705972466	7.75052821271099	0.0123878911164324	0.0349860941186106	NA	NA
100861910	130.6	150.8	-0.202578828279929	2.62131891163681	6.88740696742613	0.0149109792689524	0.0406264456839658	NA	NA
100861916	349.8	310.8	0.137972793201672	1.46087836040263	1.19467256133841	0.285318477254705	0.412564352765056	NA	NA
100861925	122.2	143	-0.247348388601269	2.49475069873733	9.52114210822083	0.00508638737462052	0.0170221447355325	NA	NA
100861936	756.4	1125	-0.583710621065027	0.090962138120308	9.320647136848	0.00549887551939056	0.0181049537032508	NA	NA
100861940	2454	1974.8	0.323725319926613	3.21845735269436	18.6427932108213	0.000238702784071493	0.0014220836347538	NA	NA
100861945	1	0.6	0.0267822663447379	0.36215244826082	0.0207490720731888	0.886676186242287	0.927822891185551	NA	NA
100861947	198.4	189	0.072738476391561	1.09830010625568	0.274945013213951	0.604878666115774	0.715526687791437	NA	NA
100861956	848.8	686.6	0.29682061767327	1.16865711871578	6.00534891954495	0.0219906319422252	0.0553943175484354	NA	NA
100861965	24.8	26.4	-0.0912107454980238	1.35497735043032	0.710750562314791	0.408161187578137	0.541107454748173	NA	NA
100861989	3095.2	2812.8	0.145373313625525	4.25656681022646	7.08756804435323	0.0136825290755558	0.0380175461857138	NA	NA
100861990	334.6	473.2	-0.499685049326081	2.73131392595036	37.1060750789557	2.80806754708136e-06	3.76859873031699e-05	NA	NA
100862004	0	0	0.449264055624167	1.18712797266782	2.14657277107176	0.165885939727626	0.272715579256495	NA	NA
100862012	2010	2184	-0.119529182708862	4.77318905535193	6.03041255665683	0.0217442307207521	0.0548692581769816	NA	NA
100862031	208.4	221.6	-0.096588076958372	2.22536756325049	1.06132078641721	0.313260135129076	0.443603604698311	NA	NA
100862040	172.8	169	0.0285063383409136	0.799837064840601	0.0372601889448378	0.848572413255979	0.900692863666913	NA	NA
100862057	1919	2004.2	-0.0642090838731363	3.99449418606006	0.917940561558017	0.347638967738343	0.480517704857035	NA	NA
100862065	67.2	58.2	0.196705979558828	3.46816195407361	7.67731232559909	0.0106669857516044	0.0310261187988011	NA	NA
100862066	6.6	11.4	-0.811081180966495	0.30149405283325	25.0672757139054	4.16867298575867e-05	0.000337838032897129	100862066	Cfap99
100862073	70.2	87.2	-0.314549293823389	0.485769597591697	4.01706173216099	0.0565373272540531	0.117784740289721	NA	NA
100862081	2766	3224.2	-0.223306391994609	7.19381724983165	24.0335881640833	7.54824577890309e-05	0.000544422876687951	NA	NA
100862094	242.2	254.4	-0.0502467693331247	3.64775187129679	0.133164715496289	0.720764381111479	0.809276732540416	NA	NA
100862130	622.8	622	0.0186778866708351	2.53346501310688	0.037600199951094	0.847891996817614	0.900340208786497	NA	NA
100862134	3.8	3.6	0.107994213144408	0.996980234951112	0.459320225673703	0.50447116042814	0.629361787072158	NA	NA
100862175	5871326	9549213	-0.702542776048549	0.308990725515337	1.80730151423896	0.20445876395175	0.320098078775629	100862175	Tmed2
100862190	101.6	107.6	-0.0649228500546888	0.418815368271099	0.174956229324688	0.679490508342183	0.776760187249124	NA	NA
100862191	557.6	558.2	-0.00062194816982919	4.91090415607753	0.000130735120624195	0.990972440389378	0.993791414236319	NA	NA
100862206	509.4	425.2	0.27011527610297	0.302559009269502	3.2323873715184	0.086633821966185	0.16424518136139	NA	NA
100862251	1436	1430.4	0.00232859536128244	3.68936379729487	0.00124247003372189	0.972175116662758	0.982988397078944	NA	NA
100862257	2430.6	2550.4	-0.0737360117400506	4.5493505594787	0.941958486403933	0.343869304700021	0.476583270700365	NA	NA
100862301	17.2	13	0.298477781829918	1.30689191827497	0.859463300364515	0.371620533005776	0.505401127593666	NA	NA
100862307	32.8	25.6	0.349666475901442	0.706293395925947	5.62227751040138	0.0261699767815954	0.0638199501267386	NA	NA
100862319	11	10.2	0.116182940391468	0.657927992303436	0.451978432689612	0.507865249096678	0.632327014423583	NA	NA
100862338	22.6	22.4	0.00476962721197005	1.78515474285948	0.0028968304260224	0.962302399102175	0.976212402508248	NA	NA
100900	241	275.2	-0.20321569462212	1.88263161114673	4.47048550395056	0.0451437522984147	0.0986871888187453	100900	Hscb
100910	3391.8	3672.2	-0.117499218083558	6.07080440067644	9.14657431741378	0.00588686344379594	0.0190803901770816	100910	Chpf2
100929	935	868.2	0.107297234908186	3.79842035537696	3.35400836329319	0.0795759921179931	0.1536599212967	100929	Tyw1
100952	25.2	33.2	-0.439488030285968	1.50026111792885	12.6087004779237	0.00163742681447531	0.00679277779987853	100952	Emilin1
100972	2621.6	2316	0.177217565100774	5.74010491887856	21.6790564770125	0.000101239100363989	0.000697811138131185	100972	Rab28
100978	995.8	900.2	0.147618375704732	3.62640975075781	4.35674884851721	0.0477365391235762	0.103059587228106	100978	Nfxl1
100986	864	873	-0.0160624642986176	6.37169452201846	0.128009492955422	0.723778781267093	0.811535063566407	100986	Akap9
100993	0	0.8	-0.799157514076013	0.207181887893352	14.2999452035637	0.000922269165527762	0.00429184755909152	NA	NA
101023	345.2	350.8	-0.0239742635343437	4.73853222794691	0.270216655993911	0.607983205593558	0.718191341422793	101023	Zfp513
101095	426.6	398.6	0.0945136099372735	4.19104370681684	3.35357972063967	0.0795940107062678	0.1536599212967	101095	Zfp282
101100	442.6	289.8	0.614715096610205	3.83401667911191	96.4612543403446	7.52031975593451e-10	5.72098430275144e-08	101100	Ttll3
101113	775.6	794.8	-0.0373280553793464	4.86709265266761	0.870699271092914	0.360123031831653	0.493501747423423	101113	Snx21
101118	512.4	456	0.167779552082127	4.05067845050452	11.747720223437	0.00221962749500283	0.00864291026634266	101118	Tmem168
101122	182.6	176.2	0.0467810395585617	2.84021132401225	0.277274473035666	0.603361770243646	0.714366892783556	101122	Rpusd3
101142	613	585	0.067740636376164	4.06519971764491	1.40791988643491	0.247100210009256	0.370266062147397	101142	Itfg2
101148	1589.2	1271	0.322759388319069	4.98643263427838	20.8030107689705	0.000238419499511685	0.0014220836347538	101148	Bmt2
101185	292	259.4	0.172551270109852	3.7717409387341	11.1818473766934	0.00272384049242343	0.0101863882218598	101185	Pot1a
101187	1182	1269.8	-0.109754720881486	4.26390055477104	3.98521440543381	0.0574524770281795	0.119202080910166	101187	Parp11
101197	893.2	958.2	-0.104526298039997	4.31753968103295	2.95152372629184	0.0987687461051334	0.181744552031012	101197	Zfp956
101206	683.2	768.6	-0.168231526338398	5.02538193785867	18.3831278502927	0.000257662214533992	0.0015163882935156	101206	Tada3
101214	3929.8	2864.2	0.46046252067148	6.3725227025201	107.625109541837	3.79574689452119e-10	3.42898285083808e-08	101214	Tra2a
101240	1183.2	1239	-0.0663847371140251	4.8224420168244	2.53849396372668	0.124283100531784	0.217955342767097	101240	Wdr91
101314	10049.6	10629	-0.0806458963636364	7.3545223836182	6.74337446668134	0.0158702941118113	0.0426850076464682	101314	Brk1
101351	690.2	677	0.0257022172141935	4.98138923142263	0.431246070646695	0.517671843900037	0.640948161018599	101351	Eogt
101358	606.2	483.6	0.324772783857911	4.76512841474055	42.0615531228967	1.08344203334816e-06	1.72467743942888e-05	101358	Fbxl14
101359	5.6	8.2	-0.455331191163385	1.34409443670607	12.5393069394546	0.00167754678268236	0.00692383243771869	101359	Prrt4
101401	103.8	111.8	-0.129863765388072	1.11255212968078	0.613965839787305	0.441084370638442	0.572302091580032	101401	Adamts9
101437	861.4	879.6	-0.0320890150233485	4.92461791295202	0.65353867841312	0.426849714179873	0.559405727514361	101437	Dhx32
101471	1691.6	1531.4	0.143432362524132	6.1418785171348	16.9421518220986	0.000397578104576888	0.00217756495776974	101471	Phrf1
101476	3600	3498	0.0411834741805794	6.78733388211142	1.93500205453868	0.177068343627177	0.286124426751102	101476	Plekha1
101488	472.6	454	0.0549910410906303	4.42542376730033	1.21749750228621	0.280873414651945	0.408014506068263	101488	Slco2b1
101489	2551.8	2687.4	-0.0731131171048318	5.96783132461384	4.61266967381274	0.0421225307041746	0.0932657871933425	101489	Ric8a
101490	3601.8	3574.2	0.0108158201142402	6.60800275408834	0.119904332921591	0.73217778891661	0.818412942618566	101490	Inpp5f
101497	134.8	139	-0.0420737236723995	2.87314323725267	0.369162460762043	0.608365211325699	0.718525148267826	101497	Plekhg2
101502	215	183.4	0.228916216378696	3.11130104339099	7.72085209722038	0.0104753151890922	0.030612657853445	101502	Hsd3b7
101513	1288	1246.2	0.0484729926034651	4.5223499046572	1.1213672392533	0.300243215929019	0.428938505448118	101513	Mob2
101540	99.6	63.2	0.657766691141019	2.54939276130719	28.2238769120693	3.32975819088035e-05	0.000283839454670168	101540	Prkd2
101543	225.8	245.6	-0.133427399816776	2.19429004614119	1.44211636385426	0.241601086479028	0.364170867287142	101543	Wtip
101544	94	105.8	-0.173743604590345	3.20181285507753	5.07255663557726	0.0337999971447326	0.0785063729278426	101544	Zfp575
101565	1536.8	1600.8	-0.0586188526227276	6.13591167193159	2.67459457479405	0.115106451879893	0.204765385609961	101565	Ccp110
101568	915.6	924.8	-0.0146806687833088	4.3082344710277	0.107164025317528	0.746255389412501	0.828383027307295	101568	Vrk3
101592	769.8	751.6	0.0376233904997978	4.07893520200826	0.387013579971432	0.539782086775843	0.660347886775966	101592	Efl1
101602	7.2	6.6	0.137311607636251	0.431348402818282	0.660019925061004	0.424596967308362	0.557413675338335	101602	AI467606
101604	413.6	469.8	-0.188627835890914	2.58122664323029	6.17109459410431	0.0204167949100332	0.0521424628480194	101604	E430018J23Rik
101612	531.6	549.4	-0.0420932258695587	3.76731540234508	0.606099222850692	0.54176284582337	0.66221058549945	101612	Grwd1
101613	217.6	85.6	1.40460445173078	0.615284195361657	54.1889939322177	1.77217570164387e-07	4.0658773954858e-06	101613	Nlrp6
101631	131.2	103.8	0.335498679612052	3.23351709541273	13.1408599684259	0.00151390822777479	0.00636381423915652	101631	Pwwp2b
101685	1154.2	987.2	0.228449354228691	4.53609137375262	21.9809168908634	9.32803927724473e-05	0.000653233913339609	101685	Spty2d1
101694	1254	1569.2	-0.32704089100551	5.22815670257598	66.6083381971276	2.3372223480619e-08	8.2799538771781e-07	NA	NA
101700	91	117	-0.362652417493561	2.97019290573727	21.6009759658011	0.000103415855884848	0.000709431789729279	101700	Trim68
101706	2394.8	2261.6	0.0823620995861749	7.06319292066602	5.24971639515847	0.0310991017874687	0.0732756301208227	101706	Numa1
101739	6387.4	6192.8	0.0432987853787621	6.96641714164849	1.24225739852708	0.276154357172871	0.402656620455632	101739	Psip1
101772	211.2	311.8	-0.570694947759748	1.87161618882418	26.3324443893014	3.04333441322221e-05	0.000263719158325622	101772	Ano1
101809	3931.4	2940.8	0.417359605222466	6.53714593169453	55.9018473474233	6.87423723651919e-07	1.20406646374582e-05	101809	Spred3
101831	167	142.4	0.219908373149551	2.30743957349934	4.44474299206749	0.0457164084712113	0.0995008233764325	101831	Faap24
101835	256	297	-0.213196564437996	1.46621718634967	4.46103580535092	0.0453530230092467	0.0990230505401287	101835	AW146154
101861	744.2	728.8	0.0290943443736702	4.8557937299499	0.368190064598984	0.549731905351938	0.668840484844858	101861	Ints4
101867	280.4	193.2	0.52502313323364	3.05617287186805	33.9860191668484	5.45010782143656e-06	6.47295467962564e-05	101867	Rrp8
101869	699.4	646.2	0.113693932806871	5.10961657565189	4.7056135527872	0.0402705551943003	0.0901596351887263	101869	Unc45a
101883	392	281	0.493778849531969	2.85294807801531	28.2438892129462	1.92159832989619e-05	0.000180825405340622	101883	Igflr1
101943	4583.4	4174.2	0.134322617841379	6.6554551445384	10.3009090401272	0.00379402101319116	0.0134606724900994	101943	Sf3b3
101966	1724	1692.2	0.0285733090065945	5.31014473990101	0.476580123997553	0.496646499380336	0.621894524997261	101966	D8Ertd738e
101985	125	130.2	-0.0503130458642133	3.08659050636726	0.314465671902722	0.580209120414911	0.694578650528169	101985	Usb1
101994	1535.2	1575.4	-0.0410887553962324	5.40158430165713	0.8031147248915	0.379130040092355	0.512719461030585	101994	Champ1
102032	649.4	859.8	-0.41021130754821	4.08858523839475	56.7032088524676	9.49787446451916e-08	2.48250049747125e-06	102032	Smim19
102058	2023	1836.6	0.140790890439118	4.95528727166583	10.0517190113716	0.00414951102162795	0.0144837073911158	102058	Exoc8
102060	439.4	424	0.0525908496060591	4.57125048527656	0.854132842977569	0.36465253740335	0.497939326936989	102060	Gadd45gip1
102075	402	140.4	1.53770496255077	2.44062174618405	167.761273598506	7.96044650342913e-12	1.85581118968653e-09	102075	Plekhg4
102093	912.8	894.8	0.028267256488665	5.18338839463556	0.503899102312883	0.484682464178519	0.612003174389474	102093	Phkb
102098	3125.8	2779	0.169953990470761	5.92181703132666	27.9396377663552	2.06502347692215e-05	0.000191087383709557	102098	Arhgef18
102103	819.8	774.2	0.0865939422699517	5.14295426112687	3.07828208969139	0.092199616475274	0.172344875117815	102103	Mtus1
102115	755	758	-0.0064307481875315	5.67747930202136	0.027530936866925	0.869616430434293	0.915378214688081	102115	Dohh
102122	1451.2	1421.4	0.0286425729661227	5.42287290551208	0.496912478688301	0.487694873718585	0.614572075390447	102122	Fam192a
102124	506.8	501	0.0284733819533905	2.79826625681585	0.120732911508135	0.731291924877445	0.817802203650181	102124	Enkd1
102141	5547.6	5443.4	0.0276973379577232	5.54317001044658	0.450773054100819	0.508426342171391	0.632916574777821	102141	Snx25
102162	493.8	485.4	0.0265902057400549	3.61110761976498	0.156335475389837	0.696071273194909	0.79041124167642	102162	Taf5l
102182	755.4	749.4	0.0125308620579291	4.32814412234899	0.0759693897090818	0.785212352936688	0.856756952468248	102182	Prmt9
102193	1203	1076.4	0.163504784185611	4.99805946388273	18.4503142322222	0.00025260436908048	0.00149208972239038	102193	Zdhhc7
102209	1308	1766.6	-0.437254307045465	4.37629120030654	77.3752327173822	6.0178003184197e-09	2.79919186103682e-07	102209	Snapc2
102247	4408.8	4239.4	0.0584450337148158	6.46886893645496	3.7607984684081	0.0643989172979258	0.13000306572964	102247	Gpat4
102278	2250.8	2117.2	0.0935115277555894	5.22852373269573	1.94644865452418	0.179567629766425	0.289479201499432	102278	Cpne7
102294	239.2	280.2	-0.22545862920605	2.84135039131926	8.35346645677765	0.00807876079823323	0.024813091495466	102294	Cyp4v3
102323	1074.2	990.2	0.117445787905837	5.63856723483617	11.8690500173782	0.0021253784300277	0.00835469671678551	102323	Dcun1d2
102334	2932.4	2409.2	0.286318908107081	5.49056655683322	44.1283694667955	7.44237280769684e-07	1.28367609263067e-05	102334	Ankrd10
102339	1775	1575.4	0.174351457093912	5.6481784268249	23.948753624971	5.5458906858022e-05	0.000427066084030821	102339	Cog4
102371	177.8	179.2	-0.0162534017086919	0.384718249002711	0.0106038779605888	0.918844605411877	0.948859434393603	102371	Myzap
102414	1526.4	1404.4	0.120671564533259	6.2045632921533	12.1411984768705	0.00192948413703094	0.00774121280338907	102414	Clk3
102423	314.6	321.6	-0.0246621124051508	3.83654278211923	0.192246455086742	0.665003744830931	0.765222842750281	102423	Hinfp
102436	1211.8	1189.8	0.0285123560012474	4.31904544223168	0.309779813657496	0.583006253413766	0.696772977248435	102436	Lars2
102442	1334.6	1316.8	0.0182200305675255	6.45473280030974	0.28738519577872	0.596871327936757	0.708539600361193	102442	Dennd4a
102448	215.6	218	-0.0166392925588429	3.20718156370477	0.0520070589903474	0.821552890577978	0.882092221097467	102448	Xylb
102462	1174.6	1035.4	0.179315694970758	4.36013114734192	13.7211576437396	0.00111872615067559	0.00500002095914193	102462	Imp3
102502	133	131.8	0.0210956077092309	3.28952322898645	0.115969709938018	0.736432104891636	0.821262992369702	102502	Pls1
102545	30.2	30.2	-0.00976294011866896	0.901828622027275	0.00507265798686004	0.943815120205352	0.96445511517022	102545	Cmtm7
102566	703.4	850.6	-0.277807668958692	4.64416299681289	33.8644181312478	5.47377965301996e-06	6.49573161779561e-05	102566	Ano10
102580	738.8	787.8	-0.0920989830213556	4.30029007286783	3.98542934716637	0.0574462445891313	0.119202080910166	102580	Alg9
102595	368.4	581.4	-0.659926058077232	3.85836287626213	65.4946863171674	5.25847777532528e-08	1.53547551039498e-06	102595	Plekho2
102607	3908.2	4029	-0.0442319903606689	6.53334026181478	1.75911757125537	0.197309816661802	0.311548622463369	102607	Snx19
102614	366.8	399	-0.118819244966453	3.77134933087994	2.3010318119428	0.142910206830447	0.243501606687173	102614	Rpp25
102623	20660.8	14178.6	0.544927194486336	7.07463567984454	100.716001143122	1.10505254549586e-08	4.53762201494238e-07	NA	NA
102626	177.6	192.8	-0.124128106753069	1.63095562520039	1.31528757683703	0.262827506886773	0.387920839838805	102626	Mapkapk3
102632	912.8	890.2	0.0382123519456934	4.71223624213825	0.608729542643017	0.442949674192588	0.574102814811664	102632	Acad11
102644	201.2	189.6	0.10282263653536	2.0618113327972	1.03772404490543	0.318585380173124	0.449427394595192	102644	Oaf
102657	238.8	267.2	-0.158819440105048	3.48199100935119	5.14367800109846	0.0326854278637638	0.0763920709971854	102657	Cd276
102680	102.4	114.8	-0.177921699091324	3.84561998427292	5.54575302298996	0.0272336081928225	0.0658802632333149	102680	Slc6a20a
102693	439.4	517.4	-0.234798596675114	6.72107753939217	41.5687704781965	1.18705345197581e-06	1.85689075701931e-05	102693	Phldb1
102747	1902.4	1912.8	-0.0105997823615673	6.38686609859499	0.0863810166591459	0.771374710290496	0.847351425941544	102747	Lrrc49
102774	4152.8	4069	0.0299089266029353	6.02498606727675	0.771776352902699	0.38844262591225	0.521895307207257	102774	Bbs4
102791	1692.8	2076	-0.303059536489738	4.67103451334433	32.0787154776862	8.04087670861287e-06	8.85919322227518e-05	102791	Tcta
102857	4100.8	3859.6	0.0871397920611608	6.88771227955056	8.94712274682395	0.00636874360627843	0.0203433856541765	102857	Slc6a8
102866	14066.6	13776.8	0.0287599490254521	7.66170671942959	0.765495103016896	0.39034973292206	0.523871382008419	102866	Pls3
102871	117.6	83.8	0.482125204603126	0.0542604614932571	7.03945241328253	0.0139672771680322	0.0385935813776978	102871	D330045A20Rik
102941	2783	2960.8	-0.0870160471488941	4.83530805442154	3.2516736856125	0.084013818012992	0.160350683422658	NA	NA
102954	1231.6	1204.2	0.0318760726307678	3.02873239930719	0.219585692007174	0.643615157793852	0.746818507252773	102954	Nudt11
103012	2185.6	2585.6	-0.239566855683658	6.49257929210075	32.3414372942863	7.59249952163281e-06	8.48739273671157e-05	NA	NA
103080	104.4	127.8	-0.288980645648973	1.97478523674933	9.44672305508998	0.00523539472291604	0.0173799713654176	103080	Sept10
103098	2866.2	3216	-0.166608565747424	5.45034957171165	21.382787978912	0.00010977287435706	0.0007452593358182	103098	Slc6a15
103135	892.6	894.4	-0.00306851657630929	5.22993015046448	0.00693162411085196	0.934343292455307	0.959291499260545	103135	Pan2
103136	996.8	1017.6	-0.0219739575665922	4.20924608981078	0.146983400423392	0.704834798654054	0.797368798196969	103136	Pwp1
103140	65.2	82.6	-0.383890989607099	0.804770634515332	6.57872857392822	0.0170513723162308	0.0451641076523365	103140	Gstt3
103172	3992.6	4046.8	-0.0209822874655412	6.52973266004942	0.187874732109805	0.669138854637289	0.768230687264523	103172	Chchd10
103199	854.6	829.4	0.0438362369896797	5.24353237921496	1.44048484022287	0.241859873641821	0.364415992246312	103199	Fig4
103213	280.6	384	-0.450581370619625	3.17011627560343	43.2855927775489	8.66144136020599e-07	1.45217341492089e-05	103213	Traf3ip2
103220	46.6	46.2	0.0251631778811866	1.1556656679982	0.023934717113399	0.878362703704369	0.92199379225439	103220	Ttc41
103232	315.4	253	0.337044180800312	1.73445808938645	4.51347593024958	0.0464032717266875	0.100692522074394	NA	NA
103236	4245.8	3874.8	0.133264105274994	7.46875422958774	17.9568583062298	0.000292434850970566	0.00168063873084508	103236	Csnk1g2
103266	1487.4	1225.4	0.282133062696349	4.79309858817854	25.1072624166687	4.15172100473773e-05	0.000336939783281747	103266	Tmem263
103268	271.6	268.8	0.0140501998379199	2.30479999930098	0.0258244488367588	0.87368467483463	0.918417330186163	103268	Cep57l1
103284	467	436.2	0.103046679108193	3.76774737506209	2.2737830699683	0.144725868358445	0.245812890864038	103284	Zc3h10
103406	1512.2	1532.4	-0.0214441704192849	6.26650880776224	0.346043498176092	0.561897142423221	0.679239047970664	103406	Zfr2
103425	1419.6	1419.4	0.000633879566069507	5.84374838844279	0.000275959959803493	0.986884455877842	0.991624290710296	103425	Ncln
103466	6369.6	5400.6	0.237055796586095	7.02530187758178	41.9338539075176	1.1093149738229e-06	1.75811827101274e-05	103466	Nt5dc3
103468	597	620	-0.0567616234992876	4.02609770827923	1.16040294930445	0.29216933983092	0.420317560796884	103468	Nup107
103511	222.2	171	0.387513750712363	2.49851213446698	22.7488518848895	7.59368962491832e-05	0.00054715448573564	103511	Fam26e
103534	1444.2	1317.6	0.133501010879685	5.64171443501962	12.2988806046474	0.00182506952587996	0.00740167085495764	103534	Mgat4b
103537	950.8	941.8	0.0165265945645218	5.00571410838428	0.0923056969646222	0.763915859842932	0.841973451133883	103537	Mbtd1
103551	7132.2	5936.8	0.267928336441032	6.25375511395129	17.4564131720875	0.000710556101768861	0.00347206825387664	103551	Epop
103554	4397	4330.4	0.0210387369725199	6.20019352551072	0.234843951759627	0.632381187724028	0.738211836499244	103554	Psme4
103573	6208	5508.6	0.175291664784854	6.52098292789265	11.1998994505905	0.00336004357881396	0.012165849170385	103573	Xpo1
103583	12377.2	11557.2	0.0990960695755581	7.18201300003874	11.0307414578764	0.00287879429715226	0.0106774679935948	103583	Fbxw11
103677	2388.6	2387.6	0.00051315662502108	5.98500909683505	0.000195771401247642	0.98895301031252	0.992867129234873	103677	Smg6
103694	1536.8	1328	0.213395631436631	5.6064481688507	24.4402804986948	4.88782530697524e-05	0.000383334926679436	103694	Tmed4
103710	232.2	233	-0.0157412721887594	3.56070638470567	0.0469989659455992	0.830215836136724	0.887700820795991	103710	Slc35e4
103711	1875.6	2224.4	-0.247598861706733	5.37176842908258	41.3640265979321	1.23322150490127e-06	1.91460619031611e-05	103711	Pnpo
103712	9405.2	9443.6	-0.00631528973399403	7.84502687667318	0.0458508486853426	0.832269263888466	0.889107164836947	NA	NA
103724	687	566	0.275858601746924	4.62691821463254	24.5432344413163	4.76103195971694e-05	0.000376223257325034	103724	Tbc1d10a
103729	217.8	193.2	0.218598281120055	-0.026377546454789	1.31973602494823	0.262043113265296	0.387071579823236	NA	NA
103733	828.6	842.6	-0.0292809512064592	5.27390830711089	0.3949577344784	0.535683994647802	0.65683546476411	103733	Tubg1
103737	580	514.2	0.172546525281945	3.37405829112148	6.57428390654587	0.0170845759096465	0.0452253982939547	103737	Pex12
103742	2217.8	2224	0.000464260033877445	5.50148251498596	9.41588850831091e-05	0.992338608753377	0.994607580601416	103742	Mien1
103743	36	51	-0.497299346387227	1.97210780460206	23.909498709941	5.60245210060996e-05	0.000430733205650087	103743	Tmem98
103765	170	212.6	-0.34155795576672	2.22004796838808	14.2722219444726	0.000930768433422806	0.00432304850150811	103765	Tmem17
103768	1220.4	1382.6	-0.181386993649833	5.76845737363478	26.4848446317314	2.9318117091634e-05	0.000254589838535957	103768	Tubg2
103784	278.8	279.2	0.00496410444227456	2.86809787468794	0.00473048533302169	0.945739936041539	0.965785292888541	103784	Wdr92
103806	494.2	447	0.139483434541544	3.78905500706293	4.63324126660862	0.0417045285160981	0.0925619281079488	103806	Maml1
103836	1475.2	1363.6	0.113288987612691	5.5011534886486	5.98062767232643	0.0222367069125761	0.0559556688221404	103836	Zfp692
103841	664.6	776.6	-0.226434929932843	4.86178038352546	25.604270807571	3.64372471099588e-05	0.000304606113202629	103841	Cuedc1
103844	108.4	142.6	-0.407054898662189	1.45139957364883	9.63806985494529	0.00486157049392826	0.0164564730490021	103844	Inca1
103850	1661.4	1582.2	0.0702911695149196	4.99815579627943	3.07207799088766	0.0925091324282556	0.172733109432632	103850	Nt5m
103963	6401	5408.6	0.242725447922113	7.22332266140033	49.1387474100388	3.13773959720694e-07	6.38773072366607e-06	103963	Rpn1
103967	9069.8	9401.4	-0.0543213260989531	7.65477359130255	2.38671571716511	0.13555143773078	0.2336933585144	103967	Dnm3
103978	1057.4	1126.2	-0.0876492268958627	5.09246707698865	3.16768994368713	0.087869256723252	0.166021207408874	103978	Gpc5
104001	106342.2	104348.2	0.0276516648298024	10.1916734745686	1.16773397572026	0.290685527618256	0.418567376681185	104001	Rtn1
104009	1386.8	1468.2	-0.0775971069425191	4.58954456226272	2.19573249714847	0.151500267907273	0.254954095756439	104009	Qsox1
104010	1123.6	863	0.379290583572666	5.45121486367611	78.8642800343042	5.04658301690884e-09	2.45600373489563e-07	104010	Cdh22
104015	24919.2	24257	0.0383513578657026	8.93587171984249	1.63959670281669	0.212707557322747	0.329836101810158	104015	Synj1
104027	8309.8	6853.2	0.277982147341015	8.10171761911999	55.6483807439621	1.15420806177968e-07	2.90512109245959e-06	104027	Synpo
104069	5454.8	5959.2	-0.127349672585596	8.48824148219016	13.3021816765076	0.00128931943335934	0.00559634327020297	104069	Sncb
104079	920.8	891.8	0.0506251498745893	5.03360305032109	0.521393936724687	0.47935185575405	0.606977312684786	104079	Nxph3
104080	14	13.6	0.013302011471792	0.892219683709092	0.00517927113373137	0.943265356037283	0.964211984169936	104080	Nxph4
104082	14904.4	15032.4	-0.0124910583712179	8.08460676272058	0.163062483208343	0.689954269929032	0.785615173905327	104082	Wdr7
104086	81.2	104.2	-0.348664022073937	1.84241921443473	12.6431850656189	0.00161788006542704	0.00672751394294663	104086	Cyp27a1
104099	70.8	55	0.365555421311584	3.09490559622914	23.8223916249807	5.73021356436885e-05	0.000438456891791357	104099	Itga9
104110	138.4	115.6	0.245738181275387	2.24287811393889	7.75758627209716	0.0103165522699825	0.0302097744145719	104110	Adcy4
104111	1786.4	1589.8	0.169704668727594	5.93541327517759	19.7427151212302	0.000173647399417267	0.00109602598741361	104111	Adcy3
104112	7846.4	7988.4	-0.0252323960776145	7.69959469027511	0.697763495218049	0.41183534881824	0.544418157290913	104112	Acly
104130	2562.6	2542.4	0.012343402349391	6.03320596005168	0.116147602664986	0.736238026287897	0.821173272009049	104130	Ndufb11
104156	8115	6625.4	0.289148077685547	6.80971169846725	28.1073843784136	5.01451036065073e-05	0.000390515801470074	104156	Etv5
104174	550	643.8	-0.228626230907896	4.85883903272848	29.3985087205922	1.46807226305993e-05	0.000145838601307686	104174	Gldc
104175	2825.4	1725.2	0.712593107721009	6.48080130553826	159.545436174154	2.7400482605468e-10	2.73135569365128e-08	104175	Sbk1
104184	2697.2	2936.4	-0.122783530442497	5.54934452396221	10.9754421355232	0.00293788991831027	0.0108548724128979	104184	Blmh
104215	827.6	852.2	-0.0436347835430617	4.84483914829663	0.552518243331328	0.464814439259743	0.594288182667874	104215	Rhoq
104248	3392.6	3572.2	-0.0748742867181049	7.1205867262074	5.65424917840134	0.0257893256086208	0.0630815591710294	104248	Cabin1
104252	120.4	144.4	-0.26569975686641	2.87153267325775	9.83488205236256	0.0045073545857123	0.0154638744794411	104252	Cdc42ep2
104263	1864.2	1610.8	0.212856344947842	5.89571594371671	37.5190825108585	2.5860065831201e-06	3.52956932506307e-05	104263	Kdm3a
104303	3789.2	3890.8	-0.0391232704049566	5.89825007351978	1.14562881342783	0.29519051872125	0.423408133134558	104303	Arl1
104318	6940.4	6353	0.1278279242565	7.19351694166978	16.1258217452041	0.000512189638114001	0.00266014697423635	104318	Csnk1d
104346	360	363.6	-0.0131941034527821	4.54148783022352	0.0600382460285444	0.808533767744461	0.873172973623613	104346	Gas8
104348	1420.6	1402	0.0291318083265807	3.10820916645036	0.126923137988175	0.72477949305802	0.812279041068513	104348	Zfp120
104367	22.4	19.4	0.189758834654946	1.27321372972817	2.01319327059682	0.168887773414944	0.276018077446812	NA	NA
104383	218.4	259.2	-0.244392045388387	4.07799703637117	16.9607227644817	0.000395319592518995	0.00216765910101273	104383	Rcor2
104394	485.4	450.6	0.110123322167929	5.0525560278451	5.51047534896358	0.0275510857771874	0.066418760211671	104394	E2f4
104401	2027.8	2095.8	-0.0478183273526568	6.52728980039271	1.73260324449444	0.200603043884512	0.31547344100824	104401	Pcnx3
104416	8736.2	8462.2	0.0455276861029063	7.41279176288595	2.49114804509853	0.127675209444358	0.222822685016753	104416	Bap1
104418	20277.4	19177.4	0.0802035145690738	9.65796105255328	9.08173613282247	0.00603897581994666	0.0195055545254769	104418	Dgkz
104444	1432.2	1399.2	0.0337690653724554	5.28312393157291	0.482446628404172	0.494034832141856	0.61932172279084	104444	Rexo2
104445	301.4	386.6	-0.362499081498324	3.65154265467485	24.9341566207806	4.31115216852888e-05	0.000348508911878727	104445	Cdc42ep1
104457	173.8	198.6	-0.196522587188647	4.09076708927367	14.4776062660278	0.000869770707233824	0.00408436185911556	104457	0610010K14Rik
104458	944	962.4	-0.029377708448277	5.49391152989845	0.383541310033606	0.541591784385732	0.662135369979877	104458	Rars
104479	1272	1021.8	0.318679950530872	4.20134226128195	22.90018525753	7.50720395474325e-05	0.000542412050444688	104479	Ccdc117
104570	2090.8	1861.4	0.163907130204982	5.81467394508685	10.0876599576518	0.0045015518344828	0.0154476330046568	104570	Ppp4r3b
104582	3604	2964.6	0.282680453957479	5.32133113569438	36.4620884686387	3.19668259902284e-06	4.17387988132575e-05	104582	Rprml
104601	197.4	158.2	0.310811688953831	1.77922039078331	6.65052019794742	0.0165248291860399	0.044080081794854	104601	Mycbpap
104625	1101	1068.2	0.0459994900686836	4.71118485481528	0.986815373782407	0.330504992068929	0.462003786785715	104625	Cnot6
104662	1945.6	1859.2	0.0624311822054736	5.52349131771284	2.2766869829555	0.144480879194983	0.245541049721844	104662	Tsr1
104681	277.8	296.4	-0.0860305038306891	3.53697443241193	2.00946105284968	0.169267688336666	0.27635775073062	104681	Slc16a6
104709	415.6	493.2	-0.237403123677961	2.88688268560682	7.3201574864378	0.0123934459715826	0.0349941137083914	104709	Pik3r6
104718	14660.8	14193.6	0.0472753856622733	7.96083347451259	3.16786556932604	0.0878609844363785	0.166021207408874	104718	Ttc7b
104721	9058	9248.4	-0.0314731814912991	7.24063305106356	0.840891827599091	0.368331969021522	0.501873141047991	104721	Ddx1
104725	369	364.6	0.0188793125788461	3.88393547531898	0.0730396605183116	0.789288793692416	0.859582596747301	104725	Sptssa
104732	44.6	53	-0.257366154218065	0.520425938259232	2.92629734541594	0.100139892077668	0.183752951642836	104732	Tedc1
104759	150.4	178.2	-0.251825375689768	2.83140316759313	13.2333173229573	0.00131998125417323	0.00570203498141656	104759	Pld4
104771	1766.4	1660.4	0.0863782781113183	5.34354036183001	5.06815237663186	0.0338704020681278	0.0786319934938516	104771	Jkamp
104776	1844.6	1988.2	-0.108169736943583	5.69972326506778	7.57137962300859	0.0111496576292991	0.032128618694954	104776	Aldh6a1
104799	1483.2	1586	-0.0982267310095805	5.86267194943496	8.74518250706507	0.00690111544022933	0.0217120380285884	104799	Vipas39
104806	190.4	252	-0.409267021430742	3.52491615007041	22.8502334371589	8.31885662627487e-05	0.000592610910183228	104806	Fancm
104816	353.2	240.4	0.5564674063359	2.28725721926069	32.7250242706978	6.98586218839962e-06	7.93818019427108e-05	104816	Aspg
104831	1653	1532.2	0.108207028209458	6.58928180027931	9.00903958362538	0.00621467188867904	0.0199792854713005	104831	Ptpn23
104836	1059.8	947.8	0.161183577169252	4.57617345442009	14.0399477743428	0.00100542690901268	0.00459160838637262	104836	Cbll1
104859	7129.8	7640.8	-0.0995126279464077	7.02424120560781	8.86922777162059	0.00656855929008111	0.0208893192472679	104859	Tecpr2
104871	731.6	925.8	-0.344027184475488	4.58173487630638	34.1392442571419	5.16490391991073e-06	6.18504732878125e-05	104871	Spata7
104884	557	521.4	0.0964087880555097	3.9652700963749	3.06810017677112	0.0927082129238626	0.172970764115336	104884	Tdp1
104885	5131.6	5178.4	-0.0125167112268375	6.91335990706785	0.151496943439898	0.700566246669071	0.794008039626342	104885	Tmem179
104886	24067.8	18853.6	0.352337622230627	8.51089382056357	152.552752785314	7.60621188905902e-12	1.80229814171244e-09	104886	Rab15
104910	26.6	22.8	0.231889136901216	0.934251226249466	3.26810134565131	0.0832826320369259	0.159270595853629	104910	Slc25a47
104923	1155.6	984.8	0.226303101911079	3.94680475985963	16.6162752990056	0.00043958382364	0.00236023201593334	104923	Adi1
105000	4568.6	4458.2	0.0370113403561305	6.99593986573372	1.15631962521381	0.293000195751491	0.421269753246996	105000	Dnal1
105005	10531	8089.8	0.383171955129531	6.51728521121792	106.478070947556	2.87552005441884e-10	2.82739910656938e-08	105005	Fam84a
105014	1454.4	1374.2	0.0792682144694474	4.71334318230542	3.23612077268163	0.0847128787311994	0.161386575613649	105014	Rdh14
105083	606.8	644.6	-0.0848285606206483	3.0566310715663	1.6429498359711	0.212255607701117	0.329430711152343	105083	Pelo
105148	2379.8	2200.4	0.111674958366952	6.06880387104282	8.29331063404777	0.00827842919006118	0.0253187506375676	105148	Iars
105171	2204.4	1822.2	0.284611139452648	5.47275127109322	15.5751202422446	0.00113032144110543	0.0050318974336234	105171	Arrdc3
105193	3474.2	3510.4	-0.00412614049990659	3.46304142807387	0.00320868166328762	0.955300211520612	0.971977281241654	105193	Nhlrc1
105203	1132.8	1033.2	0.135693652858205	5.14865783854659	8.09244103812651	0.00898548487131998	0.0270709357761	105203	Fam208b
105239	3600.8	3414.4	0.0769430252437205	7.41410097021715	7.90795174116921	0.00969374664606607	0.0288299205807076	105239	Rnf44
105245	1465.2	1706	-0.218531013316494	5.74054886208038	37.0720687328652	2.8272527786165e-06	3.78380663538175e-05	105245	Txndc5
105246	2079.6	2041.2	0.0269022375993892	6.74653940424226	0.647363597050281	0.429013390751829	0.561224422748761	105246	Brd9
105278	295.4	269.4	0.129165239032103	3.09151444069621	3.16403522714523	0.088041604341848	0.16630336502314	105278	Cdk20
105298	5015.4	4802.8	0.0622295379126074	6.65929671852831	3.46369833075677	0.0751149235613518	0.146678074190189	105298	Epdr1
105348	2017.8	1216.6	0.729551849567953	5.26640763932258	192.516890502811	9.6407968492495e-13	3.24065296881517e-10	105348	Golm1
105349	7	6	0.176139527347778	0.222744736966378	0.776443068102566	0.387034638109871	0.520535838768036	105349	Akr1c18
105351	691.4	669.6	0.0500789544405413	4.41019486408051	1.06337678342174	0.312801909757992	0.443171809806119	105351	AW209491
105352	1564.4	1656.2	-0.0844713883808691	4.68544184893945	3.6815704534619	0.0670755957463817	0.134002855690145	105352	Dusp22
105372	1092.4	1093	-0.00152885410630624	4.79759283869617	0.0011954161787245	0.972706859973849	0.983319691849351	105372	Utp15
105377	1213.8	1291	-0.0866378971048787	4.29933219117775	2.27611185837003	0.144529360414433	0.24559456565133	105377	Slf1
105387	48.2	88	-0.921808300604113	0.614206142034061	23.9981248270566	5.47563204917291e-05	0.000422330766482099	105387	Akr1c14
105428	1247.4	1217.8	0.0346084748025309	4.94320837202376	0.86311733416764	0.362185967856765	0.495559420589201	105428	Fam149b
105439	1032	1140.4	-0.14443212418709	5.21791315279698	12.1215705840216	0.00194293149718616	0.00778141642015204	105439	Slain1
105440	654	679.2	-0.0571071675003314	3.79643006699916	0.853686795292387	0.36477562210809	0.498060347813181	105440	Kctd9
105445	2510.4	2206	0.185194401349234	7.63449085448141	13.5200273935985	0.0016964741257577	0.00699519439457223	105445	Dock9
105446	501.2	458.4	0.125201166219956	4.44254385793209	6.97524962957351	0.0143574704588622	0.0394230391360931	105446	Gmpr2
105450	84.6	113.4	-0.416650267213273	2.02754121941269	13.7154663965799	0.00112087131987957	0.00500496572676529	105450	Mmrn2
105501	1563.2	1578.2	-0.0151915971609471	5.63330642146628	0.13517033034479	0.716376451984974	0.806111735071297	105501	Abhd4
105504	3135.8	2858.8	0.134863788235467	6.0857473812726	13.3997186596503	0.00124721281732916	0.00546610493076885	105504	Exoc5
105513	6217.8	6387.2	-0.0384474725651562	6.57704130982263	1.87007908024263	0.184229650175328	0.295216780890709	105513	Chmp7
105522	715.8	908.6	-0.346659051740188	5.74666861855053	78.1692040684131	5.47694345644822e-09	2.62131591786432e-07	105522	Ankrd28
105559	2688.8	2365.2	0.182410033633756	7.54889275014213	15.3322400091458	0.000859778224958366	0.00404795910864763	105559	Mbnl2
105638	1667.6	1582.4	0.0797638505933299	4.8409481976097	3.71942316689335	0.0657812792899646	0.132221194667939	105638	Dph3
105651	115	146.2	-0.335822300453219	2.82337329467727	14.5521910298144	0.000848709605625362	0.00401021531209839	105651	Ppp1r3e
105653	17582.8	17662	-0.0060094281854511	9.25125966006879	0.0411659748412126	0.84094072851632	0.89545876602143	105653	Phyhip
105663	982.6	1155.6	-0.239767907629474	5.02627361128732	27.9803139663189	2.04519277800088e-05	0.000189738231150351	105663	Thtpa
105670	1100.6	1133.2	-0.0432686296056603	4.45690516475712	0.672585208426846	0.420281684564892	0.553356847212693	105670	Rcbtb2
105675	559	584.4	-0.0693306666550347	4.33373850160024	1.34016025771638	0.258480464317111	0.383105403556294	105675	Ppif
105689	2684	2816.2	-0.0705413455106141	8.50964805562557	4.93134548561771	0.0361411997452855	0.0826759928101915	105689	Mycbp2
105722	843	904	-0.10086664480161	5.20024813109458	4.59508986085508	0.0424834731607826	0.0939886342295771	105722	Ano6
105727	8594.8	8242.8	0.0608052846618393	7.79889821781251	4.09746086515947	0.054299530723275	0.114159333392613	105727	Slc38a1
105732	49.8	64.2	-0.376620229004493	2.03155451663402	11.0830866199434	0.00282405145664742	0.0105013737469467	105732	Fam83h
105734	265.2	284.2	-0.0944979970483868	2.48039349641043	1.4630804192477	0.238307062089852	0.360302330067648	105734	Tigd5
105782	1202.6	1224.6	-0.0258780147287927	5.81055729660061	0.417641080823794	0.524293571609301	0.646764469065532	105782	Scrib
105787	1124.4	1190.2	-0.0834799098403843	5.04569181289692	4.35203245254394	0.0478476220247562	0.103237726339129	105787	Prkaa1
105827	576.2	423.4	0.442884179542089	3.30427324548044	42.7183909854324	9.60304957246371e-07	1.57909531877577e-05	105827	Amigo2
105833	332.4	374.8	-0.169722617413394	3.37764860674875	6.48654145039619	0.0177549210204175	0.0466514503597736	105833	Ccdc65
105835	3473.6	3242.2	0.100487307147594	6.26744542296636	7.84580985684195	0.00994597025951279	0.0294166265870673	105835	Sgsm3
105837	39.8	51.8	-0.38869367930303	1.07508435837021	8.6752712144357	0.00709665782325996	0.0222312726869093	105837	Mtbp
105841	571.4	595.4	-0.0531564515857827	3.57321130381996	0.491144806488598	0.490205861434237	0.616185251044373	105841	Dennd3
105844	52.8	54.8	-0.0448466224892322	2.55501183450086	0.189468003993199	0.667277764320016	0.766740215608643	105844	Card10
105847	210.6	223.6	-0.0890757348852539	3.98876236791471	2.88447575151716	0.102462023420386	0.187395430408486	105847	Lmf2
105853	15191.4	15581.6	-0.0364779079554786	7.84339901264573	1.37845737817136	0.25196743892973	0.375589561429745	105853	Mal2
105855	285	281.2	0.0189032063569847	3.81761043318887	0.128954205820391	0.722681948697153	0.810619655942002	105855	Nckap1l
105859	2780.2	2296.4	0.275151799849995	6.65890696497856	46.1845941521637	5.18136119722014e-07	9.58916706077079e-06	105859	Csdc2
105975	219.6	260.2	-0.241651824744735	1.77902498329934	3.02738904025219	0.0953453250218737	0.176727536274194	NA	NA
105988	445.4	574.2	-0.345654358990981	0.483690694950539	4.73123257151542	0.0397762719834768	0.089260399821328	105988	Espl1
106014	3166.4	3135.2	0.0149896144924842	6.70231129069014	0.101459741336569	0.75322234451128	0.833638170215396	106014	Fam19a5
106021	1464.4	1386.6	0.0750552782757797	4.70156605141981	1.96917986544421	0.173434693546378	0.281381194356196	106021	Topors
106025	635.4	643.8	-0.0192360075122919	5.00399015689867	0.271881120165716	0.606886415371366	0.717306095983132	106025	Sharpin
106039	1298.6	1253.2	0.0492869453475183	5.95796622095247	1.76374841407798	0.196741511874894	0.311025025991438	106039	Gga1
106042	8125.4	7757.2	0.0657003115729448	6.9812921936175	2.57943913585498	0.121546289834734	0.213934495040336	106042	Prickle1
106052	570.4	494.6	0.208289900293379	2.56373645299496	6.03056734267101	0.0217427185680543	0.0548692581769816	106052	Fbxo4
106064	2887.8	2928.4	-0.0175989084428648	6.15628803440099	0.141401032161637	0.710397134486088	0.801504970873617	106064	AW549877
106068	1603.6	1354.8	0.24192552589527	5.66749575966229	46.8668319508445	4.60586592916476e-07	8.71376781939102e-06	106068	Slc45a4
106073	719.4	749	-0.0588413493589029	4.98883116981641	1.88537082801889	0.182511532973762	0.293048400089175	106073	Mfsd5
106143	2905.2	2631	0.144074359790562	5.95567968568343	11.8016579030578	0.00217717659771545	0.00850281290012944	106143	Cggbp1
106200	611.4	579.4	0.0771909288358962	4.95169858037921	3.96977705568818	0.057902107465533	0.119858164503139	106200	Txndc11
106205	1843.8	1818.4	0.0196112865027453	5.66722130812416	0.329762514685222	0.571181704609987	0.687015091822648	106205	Zc3h7a
106248	694.6	703.4	-0.0155845048264885	4.13100752223638	0.0964161167716166	0.758873837241358	0.83801378588789	106248	Qtrt2
106264	2152.6	2097	0.0382461031144185	4.87313554252857	0.866481589982827	0.361268517968037	0.494619271262043	NA	NA
106298	2405.4	2218.2	0.119064805880233	5.76777420632648	10.7542533435352	0.0031878849608115	0.0116006266927415	106298	Rrn3
106326	708.4	597.6	0.245575092619033	4.52060362477942	24.4081924974826	4.92808956189378e-05	0.000386073748117142	106326	Osbpl11
106338	607.4	666.2	-0.128913978399633	1.56207274131461	0.906839221088207	0.35051675693383	0.483432176023051	106338	Nsun3
106344	223.2	238.8	-0.107758247431119	1.29120780416413	0.792522629647918	0.382240530679904	0.515531487621017	106344	Rfc4
106369	3192.6	3182.4	0.00643294751821365	5.31727614156867	0.0255933645062029	0.874246071844011	0.918940638675975	106369	Ypel1
106389	114.2	101.4	0.20575757722529	0.495546846500294	1.68721832396357	0.206399658936054	0.322170698732368	106389	Eaf2
106393	527.6	493.8	0.103724240816888	3.41590158806067	2.00611714128073	0.16960895565437	0.276758618765891	106393	Srl
106489	422.4	412	0.0309114723492167	3.64908464743779	0.261151441525302	0.614033647634185	0.723918625032994	106489	Sft2d1
106504	2196.4	2267.8	-0.0457237089862939	5.33758506606053	0.937945172979968	0.342536697547895	0.475237610516152	106504	Stk38
106512	130	149.8	-0.185606898462904	1.18778171562919	1.8587864888369	0.185511151413547	0.296875352361759	106512	Gpsm3
106522	546	610.8	-0.16394117561335	2.93478118843576	4.65992568217782	0.0411692404070894	0.0915759004069052	106522	Pkdcc
106529	6280	6664.4	-0.0883381833865238	7.89687328134922	4.00296328779499	0.0588266330056098	0.121243426987464	106529	Tecr
106564	148	182.8	-0.307476418811241	1.99632339202309	10.4110791876858	0.00362305130676405	0.0129612859825535	106564	Ppcs
106565	734.8	731	0.0099947841731031	5.17410560437149	0.0372896289319807	0.848513371927198	0.900692863666913	106565	Dlk2
106572	3995.2	3675	0.12026263275046	6.0830683560146	6.42986898638762	0.0186149464677793	0.0482879462033888	106572	Rab31
106581	261.6	303.6	-0.220266647968874	3.70190702649987	13.2947979622869	0.00129256953895914	0.00560708286798183	106581	Fam234a
106582	64.2	72.4	-0.197638694411042	1.64428466152169	3.58735103666946	0.0704252222818236	0.139575779906963	106582	Nrm
106583	2047	2001.8	0.0296345502983558	6.08199995626444	0.602761574415546	0.445166307265572	0.57633287758842	106583	Scaf8
106585	920.8	894.8	0.0424615811894421	5.88249237304937	0.969594393973388	0.33467654903498	0.466166988508394	106585	Ankrd12
106618	1082.4	1002.6	0.113733825833511	5.37120804543779	4.64512233712626	0.0418849058009587	0.0928676834556002	106618	Wdr90
106628	87.2	84.2	0.0557636149817925	2.55934783738732	0.52559501212174	0.475525685404859	0.603714474789718	106628	Trip10
106633	1137.6	1191	-0.0627105878117184	5.40889071374923	2.26082906183888	0.145824785895892	0.247098646581385	106633	Ift140
106639	192.2	240.8	-0.328029191453377	2.93392755869655	17.054459104131	0.0003841309253053	0.00211446093970451	106639	Vmac
106648	305.4	247.6	0.299689447641658	4.14340136355792	27.1007248014308	2.52428463442371e-05	0.000225222284604693	106648	Cyp4f15
106672	1177.8	1168	0.0127111088067329	4.7793625938442	0.0858864244273727	0.772010863358196	0.847728102938491	106672	AI413582
106707	562.6	568.4	-0.0182369529464481	5.42906942360867	0.208723854117914	0.651907851864014	0.753874397219174	106707	Rpusd1
106740	1008.2	1065.6	-0.0732454158856762	4.15860689461792	1.55904677500225	0.223935878898503	0.342732866751267	NA	NA
106757	56.2	68.8	-0.284913808210175	0.905543662623819	3.86071836900113	0.0611946501096618	0.125177961036662	106757	Catsperd
106759	98.8	67	0.560814186677335	2.76096857873919	63.0349363635003	3.80337467509367e-08	1.20821928689679e-06	106759	Ticam1
106763	4157.2	3280.6	0.342485023755994	7.18604320399562	69.8231573164092	1.96161006468292e-08	7.09197622120108e-07	106763	Ttbk1
106766	109.2	94.4	0.235648214903455	1.19670996555143	3.81492913985325	0.0626399935736023	0.127431170599979	106766	Stap2
106794	1803.4	1927	-0.094970900735355	6.10275905031108	9.48854165535119	0.00515108228278182	0.0171692088456406	106794	Dhx57
106795	150.8	205	-0.459589333730119	2.69036101670979	20.8277937788636	0.00012794040419048	0.000847891151842822	106795	Tcf19
106821	333.6	409.6	-0.297060916009137	3.38748438692059	23.7924185417755	5.77490473327049e-05	0.000441319068586561	106821	Oard1
106840	1404	1228.2	0.198425223940407	4.99369538148308	18.6429551811336	0.000238691442396099	0.0014220836347538	106840	Unc119b
106861	1066.4	1005.8	0.0908502295484278	5.48461321686021	4.7106540969083	0.0401727629048369	0.0899825065901926	106861	Abhd3
106869	101.8	123.8	-0.277615240994895	2.48416403389957	8.9132004593768	0.00645492865514383	0.0205777544731912	106869	Tnfaip8
106877	979.6	1045.2	-0.0956566951566762	5.21357560684651	4.99155046821833	0.035121542830275	0.0809256783148087	106877	Afap1l1
106878	676.4	185.2	1.85821111870437	2.66365079821236	300.544480810097	8.42706519799692e-15	1.52256000464809e-11	106878	Smim3
106894	2382.6	2234	0.0892371944325784	5.96385062088219	5.3263886398853	0.030005621785272	0.0712270089151455	106894	Hmgxb3
106931	2785.6	2478.8	0.169198112978378	6.56828567168012	13.6163847939937	0.00129871176376058	0.00563034788044254	106931	Kctd1
106947	2472.6	2232.2	0.149101545644608	6.20141217523777	19.7495240232531	0.000173310435158447	0.00109437703354312	106947	Slc39a3
106952	295.4	284.6	0.0638513570391467	3.92233783342587	1.00146437930657	0.327012985857145	0.458287744051775	106952	Arap3
106957	2026.2	2296.8	-0.184496774164157	5.58174257843256	14.5794734503052	0.000846892131437783	0.00400293618960161	106957	Slc39a6
107003	31.4	33.4	-0.132134755479927	0.458064231445809	0.648121462911398	0.428746924132836	0.561119543636041	NA	NA
107022	417.2	394	0.0838982453046344	4.12433850217363	1.9610485960714	0.174290896386549	0.282611691313797	107022	Gramd3
107029	280.8	299.6	-0.0898335169467825	4.15478036468951	2.91760686927933	0.100617356356268	0.184510476511545	107029	Me2
107035	2173.6	2211.4	-0.0261875487398879	5.7310893614717	0.538932727423876	0.470039390702769	0.598884561257042	107035	Fbxo38
107045	1806	2024.6	-0.164038788570518	5.54297909891712	18.8053730097893	0.000227608003972442	0.00136905788157207	107045	Lars
107047	461.4	486.4	-0.0807381623665426	3.09409418111181	0.962701268631193	0.336366848590387	0.468155813635186	107047	Psmg2
107065	2564	2143.6	0.256789021158499	6.52113753460376	34.2449099894817	5.7867760953441e-06	6.79464351601166e-05	107065	Lrrtm2
107071	1131	1112.8	0.0261827658880028	4.55660032033928	0.310148073609991	0.582783834191036	0.696755778461667	107071	Wdr74
107094	1659.4	1646.8	0.0123585174239718	5.64096536410122	0.0682797449710262	0.796103831218585	0.864139739894369	107094	Rrp12
107173	1886.8	1994.8	-0.0815587376413403	6.35839150217241	4.44982490412526	0.0456027140055357	0.0993281537426181	107173	Gpr137
107182	1288.8	955.8	0.42683378466301	5.89200666650935	16.7835148631448	0.00149298360951616	0.00629235689609191	107182	Btaf1
107197	302.8	338.8	-0.167277168935065	3.70085064739987	7.23222165535745	0.0128643503941769	0.0360770897550317	107197	Uqcc3
107227	145.2	160.8	-0.132028133814189	2.32762488519707	2.0397826775031	0.166210803893683	0.273130850968936	107227	Macrod1
107239	41	40	0.0343968963942252	2.75992107120129	0.133339258126092	0.718216401778145	0.807490655826175	107239	Carns1
107242	1000.8	1035.2	-0.0518397699024237	5.58162685791712	1.41632285612652	0.245734200390432	0.368639557077666	107242	AI837181
107250	31.4	36	-0.180049191205225	1.69713541713372	3.03946078538113	0.094156254713623	0.175041403094168	107250	Kazald1
107260	9487.6	10128	-0.095691142055482	7.27319330399581	8.97539315191297	0.00629788257436539	0.0201929003393694	107260	Otub1
107271	5834	5774.4	0.0151492118685205	6.45550948571394	0.235241923003927	0.632093961978331	0.738106812605817	107271	Yars
107272	3719	3468.6	0.101010361473914	6.58241525180836	9.45064102406925	0.00522743163941796	0.017357522838536	107272	Psat1
107305	618.2	600.8	0.0414802958742081	4.6807095193708	0.825457820215957	0.372688882914818	0.506092175277225	107305	Vps37c
107321	152.2	183.6	-0.24551758920068	0.56632250203541	2.00491400457646	0.169731947196998	0.276866590995237	107321	Lpxn
107328	210.4	253.4	-0.270108309200204	2.64982618008526	10.0561925265616	0.00414246396245167	0.0144695925841654	107328	Trpt1
107338	4981	4606.2	0.112172520904222	6.99978576731599	10.9672498622171	0.00294675685511564	0.0108790721069908	107338	Gbf1
107351	494.8	386	0.365467903702047	4.43530328794018	39.1409173535566	1.88151367471388e-06	2.7060098163497e-05	107351	Kank1
107358	8666.6	8295.6	0.0631864165062106	7.68827119396583	3.64784836653234	0.0682531456962462	0.13598235444399	107358	Tm9sf3
107368	3506.6	3411.2	0.039521412226201	6.2163722855909	1.41646192898229	0.245711673871928	0.368639557077666	107368	Pdzd8
107371	2149	2273.2	-0.0856862015277983	5.33214201459237	2.84836491815448	0.104591284198481	0.190446261250296	107371	Exoc6
107373	39.8	35.6	0.144115024460746	1.65196949075452	1.60281538140935	0.217744973803672	0.335567315423635	107373	Fam111a
107375	133.4	141.2	-0.0912637599376468	1.74993928635229	0.922708580754483	0.346413196819797	0.479327622710448	107375	Slc25a45
107392	347	292.8	0.242919000018725	4.80589750694372	27.6910125784543	2.19086560817598e-05	0.000200676625478933	107392	Brms1
107435	826.6	789.6	0.0623554482091403	3.29026733174528	0.780859933548884	0.385708965873005	0.519042676913547	107435	Hat1
107448	2423.8	1964.2	0.303018128288957	6.92907306392957	61.4018134056013	4.78392042969355e-08	1.44356546744865e-06	107448	Unc5a
107449	174	229.4	-0.396641251411764	4.17225439293348	23.0881631831173	0.000115690575127863	0.000777763522278202	107449	Unc5b
107476	1070.4	1138.4	-0.0872090056765607	5.82095594024175	4.89109112588266	0.0368414400226003	0.0838592400136481	107476	Acaca
107503	425.8	400.8	0.0909126629308463	3.29840291314302	1.9508930620535	0.17536747503687	0.284006888984081	107503	Atf5
107508	2929	2815	0.0565704451080999	6.68487708239276	1.90519292209398	0.180313443721121	0.290216945483517	107508	Eprs
107513	4728.6	4740.2	-0.00272325689702494	6.62255058206541	0.00703714524358736	0.933846640091208	0.959036293222343	107513	Ssr1
107515	1392.8	1753	-0.328702473535977	4.7893252266759	40.4980945377922	1.45118882177381e-06	2.18950764404162e-05	107515	Lgr4
107522	865.8	1055	-0.28253334810868	4.64404999210588	27.0549319240872	2.55236329124331e-05	0.000226974287137231	107522	Ece2
107528	11484	11980.6	-0.0617369820231187	7.41061617393976	3.77510528565376	0.0639286328724403	0.129360837118613	107528	Magee1
107566	3867.4	4061	-0.0711552831324108	7.1455248072042	5.9526969891864	0.0225184134403054	0.0565267710778351	107566	Arl2bp
107568	830	841.4	-0.0213759828285706	5.01370186919083	0.283176456283248	0.599554871868429	0.711082802821554	107568	Wwp1
107569	7328.8	7565.2	-0.0442138153547604	5.61044742271983	1.08140923865269	0.308821745776582	0.438693809676138	107569	Nt5c3
107581	392.6	348	0.17078112540821	4.95212023997121	1.43923979743637	0.254284324107442	0.378558617844161	107581	Col16a1
107585	139.4	89.2	0.718923421114604	0.469683372107308	16.2813989641078	0.000487835881887859	0.00255755525455463	107585	Dio3
107586	444.2	428.4	0.0623312283776183	3.17955466101963	0.587591244777072	0.450881471204252	0.581411435880655	107586	Ovol2
107589	158.6	165	-0.0523804042756991	3.77289655756899	0.527774516147267	0.474621898162527	0.602934163828543	107589	Mylk
107607	128.8	134.4	-0.0630883203958503	2.40608729181379	0.492125714369966	0.489777258848423	0.616014662321189	107607	Nod1
107650	3543.8	3493	0.0200710008827248	5.67527879898272	0.296276038095762	0.591285106980388	0.70375781754731	107650	Pi4kb
107652	2864.2	2810.8	0.0283461355707012	5.87596919916242	0.741527325397221	0.397756187069525	0.530953816762368	107652	Uap1
107656	36.4	37	-0.0234989712223976	2.74868016440814	0.100082081192653	0.754486368936036	0.834699271075504	107656	Krt9
107684	2295	2217.4	0.0488440324914919	5.65149387514669	1.56960580353038	0.222422302716407	0.341138790690042	107684	Coro2a
107686	427.8	427.6	0.0026607255125715	4.47889573360932	0.00261937658066291	0.959608912492302	0.97485150556394	107686	Snrpd2
107701	396.2	385.4	0.0363493499066798	3.98447811179507	0.419819532499935	0.523223000318283	0.645774506583594	107701	Sf3b4
107702	1104.8	1167.8	-0.0810510198317019	4.65774886947268	2.4335156442376	0.131952793663874	0.228713956063993	107702	Rnh1
107723	6168.6	6154.4	0.00396986143522782	7.57518970228474	0.019256441527477	0.89080014393599	0.930790521249968	107723	Slc12a6
107732	1200	1266.8	-0.078848864150801	5.35749059749221	3.46743451596877	0.0749680947099951	0.146529931161362	107732	Mrpl10
107733	540.4	584	-0.115523697743358	5.26331767157178	4.20961747849805	0.0523793963316774	0.111124584555712	107733	Mrpl41
107734	2578.2	2665.2	-0.0440046812109018	4.9444585400581	1.01129342917419	0.324698468564616	0.455959551601376	107734	Mrpl30
107746	6262.4	5472	0.194954262227056	7.4891858367807	38.6492371298813	2.0700850922907e-06	2.94381815376663e-05	107746	Rapgef1
107747	1213	1173.8	0.0479612574306376	5.64509003429372	1.46895900817289	0.237393666264579	0.35925955943757	107747	Aldh1l1
107767	14300.2	14233.6	0.0068577845049561	7.93693064310912	0.0613623576856001	0.806478003445561	0.871473763591667	107767	Scamp1
107769	659.6	549.8	0.260034949152241	3.90717439407147	20.5179754733276	0.000139484772701969	0.000909387868576571	107769	Tm6sf1
107770	56.8	19.8	1.49264759328481	1.45701973658264	135.616222056345	2.55121269161178e-11	4.85200371638904e-09	107770	Tm6sf2
107771	1042.4	1240.4	-0.252403267474987	5.00803607930823	18.9640078690401	0.000237116529182966	0.00141564738240834	107771	Bmyc
107815	10.8	20	-0.895180541234293	0.153113541179253	23.389049926964	6.41465082020844e-05	0.000478517436769811	107815	Scml2
107817	592.2	502	0.239905869011812	4.4070938620755	31.1039092291043	9.97340050566602e-06	0.00010514626616258	107817	Jmjd6
107823	3316	3538.6	-0.0932709878408233	6.77470720041792	8.78623064656679	0.00678906548784142	0.0214209021089849	107823	Nsd2
107829	1778.2	1762.4	0.00984913158690501	5.23450514587529	0.0514288046159478	0.822530049253921	0.882616876905433	107829	Thoc5
107831	13843.2	11965.4	0.210469057468924	9.36652870390528	61.3327511678518	4.83102490700429e-08	1.45474237512167e-06	107831	Adgrb1
107869	47.6	25.8	0.862397227280115	1.68681729028075	64.5297863968332	3.09490510210391e-08	1.02131868369429e-06	107869	Cth
107885	68.2	79.8	-0.250152099214844	0.73630729604074	2.42239551163215	0.132797521143831	0.229957514150345	107885	Mthfs
107895	906.4	926	-0.0295884482965238	5.52356562631057	0.491496203723192	0.490052246415001	0.616185251044373	107895	Mgat5
107932	6397.2	6969.4	-0.12303402091232	7.85510480954983	20.1212784207054	0.000155949153865557	0.00100180698658681	107932	Chd4
107934	6638	6528.6	0.0246205303767226	8.02996601199926	0.507582033544384	0.483107202567656	0.610814512413655	107934	Celsr3
107939	1982.4	1821.8	0.117041785771402	6.41217956827412	5.16936114941898	0.034304416573871	0.0794481713120865	107939	Pom121
107951	3701.6	3683	0.00687878322479968	6.34088665359112	0.0499046097449597	0.825133768811489	0.884387282306985	107951	Cdk9
107971	461.8	513	-0.15048078483438	3.99625923966368	6.51205043753371	0.0175570808642051	0.0462408977425694	107971	Frs3
107975	4322.8	4743.8	-0.13416947697927	6.96481825635456	18.6373101034824	0.000239087074676397	0.00142329677816006	107975	Pacs1
107976	1435.8	1709.4	-0.252309224451177	5.01601225983883	32.2495143389271	7.74621611384629e-06	8.6126005930411e-05	107976	Babam2
107986	167.2	210	-0.330565747046189	3.16830630118366	20.338138608577	0.000146701762863844	0.000949161719084157	107986	Ddb2
107993	7.6	7.6	0.0418193020024822	1.05327694675338	0.0957200959713544	0.75971716154908	0.838560660788881	107993	Bfsp2
107999	224.4	240.6	-0.101312378526919	3.46542028745762	2.4827240957474	0.128290121051869	0.223598867681626	107999	Gtpbp6
108011	809.8	854.4	-0.0758395828249426	4.54505832658734	2.13257749967209	0.157260981154651	0.262174189343636	108011	Ap4e1
108012	357.8	336.2	0.0839036074550271	3.24451512404565	1.52128943478143	0.229455564029564	0.349699570063614	108012	Ap1s2
108013	16974.2	16773.6	0.0169409835358919	8.9242767595932	0.296992421184628	0.590839772548938	0.703446981592261	108013	Celf4
108014	1894.4	1702.4	0.161065598641118	4.96775184614848	13.9537516708511	0.0010347730016809	0.0046885921524438	108014	Srsf9
108030	3258.4	3378.8	-0.0535308511131797	6.28048126888539	2.54021052572184	0.124162124734847	0.21776960938205	108030	Lin7a
108037	252.2	261	-0.0491417874818055	4.23424687555766	0.91349268422832	0.348787962135429	0.481645285631555	108037	Shmt2
108043	89.6	143.4	-0.709021112285564	1.22970530287951	19.7271232964453	0.00017442170636355	0.00109995259327171	108043	Chrnb3
108052	99.2	151.8	-0.624677219977627	2.51683881023911	50.8715715581633	2.3605739082868e-07	5.1077448009547e-06	108052	Slc14a1
108058	6604.2	7203.6	-0.124153148674114	6.60807119899386	11.8496658468913	0.00214013796680477	0.00839414101725892	108058	Camk2d
108062	3808.8	4045.2	-0.0878246339610173	7.13816383742459	8.37112965515257	0.00802114324660076	0.024678076731879	108062	Cstf2
108067	480.6	582	-0.286944784417037	3.72111478405247	18.7823950261747	0.000229141450759781	0.00137713535521076	108067	Eif2b3
108068	1297.4	1871.6	-0.531058335693479	6.30403713214712	121.561618837418	2.53853521765564e-10	2.56587328923039e-08	108068	Grm2
108069	1038.4	1317	-0.339403641047079	5.80898964785102	59.7307879078696	6.07779122255953e-08	1.71958872318291e-06	108069	Grm3
108071	2715	2392.8	0.18144453092872	7.59067202689557	26.8804705009512	2.66248579252936e-05	0.000235229643308187	108071	Grm5
108073	2347	2335.6	0.00644398503053762	6.07362809233385	0.0300096450227773	0.863931770058852	0.911812325989824	108073	Grm7
108075	1651.2	1968.4	-0.252437036310758	6.31124794012529	49.9476616044235	2.74503667523602e-07	5.80069592161717e-06	108075	Ltbp4
108077	2565.4	2427.8	0.0793502416516698	6.52892511624451	7.5370175980312	0.0113113548926846	0.0324973809618093	108077	Skiv2l
108079	1811.2	1807.4	0.00145377968566707	5.91334103524187	0.00147627370841159	0.96967113181767	0.981291113109474	108079	Prkaa2
108083	7592.8	7000.8	0.117131458545429	7.78119302916883	14.5096780389195	0.000860645341896237	0.00404808583526463	108083	Pip4k2b
108086	3090	2687.6	0.202222569342217	5.84347030106229	40.9932822252542	1.3218561601078e-06	2.02609850882271e-05	108086	Rnf216
108089	1723.4	2242.8	-0.383266739455038	5.5000553476001	55.3582183383655	1.48725138754165e-07	3.55914542484374e-06	108089	Rnf144a
108097	3867	3048	0.345305436786302	6.15243965740576	102.783207846155	4.06279104005925e-10	3.60267372349794e-08	108097	Prkab2
108098	276	268.6	0.0354136173702066	4.06350000973142	0.443801164758511	0.511693350435023	0.635844719928297	108098	Med21
108099	4692.4	4057.8	0.20931032364436	6.72871735515734	25.5787190400693	3.70643549067272e-05	0.000307897388729235	108099	Prkag2
108100	7717.4	5586.8	0.465489490315111	8.6587066543595	227.678159826965	1.08759387461588e-13	6.24337238617187e-11	108100	Baiap2
108101	98.2	93.4	0.0839154374464478	2.14718556373232	0.759186390733696	0.392279191400646	0.525309281637562	108101	Fermt3
108112	217.4	222.4	-0.039493203640272	3.17066563837046	0.293324949613065	0.593127070857447	0.705446827738226	108112	Eif4ebp3
108115	49.8	32.4	0.588792326036825	1.94560012053529	28.6744334910868	1.73680257289159e-05	0.000166375993497913	108115	Slco4a1
108116	1405	995	0.496584601053012	5.06808381525978	103.610405376527	3.75696848816257e-10	3.41529701433344e-08	108116	Slco3a1
108121	218.4	214	0.0285552836757255	3.50598442891674	0.176527139645289	0.678140141932194	0.775584555427119	108121	U2af1
108123	7967.8	8003.8	-0.00691201650170732	7.61506988442374	0.0566701773293115	0.813873984155831	0.87693371419683	108123	Napg
108124	6126.8	6385.8	-0.0593157306470503	7.94018400283203	4.57741509864683	0.0428498717870385	0.0946008930517572	108124	Napa
108138	497.2	478.2	0.0588606361645783	2.8347369898436	0.652993945146173	0.427039898112776	0.559553502612825	108138	Xrcc4
108143	1942.8	2007.2	-0.0540310558679468	5.78338455194334	0.708614371420565	0.411600826351094	0.544257464466079	108143	Taf9
108147	926	967.8	-0.0612589590711288	4.88308082951742	1.65198137695705	0.211044246164229	0.327968340399717	108147	Atic
108148	2128.6	2199.8	-0.0459170886156171	6.14238877536965	1.88136966704687	0.182959187631432	0.293613606300395	108148	Galnt2
108150	516.6	444.2	0.226595709057686	4.21002481944574	11.7460771518338	0.00223528619824326	0.00869217829147377	108150	Galnt7
108151	61	52.6	0.190398516125077	2.90543804409059	3.91572796104421	0.0597916821427126	0.122829586937289	108151	Sema3d
108154	14.4	14.6	-0.0341349862472242	1.41146938297305	0.0740274386764966	0.787904713951317	0.858545771256677	108154	Adamts6
108155	14734.2	14127.4	0.0610748178154359	8.64198427196622	4.92923873116567	0.0361774758057672	0.0827126281709205	108155	Ogt
108156	1064.2	1063.8	0.00289559620963471	5.25546735506793	0.00476466665951329	0.945544576934899	0.965654017877272	108156	Mthfd1
108159	789.4	807.6	-0.0352831977371194	3.95465827314572	0.350360583844185	0.559484921188599	0.677456232793835	108159	Ubxn8
108160	524.6	563.4	-0.105207520425822	4.42284424021529	4.02426791418237	0.0563325511714217	0.117482490824153	108160	Fam50a
108176	56.4	51	0.138000954504367	0.464321151447181	0.731137455138781	0.401032238298788	0.533995391282421	NA	NA
108645	8483.6	10036.4	-0.242591790863047	6.96897814855348	35.5706861964027	3.89142783933891e-06	4.91237537028861e-05	108645	Mat2b
108652	626.2	670.4	-0.0944094610078357	3.29309282748611	1.70042283520551	0.204691969191192	0.320266044889531	108652	Slc35b3
108653	1431.6	1599.6	-0.155889134287541	4.92491220091483	8.55140876733469	0.00745821694318631	0.0232079801284855	108653	Rimklb
108654	1769.8	1712.2	0.0439599156160558	5.372401361846	1.30576284914064	0.26451729484541	0.390056414986284	108654	Fam210a
108655	3059.2	3266.4	-0.0930431976187439	6.77220093024873	8.95873546254271	0.00633953046552197	0.0202724719797908	108655	Foxp1
108657	519.6	558.4	-0.105129932589759	5.07146984990094	7.24385507221068	0.0128009343349757	0.035927127160726	108657	Rnpepl1
108660	15105	15008.2	0.00916222065820099	8.13536311224463	0.106161746589108	0.747401581364817	0.82929823055789	108660	Rnf187
108664	11569.8	11634.4	-0.00857136950271392	7.28346139281938	0.0727289968883549	0.7897261767099	0.859864569353288	108664	Atp6v1h
108671	701.4	707.4	-0.0135638724697786	4.58054529753088	0.0885439734643158	0.768615742398039	0.845284329348037	108671	Dnajc9
108672	522.8	581.8	-0.153271385108156	3.53735519804563	4.4643422768463	0.0452796748012137	0.0988927802322065	108672	Zdhhc15
108673	341.2	355.2	-0.0656488583258861	2.82984120973506	0.875546014135656	0.358813105513555	0.492226539401997	108673	Ccdc86
108679	3654.4	3542.4	0.0446820534810369	6.33878962036128	2.04868595637642	0.165325923551595	0.272073425824292	108679	Cops8
108682	3273.2	1913.6	0.778637943476797	5.94291608572178	317.055235542155	2.87070639591159e-15	6.91553170775102e-12	108682	Gpt2
108686	958.4	985.6	-0.0392618077050322	6.0851337959193	1.25379401754127	0.273991186829069	0.40039705541577	108686	Ccdc88a
108687	426	422.4	0.0127164737038947	4.21343886097045	0.0560636096652041	0.814853438773442	0.877491706502992	108687	Edem2
108689	240.8	284.6	-0.243074196944311	3.48327367964541	14.0415493912956	0.00100489028648255	0.00459160838637262	108689	Stn1
108699	45449.6	42866	0.083907532159416	9.99174131633701	8.81296411139264	0.00671716546014886	0.0212450567967159	108699	Chn1
108705	1873	1886	-0.00749419288193748	5.76794802472061	0.0233324975430736	0.879932720326553	0.923038503490819	108705	Pttg1ip
108707	974.2	909	0.0999996307624784	5.11842632270972	5.57574684100803	0.0267351875868521	0.0648387403526611	108707	Fam207a
108735	1161.2	1008.4	0.20406873107255	5.32810014757458	22.9374509324098	7.22359837326808e-05	0.00052577023647221	108735	Sft2d2
108737	1332.8	1433.4	-0.103749153040774	5.91025713164232	10.0348074732775	0.00417627037932292	0.0145630427171854	108737	Oxsr1
108755	221.6	256.4	-0.203827014229501	3.3240092744306	7.923141546218	0.00963317010586905	0.0286899433104135	108755	Lyrm2
108760	8375.6	7240	0.208076373664245	7.46802207087989	29.4402566928128	1.45401928080724e-05	0.000144741010225811	108760	Galnt16
108767	1610.4	1437.4	0.165510360417561	4.78388581774228	9.31270755415363	0.00551594819828101	0.0181528950951625	108767	Pnrc1
108797	298.6	340.2	-0.197158425577419	4.3567293114843	10.257900373126	0.00383793671030634	0.0135931235507885	108797	Mex3b
108800	244.6	318.6	-0.375626318603746	4.14984507257963	43.818330822697	7.8677110599271e-07	1.34420680449393e-05	108800	Ston2
108811	16.2	23.2	-0.547040137182689	0.855346190669581	16.3067174337065	0.000483993254972617	0.00254386854813608	108811	Ccdc122
108829	925.8	917.4	0.0110133329894276	6.14936371934287	0.0900617275756612	0.766701667305177	0.843885615232183	108829	Jmjd1c
108832	83	157.4	-0.971122630316454	1.73877791102583	80.1258161500383	4.35623372473195e-09	2.15633569374231e-07	108832	Tmem74b
108837	1399.4	1499.6	-0.0932375798446621	4.68119025687867	3.6764248520124	0.0672537707882049	0.134284570102599	108837	Ibtk
108841	513.6	473.4	0.113810696170041	3.90056019335187	4.11179238575172	0.0539112465973212	0.11359083940491	108841	Rdh13
108853	412.8	371.2	0.16108223575691	2.54218178753686	4.0674239467357	0.0551236263758341	0.115555749910994	108853	Mtrf1l
108857	673.6	660.2	0.0272299252270936	6.17406743777806	0.533539492878787	0.47224507281606	0.600759574237223	108857	Ankhd1
108888	1093.6	1183	-0.113772887243057	5.22750075880087	8.03615436191275	0.00919534159459134	0.0275688586202496	108888	Atad3a
108897	28.8	46.6	-0.687549103431346	2.5785313228849	47.2017257919766	4.34907382616207e-07	8.3370707007091e-06	108897	Aif1l
108899	1517.6	1532.8	-0.00871292088595704	5.51202709261536	0.0276005002278987	0.86954212082694	0.915378214688081	108899	2700081O15Rik
108900	66.6	50.8	0.410149940480787	0.65624454188391	7.61065275882212	0.010967962175276	0.0316998450872704	108900	Fam72a
108902	2339.6	2453.2	-0.0700941428664193	6.28654839186558	3.99316606951782	0.0572224201100987	0.118886425222275	108902	B4gat1
108903	1571	1742.4	-0.1493598902135	5.56658501013996	14.6548876247347	0.000820614620005903	0.00389877614592561	108903	Tbcd
108907	259.4	191.2	0.430560029964516	1.56017450823017	13.6268586215253	0.00115485484783472	0.00512504512453271	108907	Nusap1
108909	1443.4	1443.6	-0.00323307095230304	5.11166652320013	0.00704016480900725	0.933832483413181	0.959036293222343	108909	Aida
108911	2713.4	2633.4	0.0432992518101673	6.59352908640151	1.3220401844505	0.261638017057468	0.386646322197418	108911	Rcc2
108927	1686.2	1530.4	0.13819015818836	4.94569354480032	6.20000241630246	0.0202193155346169	0.0517531409132908	108927	Lhfp
108934	32040.4	31334.2	0.0332988525680751	7.6990974099769	0.970422615862832	0.334474252956987	0.465997447182866	108934	Smim13
108937	4392.6	4287	0.0378340186740852	6.26223511426001	1.16028876111682	0.292192531540549	0.420317560796884	108937	Rnf169
108943	553.8	592	-0.102328968542558	2.98235390894594	1.62877064221347	0.214174969867307	0.331408309009962	108943	Trmt10a
108946	1704.2	1685.6	0.0164380893070951	5.95185955252917	0.233707414661843	0.633201816576221	0.738743971005948	108946	Zzz3
108954	4171.8	3672	0.188123735790915	5.58772722714703	21.5094014370349	0.000106033831414337	0.000723613314099542	108954	Ppp1r15b
108958	3665.4	3611	0.0220514267034402	6.45135197111747	0.374485796862483	0.546365633069246	0.666040751586739	108958	Miga2
108960	1431.8	1074	0.412532192333516	4.48848374768128	36.5376176592245	4.89101699351351e-06	5.91093307895019e-05	108960	Irak2
108989	1705	1726.8	-0.0205419507800686	6.80410959836668	0.234042998046402	0.633074501340309	0.73871468817089	108989	Tpr
108995	11.2	18.4	-0.730671874839965	0.433966446520977	14.7125528249684	0.00080528456502022	0.00383891263285035	108995	Tbc1d10c
109006	1687.2	1523.6	0.146851992956955	4.87349244100006	13.3277829825652	0.00127811930746388	0.00556947135064304	109006	Ciapin1
109019	388.4	351.8	0.143260898834313	3.57378176572499	3.04301037422406	0.0944663945540775	0.17552606593195	109019	Nabp1
109032	34.4	44.8	-0.417836693700889	0.0825624052166738	4.68067362549885	0.0407583657848776	0.0909559084537009	109032	Sp110
109042	450	549.6	-0.291815866539027	3.57408043424988	17.5957983618214	0.000325897478314073	0.00184437045871245	109042	Cavin3
109050	7597	6017.8	0.336112283283904	7.51022826039214	64.3860551161046	5.22254481645186e-08	1.53116963036501e-06	109050	Fam212b
109054	534.8	494.2	0.111451264263523	3.68009816086768	2.68230910742333	0.114610542821913	0.204138112870972	109054	Pfdn4
109065	69.4	56.2	0.303682561940648	2.15798873287026	9.35197672009236	0.00543207003919314	0.0179214502123847	109065	Dnaaf2
109075	606.6	608.8	-0.00727678522709216	3.788708424983	0.0136652218360207	0.907920501086973	0.941631690481762	109075	Exosc4
109077	1649.8	1399	0.235622684350315	4.42894737111764	22.3654064363719	8.41127387972124e-05	0.000597721497824438	109077	Ints5
109079	731	725.8	0.0145889464114188	4.58120639668332	0.101315959407153	0.753029637057973	0.833638170215396	109079	Sephs1
109082	344.8	352.6	-0.0338866447300003	2.86885868718639	0.162449191693037	0.69050577912551	0.786057378237388	109082	Fbxw17
109093	580	671.2	-0.214314756422538	4.43767480508527	15.3512862944873	0.000654858184562693	0.00324130816485651	109093	Rars2
109095	1521.4	1437.4	0.0815126962471179	5.40472228225836	3.76146749277375	0.064376838078495	0.129994805474513	109095	Rbm15b
109108	9388.2	9356.4	0.00547806518399236	7.30328969733141	0.0347359286668871	0.85372800251158	0.903709441426685	109108	Slc30a9
109113	2299.4	1799.2	0.356288016955013	5.75160403112652	74.4255274903178	8.59588540085614e-09	3.69776570190401e-07	109113	Uhrf2
109115	571.6	565	0.0202077313846077	3.28173880921982	0.111423593602698	0.741449522977327	0.824907929363066	109115	Supt3
109129	4669.2	4657.6	0.00571068481694974	4.95848250112902	0.0168395992495668	0.897839816344376	0.935519062758109	109129	Mmadhc
109135	1778.2	1872	-0.0749884540502514	6.50605874904715	4.85332799890752	0.0375121817569412	0.0851179081812917	109135	Plekha5
109136	1411.4	1285.8	0.13997178424672	4.67234031341142	8.25833230360479	0.00839701910434963	0.0256326323409228	109136	Mmaa
109145	648.2	676	-0.058746751882244	3.75100161222622	1.06665997553362	0.312072065971889	0.442311202349254	109145	Gins4
109151	856.2	706.4	0.277187942922934	6.17106000869302	58.0567379268275	7.76327278642081e-08	2.08182457986877e-06	109151	Chd9
109154	11178.8	8521.8	0.393101914503999	7.45087638209595	104.150871541706	3.57068639983836e-10	3.34357448363232e-08	109154	Mlec
109161	5412.6	5351.2	0.0176668403521414	5.77167975244855	0.166078603430436	0.687259486943368	0.78334899647342	109161	Ube2q2
109168	1647.6	1761.8	-0.0944777247971902	5.22436283556419	3.5939776308431	0.0701834985004174	0.139153948878605	109168	Atl3
109169	11059.2	10385.4	0.0918589259477904	7.36531232349585	4.60268089297555	0.0432726357946153	0.0953013374638685	109169	Igip
109181	130	119	0.117377009624656	3.75890125009179	1.65497414218014	0.213002471990532	0.330081158414179	109181	Trip11
109202	564.6	483.8	0.22551544774074	1.28450257579458	3.79374971179507	0.0633216137226155	0.128420177458494	NA	NA
109205	4618.6	4583.2	0.0113977880231054	6.64073795124054	0.0803588346496808	0.779260548928793	0.85268232520599	109205	Sobp
109229	1276.4	1071.6	0.251219795371447	4.09012075641508	25.5408668676927	3.70179150065989e-05	0.000307857850118171	109229	Fam118b
109232	5921.8	6481	-0.130015988540801	6.56686635363217	10.177786513485	0.00395585009723136	0.0139526250135144	109232	Sccpdh
109241	2575.6	2333	0.141836468829439	6.38048555845881	11.9871649313454	0.00203781154308084	0.00809412696996166	109241	Mbd5
109245	25.8	22.6	0.217027111614271	0.481149768508024	1.46036605091479	0.23873032228765	0.360678172713044	109245	Lrrc39
109246	1031.4	1133.2	-0.133611910096691	5.18379634109914	6.22449247714476	0.0200962046888166	0.0514653689886881	109246	Tspan9
109263	1189.6	1257.2	-0.0803191572159744	5.35538549827542	5.00376860998502	0.0349185639668925	0.0805350125382901	109263	Rlf
109264	1271.6	1281.4	-0.0119004780485648	5.94143288486562	0.0111622266745229	0.917657202480758	0.948024959235	109264	Me3
109267	42	60.2	-0.496451053880366	0.146411425715446	7.06001122356945	0.0138448174355593	0.0383284794509814	109267	Ssc4d
109270	92	54	0.75945422085573	2.29836954731705	58.8427283877944	6.91611758036567e-08	1.91138744754504e-06	109270	Prr5
109272	172.4	156.2	0.144958111073063	2.40068380743786	1.58932982376464	0.220054536064795	0.338189076478528	109272	Mybpc1
109275	42	49.8	-0.234481912980996	2.71380271844101	8.224399663785	0.00851385093112303	0.0259181131757482	109275	Actr5
109284	1789.8	1766	0.019873296011764	6.15990288704758	0.262945267624448	0.61282589875107	0.722848501758444	109284	R3hdm4
109294	436	399.8	0.132909711548576	4.84660657687321	1.97238613678146	0.181625356615491	0.291943304990382	109294	Prex2
109299	2460.4	2531.6	-0.0436346614670383	6.05017124908033	1.10973126863041	0.302707782098777	0.43196152457851	NA	NA
109305	52.4	52.8	-0.00532906434583642	2.07216166711377	0.00238154605044824	0.961484636756135	0.975933914302892	109305	Orai1
109331	2197.2	1975.2	0.155997985531998	6.2921556319628	20.3163644808531	0.000147602769106407	0.0009537105161663	109331	Rnf20
109333	913.4	887.8	0.0397189408355712	5.10514301727025	0.78567008501042	0.384272857057786	0.517785016865222	109333	Pkn2
109346	493.8	509.8	-0.0423007452454746	2.56685440532772	0.257990490417024	0.616174727519082	0.72590997730547	109346	Ankrd39
109349	3098.4	3013.4	0.0373829282663972	6.98503396063944	0.938327755272359	0.34244014713709	0.475149264348613	109349	Fam163b
109359	2037.2	1974	0.0463302712350656	5.13198681258835	1.39440835511299	0.249317181240528	0.372878331642385	109359	Abraxas2
109552	1819.2	1800.2	0.0146075025961556	5.43788325207306	0.134496184758411	0.717052205059666	0.806558176804079	109552	Sri
109593	1640.8	1503.8	0.126612057836209	5.94777191010108	13.8209940829699	0.0010818143634906	0.00486347643646755	109593	Lmo3
109594	99.8	87.8	0.176244592394506	2.49227397452815	2.76374770092381	0.109609130082098	0.197419360274971	109594	Lmo1
109624	489	534.8	-0.128188163152006	4.62480031505561	7.92114552049436	0.0096411063735894	0.0287028942376645	109624	Cald1
109637	15.8	6.8	1.1020544090353	0.0557639427006425	35.3398436363705	4.02072910174731e-06	5.0403832121991e-05	109637	Upk1a
109648	1283.6	1297.8	-0.0147653119572084	6.15175999905462	0.0198274099842362	0.890394140404392	0.930635397021121	109648	Npy
109652	229	214.4	0.0829522311911337	2.98229493747909	1.28899259599638	0.267527062155682	0.393531056014474	109652	Acy1
109658	951.6	781.6	0.285059615875103	5.66475103970981	70.6850129084861	1.37275704290209e-08	5.34820223668646e-07	109658	Txlna
109660	95.2	75.6	0.340202412181457	0.0974827748798291	3.48169883051788	0.0744105308503228	0.145637076900551	109660	Ctrl
109672	1193	1197.8	-0.00447350725685088	5.60170448494298	0.0172072653458579	0.896737160098626	0.934966378999174	109672	Cyb5a
109674	1861.6	1613.4	0.205526023215867	6.23838830190037	23.569560266053	6.1193155124371e-05	0.00046187251392567	109674	Ampd2
109676	17854.2	16862.2	0.0814692738062853	9.5221330404382	5.1134345833951	0.0332732399278679	0.0774696214428805	109676	Ank2
109689	17123.6	14641.8	0.227140241723579	8.70649274633943	50.2169128677645	2.6264212952532e-07	5.61572387597481e-06	109689	Arrb1
109700	98.2	97.8	0.0101882136387603	2.00401344731166	0.00821408910609081	0.928543013114101	0.955771730488225	109700	Itga1
109711	4053.6	3354.2	0.273709476153298	7.09930346727665	60.7138996755389	5.27628364809884e-08	1.53756862600042e-06	109711	Actn1
109731	786.6	759.8	0.0484912186953694	4.87327816163261	1.11307060023052	0.301997713759223	0.431033371647655	109731	Maob
109754	725.6	889.8	-0.295589466320495	5.35544127147166	52.0155927029049	1.96343491323214e-07	4.41129402238957e-06	109754	Cyb5r3
109778	651.4	679.6	-0.0555084735544631	3.77033082731638	0.734518882830409	0.39996160288979	0.533257452486676	109778	Blvra
109785	392.6	420.4	-0.0975006544996479	3.67888799447328	3.0202435889374	0.0951425633712883	0.176464854480765	109785	Pgm3
109801	5040.2	4981	0.0174158570289891	5.56057545055623	0.227308995783901	0.637870467231977	0.742632278161176	109801	Glo1
109815	518.6	488	0.0915203160980209	3.93121651741609	1.80725414970716	0.191499740449062	0.304458521747119	109815	Selenos
109828	2	5.8	-1.29962784647045	0.581120802977653	53.37824578118	1.58242685079611e-07	3.73731988585082e-06	109828	C7
109857	123	102	0.277740878462528	2.63100228159313	9.77724809830849	0.00460806119966542	0.0157346838128901	109857	Cbr3
109880	3405	3355.6	0.0210832714171175	7.18464243718738	0.584121786393537	0.452205103944651	0.582806292680873	109880	Braf
109889	575.4	602.8	-0.0670200489249088	3.42341728362919	1.20406262918029	0.283478606617045	0.410555123395566	109889	Mzf1
109900	383.4	441	-0.210454687637815	3.739515803215	10.4106224586203	0.00362367210844741	0.0129612859825535	109900	Asl
109901	42.8	62.8	-0.546980892153612	0.141566355286529	2.41299492300822	0.141833796464664	0.242220163407094	109901	Cela1
109904	194.2	212.4	-0.130823027913892	2.643053369998	2.29898513921906	0.142616062187067	0.243172415105799	109904	Mcf2
109905	194.8	200.4	-0.0425942894425362	3.96296332651198	0.14493018117431	0.708735847696871	0.800005305943816	109905	Rap1a
109910	9193.6	8646.6	0.0884812040844814	6.91703902043552	6.15942211780368	0.020523442123337	0.0523831595357078	109910	Zfp91
109929	417	487	-0.227536578412133	3.42268040030036	13.9857395115221	0.00102377493710747	0.00464896102448991	109929	Zbtb25
109934	39232.6	36178.8	0.117026995693271	9.41084320030254	21.1077081270193	0.000118399794836682	0.000793761889874487	109934	Abr
109979	83.8	116.2	-0.488159419421013	1.48825180238158	23.5462010058687	6.15668781000276e-05	0.00046396645258488	109979	Art3
110006	496.8	491.4	0.0144167283580125	3.71321061479071	0.0548465174506656	0.81683579174193	0.878790065786219	110006	Gusb
110012	556.2	548.2	0.0227311560917515	4.90338202750516	0.0997958642778512	0.75561308784931	0.835689920558109	110012	Tpgs1
110033	374.6	282.6	0.415200816481269	2.88989344560278	25.8458399478317	3.43138819717817e-05	0.00029055234330412	110033	Kif22
110052	2392.4	2662	-0.155533372353174	5.70452607288683	14.228935985272	0.000944210057015949	0.00436863385534844	110052	Dek
110058	2099.4	1865.6	0.173895986577886	5.68862451535469	16.9155525928408	0.000400837479919501	0.00219209418643832	110058	Syt17
110074	1555.8	1598	-0.0382354727430109	4.26885050792326	0.510999431715953	0.481653254129293	0.609242682697541	110074	Dut
110075	259	315.2	-0.29094455343784	3.68857212311309	19.9637854906843	0.000163061789065885	0.00103830733375133	110075	Bmp3
110078	6119.6	6517	-0.0898560828625422	7.45431376036105	7.37908751619859	0.0120885220307759	0.034320859837524	110078	Pygb
110082	188.4	196	-0.0570769747639368	2.52565973866002	0.302051342877641	0.587714739099963	0.701240617380788	110082	Dnah5
110084	637.4	716.6	-0.172685884708581	3.96943128634708	4.74594910273311	0.0406046218416434	0.0907388998297949	110084	Dnah1
110094	480.8	589.6	-0.300658795531344	5.3480903454878	49.3089462447515	3.05031253623231e-07	6.25098198563899e-06	110094	Phka2
110095	180.2	167.8	0.10580837225334	2.01523667591462	1.56327019774142	0.258239670908234	0.382791119198812	110095	Pygl
110109	824.8	769.8	0.101168463011282	4.76130195666778	3.48591289405732	0.0742467200059512	0.145375520315093	110109	Nop2
110119	1487.8	1473.6	0.0108191897119564	5.86887652234569	0.0866592051382286	0.771017771203297	0.847146754221596	110119	Mpi
110147	4213.2	4448.6	-0.0777254745923974	7.66641324384804	7.84646455188782	0.0099432755999825	0.0294146757106318	110147	Ehmt2
110157	2286.2	2371.2	-0.0541361440906226	6.36019080276854	2.40330708280879	0.134262518177501	0.232025745937649	110157	Raf1
110172	2960	2606.6	0.186375187698758	5.29035362996338	17.114636853369	0.000377129852453809	0.00208863875695705	110172	Slc35b1
110173	311.8	310.4	0.00744554602460896	3.54745095799307	0.0100776386539526	0.920876762993557	0.949993057762391	110173	Manba
110175	374.4	379.2	-0.0128465132884198	3.35873286408671	0.0332815626130823	0.856786925486799	0.906522086303067	110175	Ggct
110196	3303.8	3714.2	-0.16973921052534	4.69951067163303	12.4538079050133	0.00172846033808557	0.00710152522077566	110196	Fdps
110197	7104.6	5469.4	0.37954278882089	6.25832461114478	33.592178884029	2.90080902490777e-05	0.000252428017134358	110197	Dgkg
110198	720.6	709.8	0.0204454213365824	3.78317741333012	0.116909305497536	0.735408896290828	0.820755168480243	110198	Akr7a5
110208	858	917.6	-0.0958525336525281	5.1640836530228	5.95949978301863	0.0224494378234635	0.0563976668732397	110208	Pgd
110213	16775.6	16071.6	0.0630920590562348	7.98439053562025	4.87760470528355	0.0370794290004085	0.0842815013008183	110213	Tmbim6
110253	35	36.6	-0.0601369869995201	2.83459848039019	0.586762762756462	0.451196977287606	0.581766379100362	110253	Triobp
110257	112.4	130	-0.218115621542818	3.85010771996012	5.08829896674351	0.0368311953383585	0.0838491254403267	110257	Hba-a2
110265	1029.8	1030.8	-0.002943554082863	5.11199107047043	0.0050934128918534	0.9437004993812	0.964452168426491	110265	Msra
110279	4357.2	3607	0.273207594137787	7.25584586663944	76.6454014926007	6.56631219391523e-09	2.97521869751883e-07	110279	Bcr
110304	13.6	16	-0.206314958088368	0.881977257781455	1.29155837443695	0.267423341284761	0.393458568294985	110304	Glra3
110323	4847	4878.8	-0.0107274244483408	7.4280735769384	0.0895148203847509	0.76738933872816	0.844286534591063	110323	Cox6b1
110326	27.8	24.4	0.174711205375272	2.23297195085623	3.42098999737491	0.0768169188173712	0.149317007111042	110326	Tas1r1
110333	57.8	56.6	0.0194218066642775	1.11257590395769	0.0184236372245924	0.893172183492949	0.932190825345302	NA	NA
110350	1985.2	1776.4	0.159659935989787	4.99941756676581	16.2686628467157	0.000489781410716273	0.0025645689689796	110350	Dync2h1
110351	3619.4	3184.6	0.184177989988292	8.04982138881729	43.2317436997336	8.74638118176297e-07	1.45834408114661e-05	110351	Rap1gap
110355	9925	9248.4	0.102551142744237	8.14574981442085	14.0689438101941	0.000995759953586021	0.00455898459586074	110355	Grk2
110379	608.6	607.4	0.00194624218426114	4.72285125262948	0.0021893398777506	0.963070316044088	0.976775519685089	110379	Sec13
110380	3402	3591.8	-0.0781662132690476	6.47936633937019	3.53256048733281	0.0724606849983986	0.142651422087558	110380	Shroom2
110385	79	66	0.227879408173442	2.11669409225047	2.6911943613064	0.116150299040285	0.20606805232948	110385	Pde4c
110391	1013.2	1177.8	-0.217777309807117	5.61659141198844	24.3704787364678	4.97587423513509e-05	0.00038876370916023	110391	Qdpr
110417	191.2	196.8	-0.0385883786348699	2.32547955388557	0.200888089686736	0.658054599976696	0.75940288926652	110417	Pigh
110446	2659.2	2601.8	0.0295718787573425	6.30200261545787	0.613119513556375	0.441330339162776	0.572466007561587	110446	Acat1
110454	1775.8	1331.2	0.41065158726485	4.0316708482025	36.3463167968733	3.27254361096752e-06	4.25754683644685e-05	110454	Ly6a
110460	1102.2	1298.8	-0.237084517053888	4.51956530361932	24.6988917773231	4.57606554265514e-05	0.000363619853510376	110460	Acat2
110521	2657.6	2431	0.126462591640257	7.113644343756	3.20454816516896	0.0953760984495078	0.176739247049896	110521	Hivep1
110524	1917.6	1987	-0.0524269605963937	5.70844670414952	1.64229166341001	0.212344224367299	0.329460660774926	110524	Dgkq
110532	10875	10683.6	0.0268185868958458	8.07707979859454	0.587842435231871	0.450785881968137	0.581340037291886	110532	Adarb1
110542	37.8	25.4	0.564205943201946	0.0828893185190328	7.50407887223288	0.0114687835091705	0.0328723480971545	110542	Amhr2
110593	4095	3065	0.418410580026595	6.60038351034618	95.3066123337732	1.0785038882616e-09	7.42318819092057e-08	110593	Prdm2
110595	903.8	731.4	0.306138556129321	4.31271004674261	34.5415639310847	4.74633912148598e-06	5.76500719848389e-05	110595	Timp4
110596	1705.6	1365.2	0.323477881100848	5.62068621363836	55.9813153287948	1.05914211504056e-07	2.70474207257884e-06	110596	Arhgef28
110606	905.6	979.4	-0.115032152364196	4.836189967342	5.84364279418772	0.023656902703947	0.0588835666751937	110606	Fntb
110611	8510	8272	0.039994613308694	8.13238573478318	1.53431212322479	0.227532591963796	0.347318205116138	110611	Hdlbp
110616	833	821.8	0.0203346169872583	5.17702469309202	0.244928214660947	0.625202599655368	0.732307810001514	110616	Atxn3
110637	1442.8	1375.2	0.0694940162310132	5.18509077248673	2.55945254623448	0.122815468546164	0.215774253356784	110637	Grik4
110639	1855.6	2150.2	-0.214033793615168	5.07978744569006	24.3633252231636	4.98499465198759e-05	0.000389235977208273	110639	Prps2
110651	259.2	283.4	-0.132423250486322	4.31284062213292	5.57820348591017	0.0267050091096907	0.0647967436077673	110651	Rps6ka3
110695	2585.2	2581.6	0.00288057199440367	6.30765137210422	0.0068469543126549	0.934744564505891	0.959505570298143	110695	Aldh7a1
110750	6344.8	6341.6	-0.00188458907621496	6.29020442005196	0.00244722027308869	0.960957637816277	0.975617752949156	110750	Cse1l
110751	487.6	789	-0.699779770224534	3.63866356462747	74.2274358477113	9.48946994487415e-09	4.03414113480032e-07	110751	Adam33
110784	555.2	596.4	-0.107232935031837	4.71027576683632	4.71844172385406	0.0400221974766927	0.0897565310051382	110784	Nr3c2
110789	11.4	12.4	-0.124858814653388	0.460513403450445	0.600665589941628	0.445949004017131	0.576903866827496	110789	Adgrv1
110796	763.4	821.2	-0.106847494260767	4.93147770434843	5.41122119327391	0.0288454575896887	0.0690495655500194	110796	Tshz1
110809	9065.6	8616.6	0.0735032390718413	7.61997218995634	5.01617231225685	0.0347138437343863	0.0801523797662651	110809	Srsf1
110816	1275.8	1207	0.0827159990107951	5.19248368277419	3.57570181367753	0.0708524673157478	0.140230256412682	110816	Pwp2
110821	1031.8	1111.2	-0.110377077649668	4.5579378958959	5.29873405629878	0.0303949997278826	0.0720506843859022	110821	Pcca
110826	448	448.4	-0.00142674718413814	4.24814688235842	0.000772129174574634	0.978063323067709	0.986182579115498	110826	Etfb
110829	343.4	351.2	-0.0296335317709542	4.37086400450747	0.192867373559799	0.664711006817339	0.765007794612455	110829	Lims1
110835	83.8	67.6	0.31373793162346	1.70237875250919	7.0904060614148	0.0136659349953351	0.0379860431581871	110835	Chrna5
110842	2265.6	2074.2	0.133072168907312	4.12089788271868	5.24593443157322	0.0311541787097304	0.0733511156654901	110842	Etfa
110854	8795	8712.8	0.0144878480544264	7.31187810218205	0.209489660303579	0.651314677072635	0.753248707185779	110854	Ptpa
110862	12.4	12.8	-0.0614236504416032	4.18830230944537	0.216015930377341	0.649676193873493	0.751835044535425	110862	Kcnq3
110876	5092.8	5384.6	-0.0811568427860916	8.43351335508661	8.06058742002659	0.00910359140392156	0.0273505113598591	110876	Scn2a
110886	1998.6	1978.6	0.0108228823017745	6.16761863811435	0.0649157621604743	0.801075095541156	0.86777631948976	110886	Gabra5
110891	11319.4	11005.6	0.0398058920400718	8.8683296492869	1.7950327431777	0.19295467416484	0.306143453389528	NA	NA
110893	599.8	711	-0.243500292408795	4.74861243652755	20.6631557192131	0.00013393999501197	0.000879585955430723	110893	Slc8a3
110902	78.4	53.2	0.593500858164284	0.0235933131852145	8.34923885498807	0.00809261865900154	0.0248464688675427	110902	Chrna2
110911	41132.6	40223.2	0.0327941807434203	9.40353226727819	1.38147579611551	0.251463156721595	0.375162352926146	110911	Cds2
110920	3107.8	2672.6	0.217665004893589	5.4090574629197	14.7320587457152	0.000953778120344606	0.00439741912327302	110920	Hspa13
110948	543.4	544.6	-0.0061001756430627	4.13875675551258	0.0142036720425816	0.906132683001448	0.940555964100749	110948	Hlcs
110954	247.6	249.4	-0.0166912907685618	2.52559049383477	0.0517691727839704	0.821954184113787	0.882260936965742	110954	Rpl10
110959	3110	3034.6	0.0337539277966096	5.68830866771389	0.863790657635197	0.362002081883571	0.495396524478805	110959	Nudt19
110960	918.4	818	0.16555772614344	5.04201780243326	16.1133949884605	0.000514191231903348	0.00266384231753799	110960	Tars
110962	438.2	462.2	-0.0776191747904025	6.02275261807283	5.72795812807766	0.0249350059489816	0.0613882772928938	110962	Mbd6
111173	5077.4	4485.8	0.179977014940194	6.36754577888101	23.5051780833556	6.2229215893663e-05	0.000467738474533024	111173	Erc1
111175	212.8	275.4	-0.37405678181653	1.93733412953466	14.7655480083131	0.00079147091315392	0.00378429393937372	111175	Pecr
111241	212.4	203.2	0.0661940781034768	3.66883399191039	0.887834298607248	0.355522299573044	0.488796662991418	111241	Hmga1b
111970	1018.4	923.4	0.140256071289508	3.48748846650132	4.04909456912176	0.0556334613670556	0.116421898161202	NA	NA
112403	237.8	225.2	0.0772645362078787	4.07362117668432	2.34617709378813	0.138762941441789	0.238147655616198	112403	Dxo
112405	8179	7010.4	0.225042543361896	6.6275347651036	44.8049036997806	6.5983208057486e-07	1.16877608978297e-05	112405	Egln1
112406	1185	1004	0.240755095521304	6.09841612116149	54.358022796128	1.35830213884913e-07	3.29411058975258e-06	112406	Egln2
112407	429.2	423.2	0.0181242127162068	3.92062668952127	0.0676642720927203	0.797003414868674	0.864596769627125	112407	Egln3
112415	1295.6	1331.8	-0.0354310732780528	3.69306072369701	0.251378985812791	0.620707295299289	0.728755035842411	112415	Zfp607b
112418	45.4	18	1.32569044344725	0.47901059892966	49.354748412747	3.02723876714339e-07	6.23508533016785e-06	112418	1700102P08Rik
112419	168	94.6	0.818237604335607	0.385768242854805	17.5071858182281	0.000334732287601803	0.00188698146840735	112419	Ifit1bl2
11298	224	289.6	-0.452282727032342	0.299143862089804	6.02302237953943	0.0218165636627017	0.0550133655234979	11298	Aanat
11302	5819.8	5817	0.00113799012208891	8.16664503600959	0.001563180638465	0.968791651174373	0.980792243368745	11302	Aatk
11303	376	379.8	-0.0189179393383896	5.12310567441561	0.130779500411861	0.7208128306853	0.809276732540416	11303	Abca1
11304	46	59.8	-0.387940816451456	2.07456270174418	11.6938889919938	0.00226289785192956	0.00877622057195723	11304	Abca4
11305	6717.4	6431.8	0.0622539537268491	8.50827312418286	2.62041223402024	0.119180699797032	0.210514216652365	11305	Abca2
11306	1147	1008.8	0.187559477400467	5.19682084190185	15.8155657353087	0.000564804624208256	0.0028715040584967	11306	Abcb7
11307	5553.4	5267.4	0.0765293022323941	6.11915379992718	4.96924424161241	0.0354955281793059	0.081552543859634	11307	Abcg1
11308	4501.2	4386.6	0.0365775951997478	7.02613042822355	1.52732301166582	0.22856208298122	0.348668743790032	11308	Abi1
11350	1501.6	1503.6	-0.000707633381523426	6.00528317734868	0.000410128523384675	0.984011300325218	0.990200768723377	11350	Abl1
11352	2479.2	2219.8	0.165230802530235	6.42497629142026	10.3105350373369	0.0043847786586155	0.0151439882273903	11352	Abl2
11363	459.6	479	-0.0569872733729347	4.46469489470943	1.4471874084315	0.240798987608109	0.36323743471444	11363	Acadl
11364	1469	1474.4	-0.00647390459121338	4.93328169736884	0.026717166539339	0.871539776638629	0.916896130106612	11364	Acadm
11370	1770.8	1679.4	0.0754988789506945	5.52356573665662	4.7832561810523	0.0387933479009675	0.0874620262924011	11370	Acadvl
113868	1709.2	1624.8	0.0753857913021268	5.29020541207538	3.59574133449618	0.0701193220123127	0.139064857349886	113868	Acaa1a
11409	31.8	34.6	-0.118343825763436	2.37063817071554	1.15451422000784	0.293368557270146	0.421675078866051	11409	Acads
114128	5905	5615.6	0.0711518924155801	6.40884353796257	5.43172271200942	0.0285726414516617	0.068500407951952	114128	Laptm4b
114142	176.2	180.2	-0.0344814494306993	3.93862506917183	0.263093631072865	0.61272624310184	0.722789938610462	114142	Foxp2
114143	4887.4	4799.4	0.0252037916145189	7.54189631184353	0.664552289180628	0.423032552086907	0.556075276384309	114143	Atp6v0b
11416	1726.2	1442.6	0.260395239328724	5.07338035000754	38.8377148538408	1.99548009443335e-06	2.85570983019204e-05	11416	Slc33a1
11418	3106	2770.6	0.162149481544096	6.40065637818233	14.8949074272835	0.000758824509813709	0.00365236412415829	11418	Asic2
11419	3358.6	2989.2	0.169624183723045	6.45117289236318	23.9793785227472	5.50219480899135e-05	0.000423927098982735	11419	Asic1
11421	438.2	475.4	-0.118163853016833	4.31489688287747	4.23648404818341	0.0506622525986812	0.108091339310526	11421	Ace
114229	229.4	226.6	0.00975609281705893	2.40253658416765	0.0106939237984104	0.918502029028576	0.948762118743589	114229	Kiss1r
11423	1373	1569.4	-0.194314487387211	5.75896206456202	31.39431383434	9.3496732604667e-06	9.99923433677791e-05	11423	Ache
114249	794.8	842.8	-0.0827809026968873	4.71937144754118	1.14181678917562	0.299573863729448	0.428250482281223	114249	Npnt
114255	307.2	287.2	0.0915628290515964	3.79257966642583	2.14941110879184	0.155700184571619	0.260214217364041	114255	Dok4
11426	2387.4	2305.2	0.0497520691395999	8.65869396189484	3.1128065715306	0.0904989136356741	0.16981322831235	11426	Macf1
11428	738.4	805.2	-0.123813888695343	5.08969912830915	9.01960982800941	0.00618878035687825	0.0199137647547458	11428	Aco1
11429	13998.8	14313	-0.0325588074536613	8.85287298776696	1.51104235364413	0.230983150896837	0.351656884670621	11429	Aco2
11430	9670.4	9495.2	0.0259472450758173	7.80511441459279	1.01027779407964	0.324936579119245	0.456116666464947	11430	Acox1
114301	596.4	505	0.247244080653629	4.49530979937703	10.0419859850555	0.00515846286500588	0.017179820795114	114301	Palmd
11431	2068.2	2252.8	-0.120428062194952	5.12331903517141	7.95851052770768	0.0094937276559421	0.0283107777055884	11431	Acp1
11432	1237.2	1220.8	0.018909821632837	5.85227259486851	0.239756592125518	0.628860380846489	0.735221867245422	11432	Acp2
114332	13.8	6.2	1.079333195522	0.437491493999313	29.350469364041	1.48442572301447e-05	0.000147119088659746	114332	Lyve1
11434	60.8	95.4	-0.77417840745734	1.87120018725038	29.4968536311915	1.43520060074131e-05	0.000143163488496307	11434	Acr
11438	2033.8	2163.4	-0.091662072385014	5.63615877820533	3.93133138068556	0.0590393183741652	0.121563582293683	11438	Chrna4
11441	149.6	185.4	-0.316078031397596	3.24416402278013	22.6290980446609	7.83934900655587e-05	0.000561774668025575	11441	Chrna7
11443	26	14.8	0.753475189012002	1.20742454540307	34.6703070798436	4.62028910142039e-06	5.64034279323736e-05	11443	Chrnb1
11444	3088.2	3078.4	0.00363548760674481	6.17906178110144	0.0121531449282927	0.913141416400501	0.945202912303634	11444	Chrnb2
114479	1831.4	2132	-0.208788131556152	3.67423656407998	8.59063269903431	0.00734157776865617	0.0229289466439404	114479	Slc5a5
114565	456.6	405	0.178041669675621	4.30739218307185	11.3660596173534	0.00254715206084907	0.00964036027428973	114565	Zbtb21
114570	251.6	123.4	1.04062886086226	2.02091981530773	59.4170980306827	1.39853676274208e-07	3.37469956071353e-06	114570	Crip3
114584	109.6	119.8	-0.137912590092629	3.0021355063308	3.82476541945467	0.0623262691124157	0.12700745717621	114584	Clic1
114585	972.6	1022.4	-0.0760501221221042	3.59105609803228	1.42968529270066	0.243581828065877	0.366327104229136	114585	D17H6S53E
11459	528.8	596.2	-0.160056361045497	3.17415918708081	3.81020432238199	0.0627913274567679	0.127631253981173	11459	Acta1
114601	595.4	584.2	0.0312974160786648	4.87582574629808	0.348715707867788	0.560401622292695	0.678168540574231	114601	Ehbp1l1
114602	23.4	26.2	-0.168376454625107	1.70171081408431	2.24650751190626	0.147051320367012	0.248768701379307	114602	Zmynd10
114604	997.6	850.2	0.230755114907319	4.82825222942036	28.5854839814872	1.7733378396116e-05	0.000169186964579182	114604	Prdm15
114606	102	107.4	-0.0593073080008375	2.53374921463044	0.487091145501814	0.491983927998232	0.617783136067203	114606	Tle6
11461	48136.2	48093.8	0.000848973508911447	9.5103247016564	0.00109322843232293	0.973899002599871	0.984055261545047	11461	Actb
114615	1106.2	1205	-0.125613363328997	5.01911582400319	8.08982159261644	0.00899513334046957	0.027080953406196	114615	Elac1
114641	323.4	303.2	0.0924883314582486	2.834395849051	1.18538572846087	0.287153728637402	0.414720223193946	114641	Rpl31
114642	610.2	570	0.0997961264679561	3.9018105968591	3.81986965356525	0.0624821940564806	0.127199666604559	114642	Brdt
114643	57.4	65.4	-0.192485645593482	0.525447126861306	1.23635016559901	0.27727068731518	0.403877786432476	114643	Oas1c
114644	883.6	911	-0.0445859198863656	3.94819767551525	0.506753231523536	0.483460939869761	0.610994528711859	114644	Slc13a3
11465	618.2	681.8	-0.145565226761125	5.89240771836771	2.45240755276135	0.142077825843313	0.242512151008413	11465	Actg1
114663	240.8	328	-0.44176383325555	1.65358566732031	13.3877327819327	0.00125230532706245	0.00548130421856541	114663	Impa2
114664	447.8	463.8	-0.0500650753309719	4.54574496902151	0.997326750134424	0.327994115919411	0.459382456540616	114664	Hsd17b11
114674	711.8	801	-0.178130285898094	3.26219952390245	6.65666302307131	0.0164806179648447	0.0440153089548901	114674	Gtf2ird2
114676	46.4	49.6	-0.0918765590909382	1.46935402281355	0.360970851856364	0.553901610315084	0.672130296209882	NA	NA
114679	459.8	466	-0.0201386978269307	5.44165561580232	0.252940959341769	0.619629748967699	0.728082099862643	114679	Selenom
114713	2000.6	2151.6	-0.104876351994388	5.08243649608093	5.57298933478341	0.0267691072077359	0.0649086857206197	114713	Rasa2
114714	108.8	85.8	0.328404092009008	1.10602262277667	7.86211484292659	0.00987909920259738	0.029242781051473	114714	Rad51c
114715	9561.2	6708.2	0.513658385898076	6.89310184064933	99.6771757119676	6.04015771275128e-09	2.79919186103682e-07	114715	Spred1
114716	2061.4	1470	0.485929438251849	6.40155179313215	20.8460033046438	0.000701587792542636	0.00343637748336539	114716	Spred2
11472	98	100	-0.0249571927352757	4.10587722670115	0.109644523903803	0.743748521469908	0.826600618588055	11472	Actn2
11474	229.2	238.8	-0.0998300518996668	0.573644234096836	0.309921400430381	0.582920718146564	0.696755778461667	11474	Actn3
114741	2076.2	2137	-0.0415644538861756	5.9261440053794	1.06734494498593	0.311920091477314	0.442241480265413	114741	Supt16
11475	69.6	76	-0.11314857556255	2.89394020821581	1.16885521405213	0.291569273655992	0.419671607391328	11475	Acta2
11477	813.2	849.4	-0.0609983999353661	4.92604163486988	2.20456434939321	0.150714971656529	0.253837590342981	11477	Acvr1
114774	54.4	50	0.139204822938922	1.31346075090781	1.10183654401652	0.304395475210663	0.433941433937757	114774	Pawr
11479	4926	4968	-0.0118599476633286	7.16130341860493	0.117921440519916	0.73431183777755	0.819910645286729	11479	Acvr1b
11480	3326.2	3106.2	0.0995206196082932	5.80260660836264	4.66978250492956	0.0410010930343937	0.091342447398139	11480	Acvr2a
11481	10.4	9.6	0.0836403485205475	1.40467033468584	0.456480494419539	0.505779210163816	0.630452418458929	11481	Acvr2b
11482	339.2	313.2	0.115567025780737	3.89213292663771	3.41730354042143	0.0769658883375115	0.14944451236303	11482	Acvrl1
11484	91	150.8	-0.724562291312555	3.18339746233402	40.981725176936	4.15750979371669e-06	5.18934771661321e-05	11484	Aspa
11486	6.8	3.8	0.628075973043788	-0.291868052661558	6.76975735010561	0.0156895880584849	0.042324991750157	11486	Ada
114863	2547	2142.6	0.251781329810556	5.98310826539887	42.8191970004877	9.42790092447828e-07	1.55382987414377e-05	114863	Plpbp
11487	4615.8	4584	0.00887732093560785	6.3424327725888	0.0784135869958082	0.781875917271748	0.85434188904187	11487	Adam10
114873	2060.6	1562.6	0.396458174912952	6.40811974837613	83.3278226768584	3.74268249680241e-09	1.88490358218753e-07	114873	Dscaml1
114874	1609.4	1627.2	-0.0172471668272068	6.27165502835815	0.246741475877178	0.623931570249238	0.731056008137361	114874	Ddhd1
11488	4196.8	4522.8	-0.107202156232154	7.559860176201	12.3906364462871	0.00176716140064904	0.00722561552616158	11488	Adam11
114886	785.8	874.8	-0.158320402988924	5.45261251973695	8.41912681620624	0.0083705748457321	0.0255681083728258	114886	Cygb
11489	168.8	175.6	-0.0381412179884525	2.05843284859132	0.14473846488708	0.706986043745396	0.798979078868888	11489	Adam12
114893	2004.8	1950.4	0.040379827895021	5.03739081954409	0.631872190624491	0.434517470768426	0.566577854983025	114893	Dcun1d1
114896	1107	1107	0.00041138423153679	4.7765807172952	7.21701624262615e-05	0.993292549332639	0.995068288795226	114896	Afg3l1
11490	2263.6	2241.2	0.0134857357460049	6.75307612839808	0.195242940684	0.662573246350127	0.763215946983163	11490	Adam15
11491	521.8	492.2	0.0818035602582338	4.07987032919405	2.48403826405839	0.128193962874961	0.223458217486093	11491	Adam17
11492	2309.8	1953.2	0.245339773473261	5.19940862564317	13.227874083496	0.00184360224347161	0.00745708772742486	11492	Adam19
11496	11928.4	12599.6	-0.0783445350977475	8.2501081480958	6.09973408113572	0.021078538395602	0.0535164577498737	11496	Adam22
11501	576.4	256.8	1.15999931081851	3.02395323168321	217.630632895164	1.77113277428987e-13	9.48146411836509e-11	11501	Adam8
11502	2562.2	2459.2	0.0593377139917024	6.26817734713771	2.97134695597738	0.0977065415651795	0.180364029601929	11502	Adam9
11504	336.6	376	-0.166424841639175	3.23804327464188	3.88363493139848	0.060485528127005	0.123942090424129	11504	Adamts1
11512	4395.6	4063.6	0.115207591292299	6.51926242829756	9.20625135036919	0.00575056806662227	0.018728866794718	11512	Adcy6
11513	470.4	451.6	0.0633647202974306	3.8810541518629	0.695409581435032	0.412900872957248	0.54542763824932	11513	Adcy7
11514	1218	1540	-0.343625429669894	4.48368583631083	34.6970985736061	4.59451742456758e-06	5.61362255745561e-05	11514	Adcy8
11515	2618.4	1920.8	0.446890778862067	6.43008267509631	119.725860377336	8.9900400416811e-11	1.24944268040826e-08	11515	Adcy9
11516	3606.8	3729.4	-0.054031622100034	5.00005736747821	0.320178863613324	0.580442026732561	0.694742386087482	11516	Adcyap1
11517	10014.6	9898.6	0.0177461676693719	7.65195249950684	0.221060348594864	0.642508803661647	0.746043265823745	11517	Adcyap1r1
11518	20795.6	20061.6	0.0518000699856154	9.00783008641389	3.75865559520087	0.0644696946348952	0.130127770737715	11518	Add1
11519	2818.2	2376.2	0.245871196625378	7.42423413003733	44.9611721434265	6.41849868876422e-07	1.13831877358771e-05	11519	Add2
11520	29	36.8	-0.350839187333891	2.01180022385705	10.8023246689978	0.00313163670012239	0.0114247039029705	11520	Plin2
11532	2013	2243.2	-0.154543461526405	5.25255874494349	15.4186352162595	0.000640876692478273	0.00318872003892632	11532	Adh5
11534	2189.2	2126.8	0.0423917949893322	5.68889374165875	1.31303233897976	0.263226338370648	0.388430167923363	11534	Adk
11535	50.6	33.8	0.568411730808499	0.559774156576081	13.1930200339764	0.00133829191099365	0.00576047387775527	11535	Adm
11536	149.8	150.2	-0.00926966376681189	0.786637999005216	0.00417015550702183	0.966609729088167	0.979448998121442	11536	Gpr182
11538	7494	7503.6	-0.00234031574025886	7.43404234623308	0.0066491931809781	0.935691652253551	0.959796121046968	11538	Adnp
11539	4669.2	4245.8	0.134995294302467	7.95040495381664	7.758552484367	0.0120221159962099	0.034172598743209	11539	Adora1
11540	0	0	-0.0549397820012504	2.56788628580679	0.0255145825603607	0.875904685933647	0.920014993858363	11540	Adora2a
11541	76.2	89.6	-0.224270163767438	0.985345876433664	2.33483594657398	0.139677508530186	0.239432958763676	11541	Adora2b
11544	3863.4	3870.6	-0.00321894994527108	6.23322817781702	0.00971330016725819	0.922315299766464	0.950871847793473	11544	Adprh
11545	4551	3912.2	0.218368600975162	6.63096521787252	40.3518241520498	1.49197100834741e-06	2.23702789986032e-05	11545	Parp1
11546	626.4	641.4	-0.0359382115559382	4.39106709436529	0.546083817257706	0.467141016697926	0.596208057867711	11546	Parp2
11548	1443.8	1540	-0.0925455205815669	4.93549240941559	3.80964013006305	0.0628094260432803	0.127650090555339	11548	Adra1b
11549	6.8	7.4	-0.101500915209237	3.03689507048731	0.767805410140479	0.391504961836204	0.524790199237734	11549	Adra1a
11550	3538.6	2971.2	0.25194751579864	5.35283328712839	24.0036008834128	5.73845315185357e-05	0.000438855036279849	11550	Adra1d
11551	319.8	233.8	0.451989931606464	3.62534710450686	32.2754269129813	8.41820801859461e-06	9.21095978052737e-05	11551	Adra2a
11553	436	318	0.460081069924776	3.7237293682459	34.4103664690215	5.59297867248103e-06	6.61005018250538e-05	11553	Adra2c
11554	1345.2	1280.8	0.0655755767863378	4.69984337872549	1.6863987652376	0.206506231752869	0.322227879792562	11554	Adrb1
11555	204.6	170.6	0.271084075441702	0.818744394823886	4.37198709419203	0.0473796215218584	0.102462998118	11555	Adrb2
11556	236.2	348	-0.565116048694637	1.72930901136053	38.4386701104888	2.15703008308472e-06	3.02871871749317e-05	11556	Adrb3
11564	398.8	394.6	0.0124543127238214	4.35820438965804	0.0646113774001554	0.801531634955846	0.868075696961772	11564	Adsl
11565	624.4	764	-0.30265660896777	4.24152234673219	24.7234396258148	4.54761491707738e-05	0.000361756885038175	11565	Adssl1
11566	3556.4	3858.2	-0.119381366949508	6.67989425549755	12.2800589421896	0.00183720233869229	0.00743627068145011	11566	Adss
11568	576.8	784.4	-0.439600344674196	4.22561565536743	30.0857899864039	2.29202617642811e-05	0.000208489278502781	11568	Aebp1
11569	4124.2	3735.6	0.144258401371843	5.99148629775169	13.8538040942371	0.00106997537987047	0.00482643039711032	11569	Aebp2
11593	148.4	160.2	-0.117952336922604	2.21962418665469	1.58875225709864	0.219710437997036	0.337803922009272	11593	Aga
11595	240.2	201.2	0.251547659706205	2.02480139848642	4.74996448044902	0.0394191726528911	0.0886103765979609	11595	Acan
11600	76.4	93.6	-0.287088525107659	2.98940884642433	11.0176026106173	0.00289271644310174	0.010720852171434	11600	Angpt1
11601	10.4	10.8	-0.0537729649976482	0.43854647512207	0.0493982309457676	0.826412225375683	0.885126146671746	11601	Angpt2
11603	6793	7015.6	-0.0456977221432055	8.25835874185719	2.17300591852722	0.153543666477449	0.257521484713977	11603	Agrn
11605	603.4	606	-0.000829607363866748	3.11487762809862	0.000127897405050705	0.991070948879185	0.993821249833478	11605	Gla
11606	86.4	108.6	-0.311967688043061	1.68329795498908	5.90407664169491	0.0230182973065606	0.0575616728839146	11606	Agt
11610	137.6	156.8	-0.194269637426625	2.39862217621232	5.85768099405242	0.0235068244639962	0.0585604344713203	11610	Agtrap
11622	578	602.2	-0.0592175560108604	3.77644465825197	0.802712673776303	0.379247428817181	0.512734293903614	11622	Ahr
11624	109.4	192.4	-0.879887039553951	0.112655268423568	22.8936077126778	7.30784965109472e-05	0.000531326251795388	11624	Ahrr
11629	168.4	192.8	-0.195184605945249	2.42280456824439	5.56072888069156	0.0269205022047358	0.0652320098687764	11629	Aif1
11630	26.4	19.2	0.40546930924601	0.907160998899404	7.66251227523175	0.0107330155710462	0.0311703851846296	11630	Crybg1
11632	1208.2	1159	0.0620483911512814	5.96461347009553	2.93016201120247	0.099928408009903	0.183458047678793	11632	Aip
11636	2693.2	2804.8	-0.0582304677105902	6.59399405829248	3.54756051013368	0.0718968349634656	0.141811797565766	11636	Ak1
11637	262.2	256.2	0.0316819765911955	4.34459311372702	0.413148275979427	0.526514146043576	0.648949899114338	11637	Ak2
11639	3341	3188	0.0733685075383192	5.4170075472279	1.99140967826379	0.171575192355924	0.279053429763983	11639	Ak4
11640	1628.4	1900	-0.22334836390975	5.67277903096201	36.5890029435779	3.11570628571376e-06	4.08974062851374e-05	11640	Akap1
11641	3354.6	3593.2	-0.09844840400259	6.56195807551918	6.05786465099191	0.021477858790406	0.0542918801952656	11641	Akap2
11647	30.6	40.8	-0.404569871441855	2.39910741437373	16.5754604255319	0.000445176571094993	0.00238406156302595	11647	Alpl
11651	3568.4	3806.4	-0.0929457252523762	7.33545785722586	7.163476952129	0.0132462413139343	0.0370116319256923	11651	Akt1
11652	2023.4	2100.6	-0.0521982132646125	6.23584549724432	1.59340502231764	0.219057712175701	0.337051327633339	11652	Akt2
11655	1712.4	1765.8	-0.0489656208946598	5.83603709094395	1.18321642548669	0.287584680354874	0.415135221197379	11655	Alas1
11656	110.2	115.2	-0.0398526399652323	1.03206257799787	0.0613990871234184	0.806421316621543	0.871473763591667	11656	Alas2
11658	5131.8	4774.6	0.10442036649143	7.52239541979588	11.1002179287534	0.00280638348618889	0.010451808015814	11658	Alcam
11666	301.8	331.6	-0.133868951706806	4.15122925369757	5.09528990055436	0.03343918286323	0.0777933283607156	11666	Abcd1
11668	1077.4	1159.2	-0.111401805887773	4.80663451125547	0.581974539466291	0.46080773720208	0.590418848818267	11668	Aldh1a1
11669	2361.4	2213.4	0.0911067302653824	5.73903253829096	3.92407396181208	0.0592752238814125	0.121976663721802	11669	Aldh2
11670	34	49.6	-0.475542497289519	0.359867894201457	4.63490660230309	0.0420243565478621	0.0930911953322297	11670	Aldh3a1
116701	177.8	271.8	-0.610593044684406	3.7548274320991	51.8891907319041	3.61829029846057e-07	7.14634161572733e-06	116701	Fgfrl1
11671	1862.2	1977.6	-0.0867844607859684	5.52869729193083	5.97128433544805	0.0223305051167744	0.0561525958520977	11671	Aldh3a2
116731	0	0	0.13053364254071	0.194209898713853	0.455274825289948	0.506336376602688	0.63085820079435	116731	Pcdha1
116733	4549.4	5030	-0.145582791836039	6.77781485280956	20.9468958202981	0.000123782484613464	0.000824494024241019	116733	Vps4a
11674	54262.2	54576.6	-0.00861065931079516	10.4942603813525	0.0808523602425895	0.778602475248862	0.852413803920203	11674	Aldoa
116748	173	159	0.125104291990617	2.37995354128712	2.30132573884936	0.14242198236852	0.242984812695301	116748	Lsm10
11676	17686	16161.6	0.130909459139692	9.44250902814415	14.0317224631829	0.0010081877302343	0.00459840500246343	11676	Aldoc
11677	58.4	62.2	-0.094720536956339	2.27843212998334	1.35472354338244	0.262374391889838	0.387331167437005	11677	Akr1b3
11682	352.4	325	0.113636046220654	3.47775814452508	2.43944396693549	0.13150505303561	0.228129385090819	11682	Alk
116837	3538.8	3444.4	0.039337468337709	7.72438321578899	0.78212337176441	0.386654350575671	0.520072769702285	NA	NA
116838	5111.8	5127.2	-0.00417259321292353	7.24464600309857	0.0172290622159008	0.896672168020135	0.934966378999174	116838	Rims2
116847	250.6	233.4	0.0969572106893534	3.74882363519129	2.6589651505652	0.11611887025033	0.206037582936198	116847	Prelp
116848	2984.6	2959.2	0.0128520634291317	6.87581700558684	0.15787454568204	0.694658446776258	0.789478942420509	116848	Baz2a
11686	704.8	365	0.950635422812431	3.00830901651922	60.981507983077	4.29496153280344e-07	8.26622822838095e-06	11686	Alox12b
116870	1644.6	1687.6	-0.0373883898511589	5.57071169861433	0.89335400624009	0.35405810489522	0.487386271252906	116870	Mta1
116871	1624.8	1541.8	0.0731473169100457	5.94737563926078	2.54346308227819	0.124137791215469	0.217753353668494	116871	Mta3
116873	3020.2	2613.2	0.206319858580872	6.50077000519201	19.2445332999144	0.000247217347363582	0.00146566018818426	116873	Stim2
11688	145	189.8	-0.395262890825879	2.08619769645124	9.53836046317816	0.00520176189524943	0.017284199180215	11688	Alox8
116891	1443.8	1277.8	0.180972765040382	4.70448187228917	12.8333475834822	0.00151456489433364	0.00636381423915652	116891	Derl2
11690	80	65.4	0.281558525194823	1.22625776727383	4.87809174504064	0.0370708045145169	0.084275150747535	11690	Alox5ap
116905	1476.4	1308.6	0.173953114148971	3.89546995028508	9.28550544401896	0.00557488379619056	0.0182968597616118	116905	Dph1
116914	1499.8	1349.8	0.159315828818425	4.25821760658284	7.67915957322785	0.0106587757900765	0.0310171019266692	116914	Slc19a2
11692	153.2	146.8	0.0648159622031734	3.8031342789685	1.35552194283114	0.255842143982141	0.380329358132044	11692	Gfer
116939	115.6	168.8	-0.522499503724756	3.70018319926748	4.21570779303963	0.0640774172164753	0.129553519295467	116939	Pnpla3
116940	1106.6	983.4	0.171411616459876	4.57907999186158	15.3212144733312	0.000661208033969903	0.00326626825803178	116940	Tgs1
11695	63.2	61.8	0.039231482478823	1.37354714667438	0.0664498298161898	0.798799898063797	0.866025632059266	11695	Alx4
116972	43.6	48.4	-0.130980902317975	2.46675852584804	1.78618720437858	0.194016211460733	0.307490166716386	116972	Fam57a
11702	5474.2	4831	0.183256611104848	5.94119498202443	20.5706176624176	0.000137445926367286	0.000900155604763367	11702	Amd1
117109	4657.8	3637.6	0.354832149611316	5.28745117977819	50.224763836073	2.6230471338287e-07	5.61572387597481e-06	117109	Pop5
117146	5832.2	5389.8	0.114688131525931	7.26785440342742	14.0148470090859	0.0010138778767291	0.00461707335546392	117146	Ube3b
117148	260	252.2	0.0448676090629638	5.08694885660482	0.377145410624275	0.54720171954957	0.666659950638021	117148	Necab2
117149	6.8	7.2	-0.123381273927176	0.318489280862867	0.529054513683366	0.474092451089077	0.602526359627321	117149	Tirap
117150	4986.4	4485.4	0.14837466170242	7.27474261030817	7.92719972823825	0.0115821882535176	0.0331476997164587	117150	Pip4k2c
117160	217.8	280.8	-0.364333278938493	4.17969757273824	16.403236689028	0.000774113976956112	0.00371398092907555	117160	Ttyh2
11717	1681.4	1507.2	0.158306491343728	4.87758746284773	12.1485251555164	0.00192449060001843	0.00772754399026738	11717	Ampd3
117171	255.4	253.2	0.0100181522462517	3.769332475534	0.0199360430612825	0.888902972693834	0.929547356917717	117171	1110038F14Rik
117197	236.4	208.8	0.179123186378995	2.93523418779756	4.8151842551121	0.0382036037380048	0.0863749238900549	117197	Bloc1s4
117198	6100.4	5076	0.266243136922894	7.56435692142823	71.5963142331988	1.22269820810813e-08	4.89553459833656e-07	117198	Ivns1abp
11722	718.4	896.2	-0.317850766108121	4.12540458664147	28.0548675478889	2.00938065272865e-05	0.000187136520325644	11722	Amy1
11727	48.2	26.8	0.81106573924417	0.44806247226902	25.3755955410648	3.85792908150782e-05	0.00031716248554346	11727	Ang
11732	11636.6	11253.8	0.0479572457473235	7.84967894243075	3.45695624243571	0.0753807151190658	0.147037120670132	11732	Ank
11733	2711.8	2600	0.0604197643696662	6.20392881085077	1.97578376078192	0.172743076239778	0.280507124233967	11733	Ank1
11735	6718.4	6422.6	0.0649936065229388	8.2718145671346	3.71252613203866	0.0660149795631141	0.132561894221346	11735	Ank3
11736	1453.4	1425.4	0.0288128976142892	6.13387217563199	0.609086297655478	0.442817724940676	0.574004494339274	11736	Ankfy1
11737	3775.2	3880.4	-0.0406015726551761	7.41515518606139	1.15545073362392	0.293177400790864	0.421482609014437	11737	Anp32a
11739	18187	18289.6	-0.00814200555295367	9.05417293082982	0.0733001403805261	0.788922835048668	0.859313538643063	11739	Slc25a4
11740	14506	13836.4	0.0695351582966643	7.0060702234359	4.6964074677047	0.0404498539475246	0.0905049828107616	11740	Slc25a5
11744	788.6	532	0.5701501030573	4.58967952690077	92.1290905659834	1.20327939513007e-09	8.01483888350695e-08	11744	Anxa11
11745	339.4	311.8	0.136046839793388	3.35043965479134	3.17433212555063	0.0875570217160922	0.165669484472365	11745	Anxa3
11746	99.4	124.6	-0.322212050682346	1.93978662876019	11.7144573530163	0.0022462568485589	0.00872544920426507	11746	Anxa4
11747	1579.8	1366.6	0.223907164716047	5.54457825040776	0.83258952782729	0.38074711057466	0.514088625525095	11747	Anxa5
11749	4567.6	4534	0.0114259410586717	6.87339949424963	0.092591017382436	0.763550717278521	0.841635176355048	11749	Anxa6
11750	2859.4	2974.2	-0.0579182880627733	6.68279946043997	2.6976122766366	0.11363419616016	0.202874094775069	11750	Anxa7
11757	3217.2	3389.2	-0.0774831360394603	5.43255863914418	4.43496852258438	0.0459359847007671	0.0998833417163614	11757	Prdx3
11758	6464.4	6265.2	0.0480630311339004	7.07540312580882	1.41609948543438	0.245836137525722	0.368715941869543	11758	Prdx6
117589	1461.8	1455.8	0.00691103104364146	4.37335038120734	0.0199987125041127	0.888729698622009	0.929433403073766	117589	Asb7
117591	3.4	5.4	-0.480322387697765	0.405909441461336	5.05384420181044	0.0344195770864215	0.0796510674363009	117591	Slc2a9
117592	992.2	1084.6	-0.121758094762206	3.63111247149562	2.75610749372215	0.109990708994602	0.198007934712664	117592	B3galt6
117599	73.8	80.6	-0.142999634956347	2.64559779423307	3.57708735729861	0.0708014966696491	0.140167762342571	117599	Helb
117600	229.8	226.2	0.0188099013843054	4.41865500349602	0.0986150063553364	0.756231374179764	0.836181784148891	117600	Srgap1
117606	925.2	941.2	-0.0300830515921759	5.00860835726136	0.330343073901387	0.570845391989955	0.686839198853143	117606	Boc
11761	112.2	141.2	-0.343222895104247	2.86007986282198	16.8093880523239	0.000414139230248286	0.00225121039263209	11761	Aox1
11764	14038.4	13877.4	0.0172936808345109	7.72838211026749	0.299040337752425	0.589570556379423	0.702527025713783	11764	Ap1b1
11765	5914	5593.8	0.0796772385748264	7.15993181858638	7.31755484303546	0.012407107147876	0.0350258450616014	11765	Ap1g1
11766	199.4	188.4	0.0750159408386189	3.47625928610912	1.20296982423238	0.283691918912477	0.410664296040154	11766	Ap1g2
11767	1321	1322.6	-0.0032790361286775	6.23428205329749	0.0118153623100397	0.91435197514838	0.945827198797301	11767	Ap1m1
11769	8548.8	8176	0.0651190690991449	7.54307718872362	4.09215157355337	0.0544441774721684	0.114413512820983	11769	Ap1s1
11771	7300.4	7200.6	0.0190639322441466	8.22298937413471	0.411450624731888	0.527357688385192	0.649601843183873	11771	Ap2a1
11772	19026.8	19284.4	-0.0181000287639073	7.81772328697871	0.32825201964939	0.572058581347896	0.687898064459441	11772	Ap2a2
11773	5846.8	6274	-0.102827352270872	6.87646644563876	6.78899383894125	0.0155592642641481	0.0420283322134175	11773	Ap2m1
11774	1254	1239.2	0.0159116310043448	5.80730481294813	0.20838186563441	0.652173175123669	0.75406056101412	11774	Ap3b1
11775	7123.8	7366.4	-0.048192813430613	7.76585899945331	2.45746375743586	0.130155078932105	0.226194722963165	11775	Ap3b2
11776	12320.8	11522.6	0.0968366981045046	7.84305692395382	11.3702483022974	0.00254328299248799	0.00963076038077583	11776	Ap3d1
11777	76.8	79.4	-0.0541438274409564	1.58343148796646	0.224769617233265	0.639745844280391	0.744156320073135	11777	Ap3s1
11778	3544.8	3414.2	0.0544664687093082	6.23121730308303	2.3866939002499	0.135553142229468	0.2336933585144	11778	Ap3s2
11781	780.8	728.4	0.101633180457417	3.67763964721507	2.80600762903503	0.106990000155359	0.193910152005713	11781	Ap4m1
11782	4630	4833.6	-0.0637157352545631	5.12140242683983	2.21334508635093	0.149939043521859	0.252664667103626	11782	Ap4s1
11783	506.6	479.2	0.0766567701132643	3.42831854311146	1.44027658669275	0.241892931642786	0.364427812587537	11783	Apaf1
11784	11043.6	10286.4	0.102172137572133	8.19123394998631	13.9652384638956	0.00103080885763883	0.00467502705626345	11784	Apba2
11785	15974.4	16412.4	-0.0383860264213551	8.75330889044462	1.95461293115888	0.174972199495564	0.28352557976557	11785	Apbb1
11787	2088.8	2230.4	-0.0943491986969494	5.77536343311953	5.11978757085336	0.0330551759639755	0.0770487846126919	11787	Apbb2
11789	2583.6	2406.6	0.102693285252554	8.50652762692287	9.08732210635538	0.00602570264539476	0.0194713852082575	11789	Apc
11790	3778.2	3596.8	0.0715726885651902	7.66451226781574	5.92064783738167	0.0228465514935991	0.0572014646264474	11790	Speg
11792	281.2	324	-0.209914369829207	3.23807716017177	5.23860696279439	0.0318236186271497	0.0746597279072913	11792	Apex1
11793	1628.6	1550.6	0.0690252072252875	4.56440882160686	1.9705842667231	0.173287331367764	0.281205241673926	11793	Atg5
11796	64.6	59	0.137772570943321	1.39555156382054	1.41776404055576	0.245500890865132	0.368595603673482	11796	Birc3
11797	2703.2	2395.6	0.178537569869278	5.2017527348431	19.4089338036411	0.000191072335822688	0.00118327315423356	11797	Birc2
11798	2333.4	2301.6	0.0199658095763238	5.93141207322393	0.168220355582858	0.685602737613441	0.782139066256091	11798	Xiap
11799	30	24.2	0.3065353505712	0.211068383570905	2.69929376978997	0.11352751078723	0.202733338523509	11799	Birc5
11800	7873.4	7016.8	0.167821579981536	6.45908814444517	25.5301866041378	3.71167126302437e-05	0.000308003423735689	11800	Api5
11803	27306.8	28513.2	-0.0613741315539033	10.0001315514872	4.74524092144606	0.0395088808616787	0.0887844160408432	11803	Aplp1
11804	20948.2	21006.8	-0.00457657654534121	9.27104977691041	0.0209063423416526	0.886250616916205	0.927511868576268	11804	Aplp2
11815	677.2	621.4	0.121356301994866	5.61272810689179	5.18070240589126	0.0330977357187517	0.0770982549683862	11815	Apod
11816	9454.4	9985.2	-0.0772908051062152	9.85033772540599	3.66774096358261	0.0691645654942869	0.137473133890872	11816	Apoe
11819	434.4	477.2	-0.126941371939626	2.9162978618532	1.88102259274256	0.182998081939799	0.293613606300395	11819	Nr2f2
11820	47102.4	47017.8	0.00206921876897459	10.7987942925931	0.00528005197181667	0.942680138118088	0.963818258213117	11820	App
11821	353.4	382.8	-0.112345433299182	4.13932738944789	3.61290094552234	0.0694984110707561	0.137965943361724	11821	Aprt
11829	2450.2	2590.8	-0.0762853405990863	6.62625940715239	3.69525876627343	0.0666042264122598	0.133282221869418	11829	Aqp4
11834	1437.8	1352	0.0861440252479206	5.80206823613244	4.18540892509448	0.0519655624104569	0.110450416899548	11834	Aqr
11835	2.4	3.6	-0.28983793494487	1.96812113454731	2.08242686146837	0.168458611776964	0.275510601462211	11835	Ar
11836	2129.6	2151.4	-0.0152570287566019	6.72974227483997	0.222467001526154	0.641457684591946	0.745128134139033	11836	Araf
11837	1118	1072	0.0612302291909308	6.32636030804988	4.04474188925054	0.0557553146432442	0.116609364470185	11837	Rplp0
11838	3932.6	775.8	2.31950952113386	7.62699789309157	59.1610665599615	8.51601594803672e-06	9.28984864248474e-05	11838	Arc
11840	16394.6	16608.4	-0.0186437475646477	8.54011559522505	0.496192441084661	0.488007144016652	0.614751199199642	11840	Arf1
11841	2433	2384.4	0.0276046993785266	5.67064543217736	0.51690757749868	0.479156967304623	0.606828599441077	11841	Arf2
11842	69931	67427	0.0518277134661665	10.2476846934293	2.70956854147053	0.112878147836717	0.201801652822875	11842	Arf3
11843	3632	3260.8	0.157090921088738	6.31096115110958	15.8072237999358	0.000566298217200867	0.00287720139364766	11843	Arf4
11844	2118	2285.4	-0.109980382484044	6.36397309365965	7.82755032995319	0.0100214495023005	0.029537118904211	11844	Arf5
118445	2209.8	2760.6	-0.31920865228193	5.37163702456142	53.2457632596958	1.61569080526277e-07	3.79726746329562e-06	118445	Klf16
118446	199.4	170.6	0.228752199338321	3.26914598094124	8.231079663481	0.00849071078603547	0.0258694632591393	118446	Gjc3
118449	52.6	40	0.383210356222528	2.10255195761223	11.520310689906	0.00240882052004829	0.00922062812414672	118449	Synpo2
11845	2045	1982	0.048903739817014	5.5293806548332	1.13411192347916	0.29757467841868	0.425855881372634	11845	Arf6
118451	345.4	312.2	0.14084265994117	4.31247882178228	4.98744460863283	0.0351900491534513	0.0810647374517986	118451	Mrps2
118452	17173.6	15862.2	0.114756617664313	8.20193531647701	12.7930998240494	0.00153581541607663	0.00643999884652498	NA	NA
118453	267.4	279.4	-0.0798122048993193	1.35318150667742	0.475968319835981	0.529632621310836	0.65151573688739	118453	Mmp28
118454	266.8	332.4	-0.329729901197588	2.73751912384621	10.356735849255	0.0037424695691713	0.0133071722393117	118454	Gjc2
11847	72	63.6	0.195016694015841	1.07431042998026	1.80651930976904	0.191586839498317	0.304458521747119	11847	Arg2
11848	4703.8	4807.8	-0.0321022575790636	6.64962881919945	0.89784015493053	0.352874385976226	0.486080851510567	11848	Rhoa
11852	7288	5581.6	0.386129424346652	7.48510413124903	94.6918963527401	1.03252067240343e-09	7.24468631015494e-08	11852	Rhob
11853	91.8	90.6	0.0197234143527883	3.43761493681243	0.0707720764363907	0.792504708016188	0.861721436069057	11853	Rhoc
11855	2655	2946.8	-0.150537781454123	6.24909759835466	12.8735848360773	0.00149364027331475	0.00629235689609191	11855	Arhgap5
11856	136.6	161.2	-0.236679162193807	2.5726558734314	6.70958456633411	0.0161051029760115	0.0432280702721022	11856	Arhgap6
11857	60.8	62.8	-0.0586742891899853	2.8435601749084	0.664572482904416	0.423025601899889	0.556075276384309	11857	Arhgdib
11858	1024	1092.8	-0.0944648117337702	5.30600257543605	3.80447492919766	0.0629753950752052	0.127861548028798	11858	Rnd2
11861	1833.2	2080	-0.181940850252562	5.34692825742421	14.2511581946849	0.000937283136493652	0.00434632353380791	11861	Arl4a
11863	2335.6	2232.8	0.0647397995682589	5.91490428073322	3.12021343411694	0.0901387799082272	0.169335316453537	11863	Arnt
11864	19858.6	21899.4	-0.141205820218851	8.8476618956014	7.40909280896552	0.0147389406636258	0.0402563583431684	11864	Arnt2
11865	4693.8	3954.8	0.245544895394774	6.01473849132149	23.5306828194639	8.33220348138524e-05	0.000592977199014979	11865	Arntl
11867	128	120.8	0.0863642950449746	3.24850780328451	0.914293868874977	0.348955569609203	0.481830703394289	11867	Arpc1b
11877	1372.6	1258.6	0.12362032415118	5.43628317327744	11.4965175347502	0.00242961166331758	0.00928758329809547	11877	Arvcf
11878	622.6	685.2	-0.140421593643336	4.00531922153188	4.03578979600876	0.0560372617623759	0.117046615825633	11878	Arx
11881	5287.8	6336.2	-0.260237066433431	6.92859560030294	56.9800316441075	9.11155746897557e-08	2.39451730284678e-06	11881	Arsb
11883	896.2	951.4	-0.0874795164651263	5.11567310856632	4.36998702944175	0.0474262961541314	0.102542959553001	11883	Arsa
11886	2602	2654.2	-0.0296343896904625	5.97578020699634	0.652245668594032	0.427301360642597	0.559778167780117	11886	Asah1
11889	20.8	23.4	-0.21033544501623	0.131179756079638	1.35756849599404	0.255493288218042	0.38008439562614	11889	Asgr1
11891	91.6	78.4	0.219763485254318	1.93070431528618	6.29878625785045	0.0192893978896591	0.0497784247629232	11891	Rab27a
11898	211.6	253.6	-0.266186697045318	1.45153817207101	3.82383147590527	0.0623559800727653	0.127047577927729	11898	Ass1
11899	15454.4	15765.6	-0.0287218633928051	8.54570216911457	0.816053944198975	0.375380285491452	0.508790945845223	11899	Astn1
11906	33.8	32.2	0.0626404457615765	2.31224533912119	0.585782871603354	0.477313408685179	0.605342459343298	11906	Zfhx3
11907	3897.6	4056.8	-0.0594565096202307	6.07371289936055	3.13764841146374	0.089297569745597	0.16803893674038	11907	Ate1
11908	297	300.8	-0.0202073434162528	3.27142366106804	0.0920171802168002	0.76426142050938	0.842225874660154	11908	Atf1
11909	4561.2	4663.4	-0.0333902914052195	6.92307789933137	1.05040593794695	0.315708138182749	0.445909500789687	11909	Atf2
11911	1774	1682.2	0.0770433796350401	5.87087581479593	3.12052953233485	0.0901234475259551	0.169328520803348	11911	Atf4
11920	457.6	443.6	0.0458172413907944	4.57011880838616	1.27166758316762	0.27068351165817	0.396962203480842	11920	Atm
11922	2670.2	2425.8	0.130486319419972	6.873773408094	2.02437698839924	0.180117592682993	0.290009990491253	11922	Neurod6
11923	138.4	122.6	0.255555551021613	0.20374655062451	1.62541570782797	0.214632279090653	0.331938258289782	11923	Neurod4
11927	958.4	928.4	0.0434712146528781	4.24759247302336	0.770129376279715	0.388941342097644	0.52234626363419	11927	Atox1
11928	50247.8	53286	-0.0850011166562449	10.4165670817413	6.60562286804168	0.0168519770783161	0.0447425563354116	11928	Atp1a1
11931	80239.2	80938.6	-0.0138805406540068	10.719918523025	0.2312016845206	0.635020598222399	0.740089318392724	11931	Atp1b1
11932	15623.2	15648	-0.0020817075947012	8.57534463992371	0.00246042712794145	0.960909569798721	0.975617752949156	11932	Atp1b2
11933	6845.2	6850.2	0.000682814104216744	6.5920398362634	0.000364552055013394	0.984925727204283	0.990486921548475	11933	Atp1b3
11936	142.6	155.8	-0.111946620049683	1.4141337115742	1.17477119043188	0.330435964546362	0.461996656176545	11936	Fxyd2
11938	43731.4	39202.2	0.157889691397687	10.1427084254754	23.8520399639807	5.68637601589351e-05	0.000435794692119431	11938	Atp2a2
11941	35011	32670.4	0.100028867445673	9.97875929299206	10.0616597946142	0.00413386925149504	0.0144465537140013	11941	Atp2b2
11946	27867.4	28539.6	-0.0355721153816767	9.63801503959168	1.29965752410299	0.265607887299304	0.39126708473897	11946	Atp5a1
11947	48012.2	48004.8	-6.7427465443602e-05	9.90084128909492	6.79610157532688e-06	0.997941677094745	0.998217923925774	11947	Atp5b
11949	9975.2	10347.2	-0.0532377627549655	7.49971822728864	3.78549651810399	0.0635895066136825	0.128873069068167	11949	Atp5c1
11950	7194.4	7422.6	-0.046786043402945	7.05697747784843	1.56118708221526	0.223628032806332	0.342434403338879	11950	Atp5f1
11951	589	618.4	-0.0766072155362153	4.58648264029061	1.21472075752899	0.283004945389077	0.410121664392793	11951	Atp5g1
11957	11288.2	11748.2	-0.0580034176467421	6.78354783565657	2.89931765872288	0.101630844875594	0.186075343107064	11957	Atp5j
11958	4247.2	4114	0.0455998825007292	6.12582166724549	1.62055147409604	0.215297491235043	0.332695737879387	11958	Atp5k
11964	43008.2	42932.6	0.00242325720697337	9.16021076544086	0.00726959528831394	0.932765643096462	0.958495279775079	11964	Atp6v1a
11966	48223.8	49168.4	-0.0279719711955472	8.95592896497781	0.754609915709774	0.393687748008195	0.526739119662172	11966	Atp6v1b2
11972	13561.6	13283.2	0.0288187263557086	7.92766977035115	0.907234300032692	0.35041376385246	0.483382376667633	11972	Atp6v0d1
11973	17192.2	17352.4	-0.0135617052815117	8.5126797802361	0.248078472988382	0.622998131843636	0.730613792914232	11973	Atp6v1e1
11974	359.2	298.6	0.271825693371356	3.69891814934183	16.3988069149362	0.000470292150832664	0.00248944234700695	11974	Atp6v0e
11975	23277.8	22733.8	0.0335010874434176	9.30235416086788	1.3018801606188	0.265210181571629	0.390918617625568	11975	Atp6v0a1
11977	109.6	82.4	0.411202828099924	3.00813521779494	31.6198158978863	8.89455022869584e-06	9.60881477613988e-05	11977	Atp7a
11979	98.2	122.2	-0.308140568135677	1.37382789389369	5.72384319621242	0.0249818613382903	0.0614826875163712	11979	Atp7b
11980	8858.6	8350	0.0835620065135332	8.27720847530216	8.08930936159376	0.00899702142484757	0.0270809970168152	11980	Atp8a1
11981	18155.2	17520.8	0.0524490518151224	8.82384300054443	3.10797921248396	0.0907345213931771	0.170144884823168	11981	Atp9a
11982	1009.6	502.2	1.01512598984601	4.11989567612185	102.244243171724	2.29334522885239e-08	8.16453496005724e-07	11982	Atp10a
11983	4204.2	4614.2	-0.13400332115669	6.93985244870673	11.4678754218102	0.00245490049623706	0.00935983428451873	11983	Atpif1
11984	11673.6	10990.8	0.0854584071564973	7.98124101276324	4.10514293386255	0.0553953070073187	0.116024310604809	11984	Atp6v0c
11987	2010	1932.4	0.0566583871995209	5.73434695190637	1.84454078882971	0.187143386401165	0.298891768733971	11987	Slc7a1
11988	237	224.8	0.0828555826418155	4.8185671070601	1.73427694968464	0.20156776533724	0.316680486976573	11988	Slc7a2
11989	1188	1173.4	0.0374213130188979	3.07541446645197	0.152667581911922	0.699627099439941	0.793254635653036	11989	Slc7a3
11990	6261.4	6294.6	-0.00577495473328041	8.11200268466802	0.0169014899058145	0.897849760521688	0.935519062758109	11990	Atrn
11991	9404.8	10096	-0.103203579456087	7.12097744022391	12.7215680053714	0.00157439127952376	0.00657125369744047	11991	Hnrnpd
11992	1458.4	1476	-0.0167422993596403	5.28973680122608	0.167217645051076	0.6862492590958	0.782691295744551	11992	Auh
11993	1448	1417.4	0.0298738303649258	5.90163483765228	0.499523692859653	0.48656528030602	0.613683644113719	11993	Aup1
11994	585.8	605.8	-0.0462012379603348	4.74580758305855	0.910703664575046	0.349511172330398	0.482413529876201	11994	Pcdh15
12005	1143.6	1112.6	0.0397871264887071	4.89486213447177	0.703639071389926	0.409901669507614	0.542705755341491	12005	Axin1
12006	800.2	861	-0.103028461934443	5.11065523051524	4.89957124619655	0.0366926712166318	0.0836201085421484	12006	Axin2
12009	508.8	621.6	-0.283747472827014	5.30746972812136	28.6406685506717	1.92467407791931e-05	0.000180997001445971	12009	Cep131
12010	1539.6	1725.2	-0.167231203550035	6.33759844247373	10.9285367033541	0.00348187228127835	0.0125441131489525	12010	B2m
12013	213.6	201.8	0.0849687446684222	3.81016272870315	1.6783285782609	0.207559316086088	0.32342198735536	12013	Bach1
12014	638.6	727.6	-0.195738299571859	3.85853606896663	4.80117263044034	0.0406400770032728	0.0907649662790742	12014	Bach2
12015	313.2	333.8	-0.0965989774790061	4.12359128717034	3.07296691794015	0.0924647112087884	0.172717102069246	12015	Bad
12017	4439.6	4708.8	-0.0850947715452672	6.66062039287905	5.54594341626698	0.0271043460950497	0.0656224821537433	12017	Bag1
12018	323.4	338.8	-0.0727933619131822	3.62074138862693	1.53134763701108	0.227968541589492	0.347873448071634	12018	Bak1
12023	241.2	332.2	-0.468139377962675	1.6450699668538	17.4519152539368	0.000340374617555183	0.00191274854506351	12023	Barx2
12028	431.4	452.4	-0.0720368901494322	4.72655602388433	2.99782731304365	0.0963082041348594	0.178169561316429	12028	Bax
12029	23.4	32.4	-0.503333887635487	1.32912545987914	13.7157108823507	0.00112077907510586	0.00500496572676529	12029	Bcl6b
12032	6817.6	7268.2	-0.0896270868199768	7.85257846140878	4.95855546254878	0.0361442921383423	0.0826759928101915	12032	Bcan
12033	3407.2	3539.6	-0.054384939787811	5.60358264403668	1.21225416022372	0.282231019928629	0.409227110115486	12033	Bcap29
12034	2674.6	2771.8	-0.0526788273762937	5.79492798147438	2.08837844747908	0.161449475237181	0.267486048421126	12034	Phb2
12035	3938.8	3604.6	0.127995051374794	6.39005506917204	7.94598350649592	0.00983877503794057	0.0291472954290619	12035	Bcat1
12036	402.4	332	0.276967190002977	3.62108579785968	19.1887564229979	0.000203602896108645	0.00124645330807046	12036	Bcat2
12038	5	9.6	-0.768562276251659	1.24560033813378	6.85338592366257	0.0203334334043279	0.0519720407574788	12038	Bche
12039	489.4	496.2	-0.0225977110184965	4.62718451245347	0.248257961186012	0.622873060920543	0.730613792914232	12039	Bckdha
12040	1461	1460.4	-0.000938277312921931	4.09094002306911	0.000270017219557421	0.98702643132992	0.991624290710296	12040	Bckdhb
12041	785.4	920.8	-0.22978605355092	5.14388482269599	23.237519819698	6.67454133662884e-05	0.000494230637703039	12041	Bckdk
12042	476.8	468.2	0.0308056908602539	3.30808864709548	0.197187918774633	0.661007614958258	0.761959013207326	12042	Bcl10
12043	1516.4	1197.6	0.347149745479564	4.42423484306093	38.9534386616713	1.95112207130354e-06	2.80333185075758e-05	12043	Bcl2
12048	5089	4290.4	0.246766996329085	6.75229310614081	51.8649366728393	2.01131877176192e-07	4.507225042953e-06	12048	Bcl2l1
12050	8666	8281.8	0.0649935901386398	7.24585123167361	5.01238427759306	0.0347762216218747	0.0802451320757626	12050	Bcl2l2
12053	420.2	257.4	0.70455155627313	4.65103275272817	121.546104158223	1.97173355436367e-10	2.19744891929634e-08	12053	Bcl6
12054	817.2	780.2	0.0684104401832638	5.37874795841533	3.21614262466993	0.0856206809579466	0.162729956944926	12054	Bcl7b
12055	66.2	87.2	-0.414473537274699	1.96443496248027	10.6055298672935	0.00338557451616321	0.0122398934608862	12055	Bcl7c
12064	1171.4	822.2	0.508815241180291	5.11471292787601	20.1774335867328	0.000689074402203169	0.00339002090178509	12064	Bdnf
12068	645.6	515.8	0.329886882606545	3.87203623087075	24.8945347206789	4.35457501234467e-05	0.000350841846312318	12068	Bet1
12069	1823.2	1934.4	-0.0878221267630218	7.43157431249818	3.59005574103134	0.0726026309492054	0.142872488460152	12069	Bex2
12070	1987.8	2205.6	-0.152358336066778	7.13034267705828	13.9254859762975	0.00106378411716813	0.00480347879710971	12070	Bex3
12075	10.6	16.4	-0.537715342403782	0.0619875952712596	7.46842297331331	0.0116419257932874	0.0333014833596232	12075	Bfsp1
12091	1255	1383.8	-0.14228164848306	4.68917664791415	9.46978463006466	0.00518871366034383	0.0172527414876029	12091	Glb1
121021	1000.2	896.6	0.149935105274232	4.4402869486489	5.27915116604104	0.0310577498322003	0.0732194937326085	121021	Cspg4
121022	2519.6	1988.2	0.34172395391336	4.06611832025523	36.8145198231478	2.97725520524143e-06	3.94077351067395e-05	121022	Mrps6
12111	273.6	301.6	-0.154764534160295	3.16788624667395	2.68188243099607	0.115338324723295	0.20503014949582	12111	Bgn
12121	108.4	100.6	0.10829122891348	3.62359251323571	2.16311630809262	0.15444316784201	0.258729896614326	12121	Bicd1
12122	967	1239.2	-0.35919377754811	3.58532215111252	21.1962878107517	0.000115543963655397	0.000777501140910199	12122	Bid
12123	1936	1494.6	0.375896919211216	5.79982158120367	68.5921147799697	1.79864259622665e-08	6.64899746441434e-07	12123	Hrk
12125	245.2	207.8	0.246509057208237	2.70850772901331	9.19531854016971	0.00577527606197854	0.0187923998648892	12125	Bcl2l11
12140	617.2	777.8	-0.327619336534572	4.05864865411077	16.8001173939207	0.000498314896509111	0.00260023231557498	12140	Fabp7
12142	97.2	94.4	0.0149189508865072	0.532904019175904	0.00667979212539156	0.935544193836007	0.959738820437366	12142	Prdm1
12144	63.2	86.8	-0.451330273536762	2.18139774423462	22.1760113102394	8.84998865548263e-05	0.000624598320441142	12144	Blm
12151	1723	1679.4	0.0376662917772983	5.43931654947736	0.436411583741099	0.516119018712662	0.639408956584625	12151	Bmi1
12153	1895.8	2008.2	-0.0838085997645816	6.66025370815807	4.57574959844697	0.0428845803383037	0.0946384685816317	12153	Bmp1
12156	166.6	126.6	0.394385145005866	1.989941366203	13.0877416757387	0.00138745020716196	0.00592843795677222	12156	Bmp2
12159	49.4	40.8	0.271725608198903	1.75803313224181	6.03770968623819	0.0216730695740665	0.0547183489298789	12159	Bmp4
12160	1.4	1.4	0.0721820140307211	0.766427207040551	0.15673253887945	0.695706008273309	0.79041124167642	12160	Bmp5
12161	65.2	53	0.29582016603859	2.45773986558726	5.7150395014515	0.0262393193683331	0.0639351183664678	12161	Bmp6
12162	198	218.6	-0.141487908897799	2.95493828847879	3.02615531605161	0.0948378810238006	0.17608050511471	12162	Bmp7
12166	1549.2	1627	-0.0700360766433148	5.61062988840859	2.82911984137362	0.10563255417229	0.192027787448909	12166	Bmpr1a
12167	803.2	877.8	-0.127067567505602	4.57785358971522	5.47547527953672	0.0279999848698861	0.0673173288937682	12167	Bmpr1b
12168	6.6	6.2	-0.0231366521721831	2.56108560034821	0.00950461347392068	0.923906835086844	0.95203175264456	12168	Bmpr2
12169	2	4	-0.754783272533925	0.154205361461196	17.0727240666444	0.00038199114619538	0.00210759776242781	12169	Bmx
12175	1059.8	1073	-0.0177633527503207	4.84100409540691	0.144375106113021	0.707336038666539	0.799299124609973	12175	Bnip2
12176	4685.4	5076.2	-0.115482851924089	6.21965901046591	9.64412457269865	0.00485022943829591	0.0164296265060064	12176	Bnip3
12177	9613.8	9498.4	0.019203090993139	6.71948098774818	0.258672116740429	0.615711626061137	0.725482664309748	12177	Bnip3l
12180	15.6	17.6	-0.159321129648464	0.638936057197728	0.79999637506732	0.38004191489238	0.513376246528454	12180	Smyd1
12181	1454.8	1366.6	0.0910202188959282	5.75203878428981	5.58980662440063	0.0265629827953765	0.0645225262536689	12181	Bop1
12183	1684.2	1845.4	-0.132544375781176	5.76044010379011	12.5066922651601	0.00169677262677254	0.00699519439457223	12183	Bpgm
12189	89.8	78.2	0.186074961026762	0.79078473313956	1.82626865823842	0.19018604436634	0.302881124423873	12189	Brca1
12190	256	301.2	-0.230594223087808	3.06591300969696	9.18728696940867	0.00579350149464031	0.0188389810131678	12190	Brca2
12192	197	195.4	0.00846399213966916	4.25269280571352	0.0149138328601908	0.903885836091668	0.93930303219994	12192	Zfp36l1
12193	1381.8	1279	0.116662375351163	4.04121710372634	1.33260122534211	0.265142758550401	0.390859095572411	12193	Zfp36l2
12211	1074.2	1051.4	0.0287368316247072	6.92578151132908	0.731989639773168	0.400762012137451	0.533783092834013	12211	Birc6
12212	1339.4	1287	0.0559514203171113	5.09697057255101	0.860086509202174	0.364198776054655	0.497507712795953	12212	Chic1
12215	24352.4	25921.2	-0.0888027158299618	8.41994610522656	8.82221912499853	0.00669246912616629	0.0211932005255333	12215	Bsg
12217	40485.6	34786.4	0.219367275734165	9.62135133969462	47.0007142374755	4.50128559804325e-07	8.53826535880803e-06	12217	Bsn
12224	37.8	43.6	-0.214266439778447	2.58568352600679	3.92073194639844	0.0598237446082523	0.122877988427978	12224	Klf5
12226	1699.6	1562.6	0.122270928399936	4.14088130865821	3.41044531244082	0.0772439101297941	0.149883672575654	12226	Btg1
12227	825.2	720	0.17784035934068	3.84547478963925	0.591225916604236	0.457731334957112	0.587845007706484	12227	Btg2
12229	25.6	26.8	-0.114957517707502	0.376755475304223	0.454030886538243	0.50691236261565	0.631412555088469	12229	Btk
12234	5545.4	5156.8	0.105164975414209	7.23840708800571	9.26501530891868	0.00561973338254416	0.0184064414936083	12234	Btrc
12236	56.4	36.6	0.658345178804335	1.98741341352032	7.69194165809526	0.0160378271692181	0.0430714890196728	12236	Bub1b
12237	1075.4	1118.4	-0.0576793113007892	5.80804061668357	2.33068647477689	0.140013916246841	0.239784345953516	12237	Bub3
12238	1523.4	1638	-0.106823329491626	5.5890357734393	6.48442664987399	0.017771433237482	0.0466863496936685	12238	Commd3
12257	47.4	53	-0.18641691172485	0.904772342403714	1.75809394249331	0.197435711515026	0.311645274024046	12257	Tspo
12258	154.2	167.4	-0.119019956201517	2.69464751603472	0.778832405114278	0.389187751010478	0.522556409949415	12258	Serping1
12259	186.2	167.2	0.157262788951478	5.23257569165007	6.6093199749057	0.0181938810655361	0.0474340470637192	12259	C1qa
12260	145.6	132.4	0.14327553744682	3.37223297402497	4.11953926670798	0.0537026679632667	0.113266943344675	12260	C1qb
12261	2558.2	2738.2	-0.101904751720717	5.35472262597009	5.38856051992447	0.0291503893863498	0.0695969157896102	12261	C1qbp
12262	357.2	338.6	0.0747251298213288	5.21769503650559	2.97831001820192	0.0973365800264766	0.17974995882237	12262	C1qc
12263	414.6	395.6	0.0568766634479428	1.17563071497457	0.210390728917233	0.650618417687083	0.752684377241003	12263	C2
12265	75.4	46.4	0.715656496558524	1.99912441676917	33.3523085078326	6.4328431929918e-06	7.41160529888606e-05	12265	Ciita
12267	14.6	13	0.108765322508154	0.758560882055934	0.592337784691387	0.44908069741127	0.579709958058632	12267	C3ar1
12268	77	77.6	-0.0241877246662686	3.34845336781411	0.0569394464655498	0.813896898848103	0.87693371419683	12268	C4b
12282	6558.6	4710.4	0.479075309684127	7.03977131815623	147.53713220341	1.07478712488432e-11	2.42733954735593e-09	12282	Hyou1
12283	9007.4	8721.2	0.0462886129423116	7.8421006309796	2.78289535182961	0.108367814788132	0.195646814257763	12283	Cab39
12286	7343	7107.6	0.0456603756849854	8.22832054616231	1.94642526754987	0.175843661932573	0.284554891353943	12286	Cacna1a
12287	2407.6	2495.6	-0.0511744233499755	7.28010495145302	2.34406519702292	0.138932707792185	0.238354107825311	12287	Cacna1b
12288	1217.2	1048.4	0.218748689943158	6.41344189811479	20.8092910067609	0.000164359540273422	0.00104562182883452	12288	Cacna1c
12289	1862.6	1916.2	-0.0407417972934161	6.55011485287425	1.6679328845862	0.208925723767262	0.325200561203102	12289	Cacna1d
12290	2178.2	1898	0.197356682930501	7.913286386265	16.2513687791857	0.000751241271572248	0.00362673391426362	12290	Cacna1e
12291	3963.4	3565.4	0.152422354118408	7.46172195092233	10.8103477547519	0.00365874790421571	0.0130673442568653	12291	Cacna1g
12292	8	8	-0.0390565143982588	0.267721589739456	0.0411798001081553	0.840914400742137	0.89545876602143	12292	Cacna1s
12293	7700.2	8293.6	-0.106574021547281	8.14612784268613	6.53800866287049	0.0181531612248532	0.0473762619458144	12293	Cacna2d1
12294	3938.4	3653.4	0.108031334454102	6.9342454287113	5.93752120181314	0.0233369669475695	0.0582175561374127	12294	Cacna2d3
12295	1547.8	1407.2	0.134531332637639	7.00856124568779	10.5670528555179	0.00349083433592218	0.0125660561552955	12295	Cacnb1
12296	1136.4	1017.2	0.158190435787753	5.7993524263014	22.8185417034863	7.45458974484456e-05	0.000539552529654398	12296	Cacnb2
12297	10872.2	10879.2	-1.31791488975622e-05	8.382687545262	1.75124961212413e-07	0.999669586257788	0.999738753184119	12297	Cacnb3
12298	5990.2	5866	0.0303964513745519	7.98313805185415	0.388559883443318	0.540749186516958	0.661363068363184	12298	Cacnb4
12300	2510.8	2272.4	0.143187654177993	5.8664778795857	11.780066169055	0.00219406265727743	0.00855489119187698	12300	Cacng2
12301	4630	4469.2	0.0507372014416189	6.39910163603594	2.30033957507544	0.142503715583625	0.243095562970106	12301	Cacybp
12304	1764	991.6	0.837564680343203	5.55879348776925	187.418217575825	3.38131028026264e-11	5.55380213533138e-09	12304	Pdia4
12305	700.4	834.2	-0.250972060571506	5.70128622097654	42.2251033160163	1.05125712326767e-06	1.68279604747136e-05	12305	Ddr1
12306	92.2	74.6	0.288692098299888	3.37191792016748	17.194030957255	0.000368104800406962	0.00204716690461032	12306	Anxa2
12307	13600.2	15506	-0.187285257013936	7.1854548475361	22.9339251782649	7.23033445972651e-05	0.000525954978766416	12307	Calb1
12308	568	599	-0.0790408971209382	3.5208153943765	0.453009656812528	0.510381269980895	0.634739075025811	12308	Calb2
12313	181163.2	175978.4	0.0422828469231664	11.5094683342707	2.63327913919665	0.117805467754643	0.20836517754841	12313	Calm1
12314	70614.6	70440.8	0.00335815534399926	10.4718019901719	0.0155106725110874	0.901931153741223	0.938007513367294	12314	Calm2
12315	29203.4	29167.6	0.00136700023947246	10.5955903071653	0.00165327616315646	0.967905388959689	0.98024835286038	12315	Calm3
12317	21343.4	14350.8	0.572252795633978	8.08596163861486	112.506141308855	9.64727214565291e-09	4.08919858044772e-07	12317	Calr
12319	314.6	346.4	-0.138644057269373	3.50380605650531	4.32400158964774	0.0485138601697788	0.104424461100563	12319	Car8
12321	4109.2	4033.2	0.0277262603632339	6.55145871293705	0.923288598952353	0.346264500663077	0.479167744622701	12321	Calu
12322	122131	115664.4	0.0783908839689598	12.0108478594208	8.77360324256409	0.00682332055314598	0.02150551139886	12322	Camk2a
12323	33017.8	35237.4	-0.0935675171478216	9.81575954101122	14.6328682753867	0.000826552036136318	0.00392107128703488	12323	Camk2b
12325	13584.4	15750.4	-0.213991139515585	8.43149841120271	49.3527368116077	3.02824816782747e-07	6.23508533016785e-06	12325	Camk2g
12326	9482.8	9642.8	-0.0239189981871471	8.08422664789275	0.334156419043427	0.569167919806564	0.685391411554118	12326	Camk4
12328	1271	1262	0.0114530888782525	4.87465640862022	0.0599128108564627	0.808729757477542	0.873319380992185	12328	Caml
12330	22607.2	20325.2	0.154626558904441	8.50908708832477	26.5698789406276	2.87152089530876e-05	0.000250592157149179	12330	Canx
12331	11169.8	10267.2	0.120459540619296	8.1309288639561	14.040548895199	0.00100522546656529	0.00459160838637262	12331	Cap1
12332	10.4	13.4	-0.38370800577335	0.223952142958175	3.50606818598143	0.0734689149766029	0.144125908940258	12332	Capg
12333	630.6	704.4	-0.15868587199091	4.66844384251812	11.2182550966076	0.00268788446891737	0.0100884658825582	12333	Capn1
12334	3433.4	3421.2	0.0045390930249611	6.25182951038759	0.0161618780025071	0.899904932429004	0.936775376852841	12334	Capn2
12335	152.8	142.6	0.107706879860942	3.01050995479182	1.68962565919861	0.206087011769635	0.321788146307437	12335	Capn3
12336	2207.6	2159	0.0294071061339871	6.97933119823127	0.538763790829208	0.470108221393552	0.598884561257042	12336	Capns1
12337	2214.4	2273.2	-0.0388927355100134	6.01516810446275	1.09192351751334	0.306532673460308	0.436042049226975	12337	Capn5
12338	271.2	378.6	-0.499338943889877	2.02151853600549	25.0878577338969	4.14710402648861e-05	0.000336754166285766	12338	Capn6
12339	3715.8	3670.8	0.0166930091496972	5.74239172392934	0.247592723185455	0.623336897102493	0.730833185489896	12339	Capn7
12340	250.6	224.6	0.149750589126923	3.02643303966463	3.87566477313662	0.0607310907350983	0.124405780255826	12340	Capza1
12343	7140.8	7454.2	-0.0612893209228078	6.73639546335184	3.9021177754781	0.0599203907588668	0.123029730702068	12343	Capza2
12345	7410.6	7103	0.0607163001553395	7.62510275246666	4.52908976400684	0.0438699198085295	0.0963509177493782	12345	Capzb
12348	1996.8	2009.8	-0.00845429949505727	7.53942334591371	0.0554899002770252	0.81578500882677	0.877986337869108	12348	Car11
12349	4340.2	5011.6	-0.206234558196252	7.01611530783349	19.9415675714937	0.000212466950425959	0.00129087738606844	12349	Car2
12351	1050.4	1021	0.0419134946726231	5.33882181607626	0.664732870595334	0.423085812253381	0.556075276384309	12351	Car4
12354	879	890.8	-0.0162957984844107	4.68193170037895	0.150147722190346	0.701834447025246	0.795133649263435	12354	Car7
12359	741.2	801.8	-0.1143608047286	5.00665742251591	7.15424987982566	0.0132984450431905	0.0371431351988937	12359	Cat
12361	3276	3689.6	-0.171484320011236	6.7235384365872	26.1259150354238	3.20188224450818e-05	0.000274821888136112	12361	Cask
12362	142.2	241.8	-0.785127113664814	0.230308362949048	17.6404872310585	0.000321538451574602	0.00182129939037158	12362	Casp1
12366	290	282.2	0.0432972575267486	3.56352737952715	0.373564678587165	0.546855692706064	0.666314310363913	12366	Casp2
12367	103.4	129.6	-0.340350036965693	3.03158432944943	20.5183522526586	0.000139470063642688	0.000909387868576571	12367	Casp3
12368	34.2	32	0.0971750534258008	1.68591847343794	0.993666341758727	0.328865480767583	0.460156985383799	12368	Casp6
12369	21.6	32.4	-0.620658582580578	1.11123312585072	18.0206040826199	0.000286925041603743	0.0016562358431871	12369	Casp7
12370	75.8	85.6	-0.181944090894369	1.41095754094415	1.7681460400502	0.196203697088803	0.310276612442184	12370	Casp8
12371	581.8	696.2	-0.25411758475322	4.42076772650855	22.8824036640469	7.32955078103034e-05	0.000532368477331721	12371	Casp9
12372	107.2	115.6	-0.0911819869002937	0.506317806056552	0.343376944875234	0.563397319122182	0.680540268309546	12372	Casq1
12373	33.4	31.8	0.0943666481664055	0.972656417462358	0.444406765511629	0.511408091339492	0.635623178932772	12373	Casq2
12380	230.6	249.8	-0.11977620390424	3.22937505200463	2.12986907511939	0.157513855526699	0.262474667717652	12380	Cast
12385	1061.8	1012	0.0679488270031078	5.69084866199564	1.96529771671846	0.174158829185676	0.282460919776679	12385	Ctnna1
12386	9834.6	10205.4	-0.0535257129321065	7.47438983149738	3.47218527731461	0.0747818678096054	0.146205480497773	12386	Ctnna2
12387	19257.6	18572.4	0.0522660746310431	8.87793858128453	3.11187776291157	0.0905441908701718	0.169854086286498	12387	Ctnnb1
12388	3061.4	2812.8	0.122629513990058	6.70183775458608	8.68027260098805	0.00710851486714203	0.0222587681736722	12388	Gm28635
12389	589.8	688.4	-0.217425032641025	3.65905123425722	6.16340615526848	0.0215462339414178	0.0544394378165337	12389	Cav1
12390	1042.4	1193	-0.194525794746309	5.21008467704682	6.42752137738487	0.0220178434721155	0.0554531990845021	12390	Cav2
12393	519.6	487.8	0.0916403864203181	3.96434595079672	1.36374827535313	0.255624620618611	0.380201509201626	12393	Runx2
12394	70	53.6	0.377208228957166	0.1279722637618	4.79836442346101	0.0385130207987991	0.0869249223338292	12394	Runx1
12395	815.4	680.8	0.264263119706861	4.41341414735143	27.9168957242078	2.0762017270047e-05	0.000191998846846615	12395	Runx1t1
12396	3521	3661.8	-0.0564073108374997	5.82747510820309	3.07391281869955	0.0924174699739895	0.172651171126282	12396	Cbfa2t2
12398	1498	1063.6	0.502925050226099	5.12764948408776	28.7556404216607	0.00010803173580152	0.00073655222135621	12398	Cbfa2t3
12400	540	482.6	0.161348599474691	4.59436863084987	5.7483851651064	0.0257427765419218	0.0630227120828147	12400	Cbfb
12402	1	0.8	0.0824449205897964	3.90248987606952	0.0764014452653072	0.787261991884611	0.858086481464457	12402	Cbl
12404	90.6	98	-0.109641722938855	2.37161846654692	0.900149210057005	0.352580145058902	0.485721827743173	12404	Cbln1
12405	5828.4	4336	0.42745317431979	6.07092974632868	52.2581531829482	1.11196702969286e-06	1.76039117712821e-05	12405	Cbln2
12406	73.8	56.2	0.398312051183714	3.7767784995525	20.252972837662	0.000216170746813829	0.00130788278545294	12406	Serpinh1
12408	1201.4	1202	-0.00343968887105376	5.71209306526738	0.00847859977989667	0.927404928043562	0.955091615955942	12408	Cbr1
12409	1.2	0	0.875463643090037	0.0481228538609301	13.6728304915234	0.00120050329769104	0.00529188004416784	12409	Cbr2
12411	754.4	505.2	0.580895416360305	5.04952082519939	72.6890211980702	7.3129910112965e-08	1.98634420546816e-06	12411	Cbs
12412	662.6	606.4	0.126686116104059	4.43396289251855	7.07331813342832	0.0137661862395576	0.0381766032054039	12412	Cbx1
12416	33.8	27	0.291687582555681	1.65860120699056	3.6578380214086	0.069461468097568	0.137911546687122	12416	Cbx2
12417	1877.2	2060.4	-0.130023806235441	4.32838440049131	4.47755172427671	0.0449879754299383	0.098493819579571	12417	Cbx3
12418	1368.2	1487	-0.120602752120804	5.32731331847323	8.55850470803	0.00743696598170478	0.0231617983838743	12418	Cbx4
12419	7010	6456.4	0.120718924614534	7.427276381972	14.9131005457745	0.000754352036096419	0.00363810621612868	12419	Cbx5
12421	4307	4017.4	0.100969014463987	6.65309878654053	7.63350253468684	0.0108637514993412	0.0314678685714384	12421	Rb1cc1
12424	11145.4	10513.2	0.0837041743854076	8.22880886021128	2.21612816409701	0.156289670085066	0.260885886523796	12424	Cck
12426	2487.8	3071.8	-0.30760089223805	6.4643716162151	21.2428960738576	0.000328712859945265	0.00185578831568688	12426	Cckbr
12427	138.8	186.6	-0.429109730915606	0.450683196898042	4.98102807983758	0.0352974086104737	0.0812531842738951	12427	Ccna1
12428	148	130	0.229665919956514	2.03318872990536	0.791140829774486	0.390774382833645	0.524248461989745	12428	Ccna2
12442	38	23.6	0.678157413414256	0.639043511655509	18.1986936990435	0.000272121708373805	0.00158726681712469	12442	Ccnb2
12443	4893.6	3952.6	0.309493087846182	6.20359807044276	48.9135591215789	3.53035552422377e-07	7.00930752021022e-06	12443	Ccnd1
12444	1595.2	1094	0.546044179238547	6.34756337573023	203.779728467165	3.59084755141364e-13	1.44172529189258e-10	12444	Ccnd2
12445	448	306	0.552014732920773	3.89882808573676	81.8000783691649	3.59358150453355e-09	1.84190166902582e-07	12445	Ccnd3
12447	1355	1455.8	-0.101482554065415	4.09097720583803	3.00827740019378	0.0957627576828302	0.177319356846993	12447	Ccne1
12448	62	67.2	-0.113557141050742	2.0671089898339	1.60042868870799	0.218076979822182	0.336007319726023	12448	Ccne2
12449	404	381	0.0846114514072363	2.59965869849864	0.761482401179845	0.391575342664909	0.524835868219454	12449	Ccnf
12450	2703.6	2343.4	0.208419190517761	6.18908595665002	39.5971792333461	1.72311105222029e-06	2.52594798669291e-05	12450	Ccng1
12452	2829.2	2367.6	0.258593601596174	5.59010727846917	30.1482007918183	1.23666579230813e-05	0.000126951472741631	12452	Ccng2
12453	13472.2	12893.2	0.064546430143265	7.57962748306213	3.46339200561682	0.0751269764597599	0.146681793563335	12453	Ccni
12454	672	623.8	0.105945009712807	4.79226888069785	5.83403827682483	0.0237601950909546	0.0590591480353024	12454	Ccnk
12455	111.6	106.6	0.0705099861192692	3.84699147649759	0.875950680996404	0.358834305083634	0.492226539401997	12455	Ccnt1
12457	2352	1973.8	0.249202437690389	5.75161412058551	13.8400362719237	0.00179527785627484	0.00730956229143565	12457	Noct
12460	180.2	201.8	-0.167452858492192	3.7934420231232	8.71819274874778	0.00697589583366323	0.0219147138404191	12460	Ccs
12461	3402.8	3258	0.0596657280386959	6.5615819400371	2.23688354317796	0.147882461611692	0.249794682731728	12461	Cct2
12462	6708.6	6195	0.115287744757846	6.62117751317811	13.4492631423906	0.001226400939185	0.0053860245052904	12462	Cct3
12464	10089.2	9087.8	0.152234053926991	6.36458750150663	21.132058906909	0.000117607149611385	0.000789180009509263	12464	Cct4
12465	6393.2	5705.8	0.163613769506336	7.22284766500853	23.5953565942393	6.07833032180307e-05	0.000459739332660081	12465	Cct5
12466	13020	12523.6	0.0565517740740405	6.68310096827877	1.87985402705487	0.183129109649666	0.293713731788312	NA	NA
12468	7724	7084.8	0.125136896926843	7.30788531146361	17.3692623670111	0.000349006324681663	0.00195524706083285	12468	Cct7
12469	9501.4	9424.2	0.0114068914626003	7.34583960031775	0.134502527950859	0.717045837758611	0.806558176804079	12469	Cct8
12475	154	141.2	0.110232195785936	0.804451779317737	0.557782995636031	0.462462390783484	0.591856861730518	12475	Cd14
12476	371	389.2	-0.0736920914401755	4.53508779238252	2.39217245427692	0.135125913536939	0.233169920703643	12476	Cd151
12484	5.8	5.4	0.12548659339972	2.06985363181961	0.98208541964893	0.331988077302761	0.463359952620134	12484	Cd24a
12488	328	381.8	-0.217029453437436	4.76581576033329	12.2425836677008	0.00199672401523168	0.0079637552196906	12488	Cd2ap
12489	59.8	96.8	-0.724716621455224	2.00562798956994	31.6403629378903	9.36001387689256e-06	9.99923433677791e-05	12489	Cd33
12490	4374.8	5311.4	-0.28251144551035	6.8177997882245	18.9274162576128	0.000560631113466071	0.00285530729881557	12490	Cd34
12492	2144.4	2138.2	0.00340137428474655	6.01429643223452	0.00946377515765669	0.923316295333327	0.951626763601534	12492	Scarb2
12493	32.4	39	-0.262203470571101	1.717015527719	6.83888102374865	0.0152268282213559	0.0413471383395375	12493	Cd37
12494	34.6	27.6	0.344960276235652	0.971402800972996	7.2442694815876	0.0127986816782612	0.035927127160726	12494	Cd38
12495	393.8	363.2	0.116231067609215	3.84971942124248	3.42680619497118	0.0765825574755999	0.148940296791216	12495	Entpd1
12496	460.8	507.8	-0.139040759755893	3.05346028845212	2.27089991904131	0.145226025450316	0.246343970409443	12496	Entpd2
12497	2468.4	2390.2	0.0451254059766391	5.64894104898767	1.26483545238221	0.271941651243602	0.398362686437115	12497	Entpd6
12499	2248.8	1899	0.245223181277553	5.16450600618298	38.4529835120498	2.15099616112054e-06	3.02871871749317e-05	12499	Entpd5
12504	0	0	-0.263825218472084	1.38314327726394	2.41182037857628	0.134263007790748	0.232025745937649	12504	Cd4
12505	95.6	113.2	-0.233378986380007	1.92061957586571	3.44843563073647	0.0757499802699746	0.147599112270452	12505	Cd44
12508	222.8	194.4	0.191494977315186	2.66629480431369	4.17027624005278	0.0523589507368728	0.111113826743615	12508	Cd53
12509	212.4	143.4	0.591154902250207	2.03078528547191	10.1910511186671	0.0058011018486417	0.0188552116303727	12509	Cd59a
12511	120	164.8	-0.493554844057247	2.60418533061861	10.4479618617222	0.00502678683130082	0.016873473492713	12511	Cd6
12512	276.8	300	-0.111054675530412	3.29768538975218	2.41968379442879	0.133004482640959	0.230205579223138	12512	Cd63
12514	42.4	50	-0.243621243533781	2.92184031809978	11.087183045628	0.00281981566830025	0.0104910207643788	12514	Cd68
12516	58.4	45	0.370576225572258	0.713977637229406	5.21192045996793	0.0316544488257945	0.074335240183271	12516	Cd7
12520	5924.4	5829.4	0.023039357360924	7.71144403439003	0.738622481296217	0.398668065490407	0.53187633548074	12520	Cd81
12521	80.4	89.8	-0.153880975175004	3.25110033445707	5.57569905026876	0.0267357750450989	0.0648387403526611	12521	Cd82
12522	1393.2	1587.8	-0.188798290939749	4.20661504090016	10.3867042791583	0.00365634577972328	0.0130619925605834	12522	Cd83
12523	67.6	64.6	0.0801426786213428	0.251424093150531	0.183581791823194	0.672162014706455	0.770956985218949	12523	Cd84
12524	2.8	2	0.213089332028516	1.10719905942012	3.08152424081962	0.0920383449515175	0.172098607752812	12524	Cd86
12527	140.4	151.6	-0.114573304682976	4.35712765813175	4.24149019187046	0.0505365064459588	0.107878027277121	12527	Cd9
12530	846.6	828	0.0332708978094443	2.68194422615147	0.178354783008894	0.676577998558402	0.774533374874318	12530	Cdc25a
12531	1227	1572	-0.35661077309437	4.83417583077444	70.8995326434137	1.33571841955082e-08	5.2463244663553e-07	12531	Cdc25b
12537	2452.4	2584.2	-0.0771523568430113	6.3694849202005	3.83421901322557	0.062026431300554	0.126592775772128	12537	Cdk11b
12539	2050.2	2020.4	0.0208746956581197	6.93120373181293	0.383910130922388	0.541399019261912	0.661989799882555	12539	Cdc37
12540	17238.2	17973.8	-0.0601369262230374	8.02048442268238	4.95072377317055	0.0358094293523894	0.0820788918267422	12540	Cdc42
12544	28.6	31.2	-0.125318775902879	0.96389640964837	0.897717867817204	0.353536527192438	0.486807370109507	12544	Cdc45
12545	730.8	632.8	0.206781640141028	4.36175887870585	17.9782200809909	0.000290575746635032	0.00167292334863418	12545	Cdc7
12549	3592.2	2353.2	0.612807271738489	5.59708997012903	87.3203066582049	3.61390871859267e-08	1.15565125262253e-06	12549	Arhgap31
12550	0.8	0.8	-0.101514001582116	1.30900386900901	0.52103300047553	0.477426792195226	0.605433133390928	12550	Cdh1
12552	2897.8	2931	-0.0179181827409534	6.48905052381173	0.145473196081827	0.706635288270491	0.798819525783019	12552	Cdh11
12554	1100.6	1091.4	0.00982111824384248	5.99038758597818	0.0158177531291844	0.901707198784195	0.937915648476306	12554	Cdh13
12555	2.2	1.6	0.270420551200455	0.731797086355624	2.12847762397026	0.158096225826044	0.263111439043136	12555	Cdh15
12558	3373.4	3179.6	0.083362242133036	6.52966280393704	5.15552506402039	0.0325037884890077	0.0760579178921996	12558	Cdh2
12561	1215	925.8	0.388842777461503	5.18100982131024	32.9757677526131	1.89025572172442e-05	0.000178340445181493	12561	Cdh4
12562	250.4	256.6	-0.0291376829122612	3.8017442632352	0.154446794911212	0.697835816925385	0.791471978800966	12562	Cdh5
12563	19.6	29	-0.521656788245117	2.93320395382434	18.6542500865141	0.000354427000017822	0.00198484612873212	12563	Cdh6
12564	575.2	580.2	-0.0150420443051249	5.53181926678459	0.0992965308168836	0.755418970038127	0.835539163830049	12564	Cdh8
12565	802	906	-0.173160585116052	4.5198894221796	8.27195907448865	0.00835059849045491	0.025523271427582	12565	Cdh9
12566	35.2	45.2	-0.358874922756489	1.05859052571099	6.28574850092458	0.0194012850813973	0.0500259720599223	12566	Cdk2
12567	911.8	1008	-0.145011662607128	4.95043134277432	10.7204978765753	0.00322804245332692	0.0117260933954228	12567	Cdk4
12568	4071	4023.6	0.0168968865461665	6.82163864088376	0.405493721537084	0.53033729520049	0.65221605248259	12568	Cdk5
12569	22608.6	21662	0.0620330342114057	8.25399527427799	4.27813215566932	0.0496267691330378	0.10629895095568	12569	Cdk5r1
12570	12458.8	11591.8	0.102514979143996	8.33463425060797	7.45980831132292	0.0117692316155784	0.0335792486718456	12570	Cdk5r2
12572	849.6	799.4	0.0869878393323846	5.07302837378441	4.43415322688683	0.0459543532872425	0.0998833417163614	12572	Cdk7
12575	2674.2	987.2	1.44469788858746	4.91769798550477	191.854683578532	2.45953409859488e-09	1.40514252415377e-07	12575	Cdkn1a
12576	444	398.8	0.155303533144989	4.81539773295414	11.4118972241535	0.00250515964240435	0.00952382363790437	12576	Cdkn1b
12577	300.2	427.6	-0.492745746840765	2.36150460868509	24.5946164092737	4.69909262078653e-05	0.000372168135566293	12577	Cdkn1c
12580	275.4	319.2	-0.223998112427964	0.830358856563691	1.71564003706494	0.202745682079132	0.318012597804859	12580	Cdkn2c
12581	2858	3010.4	-0.0735194349295244	5.36224175171391	3.61726436617969	0.069341524768227	0.137749092770747	12581	Cdkn2d
12583	149.8	136.2	0.138923381201548	3.54806159744264	4.47269069638127	0.0450950731456085	0.0986237232934823	12583	Cdo1
12585	329	325.8	0.0114930718475599	4.00904649254929	0.0361706634902154	0.850774723729921	0.901678974687804	12585	Cdr2
12589	1812.2	2116	-0.227963749798213	5.06685533833205	25.7503675441323	3.51365679346006e-05	0.000295613476674457	12589	Ift81
12593	297.6	282	0.0792393254283695	3.16631650511269	1.14895401093204	0.294506916570814	0.422679274363474	12593	Cdyl
12606	1177.6	856	0.448001349495297	2.74037065645854	29.4654518117774	1.44560894009421e-05	0.000144102287035322	12606	Cebpa
12607	1835.4	1660.2	0.146486066400684	5.37859663768785	11.6564995127071	0.00229349416483361	0.00888268077666263	12607	Cebpz
12608	112.6	92.6	0.262800743719598	1.57726108820223	3.71085051704105	0.0660718989714256	0.132639337185137	12608	Cebpb
12609	189.4	102.8	0.910999603871605	0.924787587926792	29.9620772293126	1.29016495338741e-05	0.000131509479804384	12609	Cebpd
12611	2229	1918.2	0.219676397231357	5.38310846513779	35.7100623695745	3.72589482434085e-06	4.73234479710216e-05	12611	Cebpg
12614	152	232.6	-0.624702988857798	3.23620755859569	66.4307709853082	2.39334744694288e-08	8.31573173031548e-07	12614	Celsr1
12615	110.6	100.4	0.150761138679583	0.941576376584402	1.09904265887876	0.304995779511796	0.434625751460466	12615	Cenpa
12616	1658	1859.2	-0.165079887321151	6.86687659998321	23.401557906256	6.39369480962661e-05	0.000478088281315794	12616	Cenpb
12617	1244.6	1314.6	-0.0785347678628356	4.65068959124334	2.81380368067003	0.106529857790174	0.193221554084474	12617	Cenpc1
12626	1217.2	1608.6	-0.403848140244165	5.33700645728423	110.045117229103	2.07886337549271e-10	2.27635539616452e-08	12626	Cetn3
12628	653.2	645.6	0.0199217331276381	4.77153969242574	0.147890919809527	0.703970526559608	0.796804227947735	12628	Cfh
12631	22573.4	23467.6	-0.056384406054894	9.48685808210922	3.36187907532558	0.0792459659484333	0.153213107519884	12631	Cfl1
12632	3490	3609.6	-0.0510884987977246	5.97163164633851	1.22108993239603	0.280443836439418	0.407513341901614	12632	Cfl2
12633	85	68.8	0.308927665259732	3.33258589088356	15.8787979957754	0.000553621646470386	0.00282417689614934	12633	Cflar
12648	468.6	468.4	0.000683198834320094	4.7914792400947	0.000269963559303845	0.987027720385294	0.991624290710296	12648	Chd1
12649	173.8	128.8	0.453916644338388	0.702695731428009	10.1414318498672	0.00401066122275068	0.0140917730522201	12649	Chek1
12652	4656	4756.6	-0.0313957226746612	7.55283183931002	0.647722546488049	0.428931891603419	0.561218571669758	12652	Chga
12653	10457.2	9552.2	0.128091252764513	9.13975338768169	3.75634970973017	0.0740048743392378	0.1449412538888	12653	Chgb
12654	837.8	994.8	-0.246239986156987	3.12940424944567	10.9510358043392	0.00296439260874856	0.010930441522156	12654	Chil1
12659	567.8	586.8	-0.050232116984497	3.1404572413901	0.431386893892515	0.517604093349189	0.640919178040708	12659	Ovgp1
12660	10064.2	8257.4	0.286691213544032	6.00708052742294	45.4390996497234	5.90073811938908e-07	1.06081180071704e-05	12660	Chka
12661	7182.4	7664.2	-0.0933442821685323	7.54233659312875	5.71548757826803	0.0251269902412625	0.0617662443787769	12661	Chl1
12662	1173.2	1174.4	-0.00413264557535002	5.86809986661377	0.0105733301331836	0.918961157461712	0.948897311755364	12662	Chm
12663	207.8	256	-0.304644918617151	3.74726005181834	22.9668167163457	7.16775811609486e-05	0.000522718344147503	12663	Chml
12667	3299	2381.6	0.474985437544935	5.81199494067312	85.2348787601459	6.41218249507666e-09	2.91511132769247e-07	12667	Chrd
12669	6375.8	5893.8	0.112652646052259	7.60982923198487	9.04868794888296	0.00611816298286037	0.0197436766586881	12669	Chrm1
12671	3064.6	3851.4	-0.333895784581595	5.98113073372444	49.7026614632892	3.56426125848566e-07	7.0572372918016e-06	12671	Chrm3
12672	546	518.8	0.0802272697193571	4.98289797197811	1.91337348187693	0.1800955913062	0.290009990491253	12672	Chrm4
12675	1832	1662.2	0.144783875779607	5.48126820350754	8.87271265013201	0.00655947430067383	0.0208650179449691	12675	Chuk
12683	15	12.8	0.143281980361922	0.819786672426874	0.912212224027158	0.349119730512376	0.481934602735031	12683	Cidea
12695	170.4	165.2	0.0425240867599467	3.24198607617809	0.312100228103799	0.5816076854483	0.695676720081904	12695	Patj
12696	536.2	1044.8	-0.969237227082942	5.56433535229669	241.515702860857	3.13022173216409e-12	8.70081248398071e-10	12696	Cirbp
12700	79.8	73.8	0.10855414520942	2.39250460946936	1.68441701491271	0.206764215118736	0.322486229927762	12700	Cish
12702	98.6	113.2	-0.201467176404655	1.17453562573012	1.98821044579128	0.171450698809732	0.278913719819456	12702	Socs3
12704	3477.2	3172.4	0.134090150738278	7.08889811355834	13.9932721326901	0.00102120365116588	0.0046431197149895	12704	Cit
12705	107.6	107.8	0.0389745733624717	0.352233955526306	0.0579019834855563	0.811901868660523	0.875670566485126	12705	Cited1
12709	22751.6	21340.8	0.0932235944886194	9.54009888301341	9.59168024467918	0.00494943321488485	0.0166835605615545	12709	Ckb
12716	9486.4	9751.4	-0.0418421725947272	7.88619952597978	1.14574788820948	0.295477604570214	0.423735816693905	12716	Ckmt1
12721	4421.2	4795	-0.117532355897497	6.4111288381565	14.2197262502805	0.000947097177646796	0.00437650367385462	12721	Coro1a
12722	68.6	100.2	-0.546899996735231	0.460986673213782	10.4243601547009	0.00360505017264152	0.0129202566812201	12722	Clca3a1
12723	408.2	336.2	0.290873093877026	2.39820852096741	11.9228701425245	0.00208497835770988	0.00823845740359174	12723	Clcn1
12724	3770.2	3580	0.0728942331681705	6.53462084287383	4.1089711641353	0.0539874331508419	0.113685075577254	12724	Clcn2
12725	10386.4	10939.4	-0.0746173812782955	7.83069011150097	7.92364795105994	0.00963115776630537	0.0286899433104135	12725	Clcn3
12727	10949.6	11029	-0.00997424302115255	7.83742618393659	0.122892817574449	0.728998652460517	0.815679402590518	12727	Clcn4
12728	3.8	6.2	-0.648265182164104	1.73907513684327	31.8267610101806	8.49798467181871e-06	9.27718054731628e-05	12728	Clcn5
12729	4273.6	4087.4	0.0653249347837895	5.85143420861184	4.61291206751772	0.0421175780975828	0.0932657871933425	12729	Clns1a
12737	77.6	81.8	-0.0685939346071659	0.180149983302206	0.132636997376377	0.718925881520846	0.808001096785733	12737	Cldn1
12741	1321.4	1659.8	-0.322906688393483	4.79695922930149	19.2253718737463	0.000339544985462188	0.00190964327621419	12741	Cldn5
12745	193.8	210	-0.119453816031505	3.77553225733468	2.64353468595256	0.117128646783175	0.207447305551281	12745	Clgn
12747	3882	3001.6	0.371339773450395	6.81158118592128	39.3786309904809	9.87124890182622e-06	0.000104373834401607	12747	Clk1
12748	720	676.8	0.0885593455221664	5.47602705204859	4.74058107399151	0.0395976035039108	0.0889146747002526	12748	Clk2
12750	1562.2	1366.2	0.194214292531318	5.90941300180367	13.728171575469	0.00133802455757053	0.00576047387775527	12750	Clk4
12751	2667.2	2553.4	0.0638981358178944	6.35873355087736	2.8245546685937	0.105899082960105	0.192369796055444	12751	Tpp1
12752	522.8	544	-0.0585410168667888	3.74298271466212	0.940001162010641	0.342018286252984	0.47466210425447	12752	Cln3
12753	2870.4	2448.6	0.228575662628787	6.11954375132141	34.6096180368903	4.67925004855965e-06	5.70750043897732e-05	12753	Clock
12757	5963	6077	-0.0288576812031125	7.35002522067231	0.743077377913049	0.39727087744199	0.5305067086544	12757	Clta
12759	13950.8	13822.8	0.0142314658798287	9.28433064229027	0.284876375185158	0.598467897663953	0.710084960830305	12759	Clu
12764	7579.8	7519.4	0.0127968692945395	6.24752439412597	0.158443562781983	0.694138132818369	0.789135800830322	12764	Cmas
12774	132.6	132	0.00559118636310465	2.02795380112182	0.0033022050815238	0.954654194311664	0.971629142984046	12774	Ccr5
12778	279.2	196.2	0.508062278799388	3.68804020114117	54.2168252611736	1.38836074134317e-07	3.35574684872479e-06	12778	Ackr3
12785	10208.6	10880.8	-0.0913805814832768	7.59229034437438	7.78802384370783	0.0101870093016711	0.0299213640411205	12785	Cnbp
12793	4983	4677.2	0.0931294451143099	6.01990111598904	6.59123450443702	0.0169583300622936	0.0449671074519156	12793	Cnih1
12794	6037.2	5341.2	0.176761356914541	7.1438763902761	26.9096032844079	2.64374353546189e-05	0.000234146256504695	12794	Cnih2
12795	247.8	199.2	0.310879617667831	4.193005790435	21.8574776955481	9.75696248097278e-05	0.000675740947292672	12795	Plk3
12798	300.2	338.4	-0.15333851764947	2.47874896426194	2.10322250617186	0.160027983008729	0.26556193644181	12798	Cnn2
12799	2257.2	2581.2	-0.192211553240495	7.31729776780959	7.49161398648939	0.0162601309114363	0.0435390759899777	12799	Cnp
12801	12862.2	12678.6	0.021385359433791	7.73391901815116	0.446460076874145	0.510443010038963	0.634739075025811	12801	Cnr1
12804	1469.2	1197	0.29676972439797	6.04018924576244	64.6025017833162	3.06430564450492e-08	1.01505492873782e-06	12804	Cntfr
12805	13367.6	13664	-0.0330022267671472	8.7932404924572	0.986338427233669	0.330619551757691	0.462119234223543	12805	Cntn1
12807	977.4	1071.2	-0.129622772595432	4.24468920101991	8.60642124278693	0.00729519468616165	0.0227988635662228	12807	Hps3
12808	16102.2	14062.2	0.195632578721699	7.83852591286671	36.3195078691667	3.29038767541313e-06	4.27041780070548e-05	12808	Cobl
12810	923.8	986.6	-0.0893801414269011	5.27672421296648	1.59424789215089	0.223441834989655	0.342339228634776	12810	Coch
12812	969.6	1015.2	-0.0712326342290325	3.73886745199822	1.82214120042615	0.189745645227766	0.302246369420557	12812	Coil
12814	229.2	292	-0.344378185000643	4.62960453557059	15.3705897582535	0.0011909300655165	0.00525448814620742	12814	Col11a1
12815	389	447	-0.203011718276393	4.7939494378268	13.6992804997812	0.0011269967350303	0.00502455607900306	12815	Col11a2
12816	161.2	159	0.0218370726625784	5.26379134218381	0.143358265535106	0.708689949437112	0.800005305943816	12816	Col12a1
12817	26.4	32.4	-0.225036164154226	0.829708651219254	1.15657504971996	0.294916177607789	0.423167293555128	12817	Col13a1
12818	87.4	138.6	-0.686036865198818	1.12957700240264	25.983856235644	3.31613499535445e-05	0.000283115270070013	12818	Col14a1
12819	171.4	223.4	-0.389143030663066	3.4535832452771	25.2934806075521	3.93815351013086e-05	0.000322504650625674	12819	Col15a1
12821	583.6	787.4	-0.413592497213921	0.910253139861805	8.857842821303	0.00659833597741745	0.0209563498610397	12821	Col17a1
12822	125	131.6	-0.0558436459123314	2.17653243838862	0.32640919870496	0.573132042206262	0.68867325114717	12822	Col18a1
12823	1188.2	1387.6	-0.222240955380083	5.69799096752634	7.78006219259248	0.0142576997808353	0.039208674397297	12823	Col19a1
12824	14.4	24.6	-0.746546893381369	-0.289789999720566	5.77336946906713	0.0265180594210099	0.0644296572316822	12824	Col2a1
12825	23.6	31.2	-0.365990660583534	2.09532299936729	10.3069468407287	0.00376765132724823	0.0133835419719946	12825	Col3a1
12826	3797	3002.6	0.343318375013013	6.4964101379506	53.0434049767694	3.15827783118187e-07	6.41386857533163e-06	12826	Col4a1
12827	5706.6	4143	0.463927196509161	7.16296079639706	120.206174664964	1.53242055695499e-10	1.8305460107626e-08	12827	Col4a2
12830	463.4	455.6	0.0412627590492411	2.27283107462451	0.10092767700047	0.753849797838884	0.834186570047713	12830	Col4a5
12831	820.6	1054.4	-0.362687017071741	5.50285655330118	27.9154888355647	6.11925548047487e-05	0.00046187251392567	12831	Col5a1
12832	41	47.8	-0.21872131868361	3.0506129981699	6.93594367470843	0.0146022858410027	0.0399813297112811	12832	Col5a2
12833	1391	1539.8	-0.14582817652023	6.66128618567467	2.69033817617003	0.126161539165739	0.220660562330782	12833	Col6a1
12834	304.8	351.8	-0.212324870338972	4.80795791149332	4.29446876653112	0.0577790699828965	0.119698821489578	12834	Col6a2
12835	88.4	67.6	0.391581600307125	2.27019512319484	17.3817128767659	0.000347690977380731	0.00194938921142788	12835	Col6a3
12836	114.6	94.6	0.282053625769255	2.66970293494961	13.0901503345464	0.00138630374393938	0.00592829417600586	12836	Col7a1
12837	58.4	47	0.316889267051288	1.71271686050316	6.13626484234062	0.0207368553631986	0.0528438835366136	12837	Col8a1
12840	116.2	131.2	-0.181558177425097	2.44127497181953	3.9684145847465	0.0579419820882561	0.119865437484439	12840	Col9a2
12841	426.6	471	-0.14292859327588	3.15652300910999	2.7134729340996	0.112632530457646	0.201508923782005	12841	Col9a3
12842	140.6	158.8	-0.167148455000456	2.93143625424718	2.29449979730729	0.144917276998105	0.245993461154505	12842	Col1a1
12843	525.8	478.4	0.134499007379759	4.06298441754436	6.02602899077036	0.0217871036368286	0.0549582540954137	12843	Col1a2
12846	955.2	917.8	0.0560010814718473	6.20369018868354	2.24908124418418	0.146829994606384	0.248539728544405	12846	Comt
12847	7024.4	7021.2	-0.000820736283124446	7.85293560507381	0.000519203922835053	0.982010714496429	0.988850249198949	12847	Copa
12848	5469.4	4964.6	0.138795271468619	6.60694275338701	14.9738120352025	0.000739633750472288	0.0035838639722851	12848	Cops2
12850	194.2	221.6	-0.189271074970095	4.07042345403276	8.53991977579684	0.00749276583050936	0.0233054524024494	12850	Coq7
12854	69.6	63.8	0.148254874455132	1.78041549162037	1.10534343354859	0.30408777771886	0.433759472924938	12854	Cort
12856	1042.8	977.4	0.0984434215320603	4.80324491788611	3.04992092237076	0.0936551697458907	0.174290567980534	12856	Cox17
12857	14827.4	14570.4	0.0259797441920923	8.31437461776453	0.580477750162541	0.453602103956297	0.584052812966694	12857	Cox4i1
12858	27081	25113.2	0.109250931642566	6.58228025810973	4.67131417321132	0.0429749342139469	0.0948045938840643	12858	Cox5a
12859	3827.2	4072.4	-0.0921841360917045	6.68656752592934	2.22212833805152	0.155606791238306	0.26018553589563	12859	Cox5b
12861	7218	7659.4	-0.086414982129421	7.67994927673664	5.00908536725553	0.0348864065332299	0.0804736865673963	12861	Cox6a1
12862	13	13.8	-0.118316866441638	1.77431268414938	0.554459312994321	0.46516181081318	0.594521957157459	12862	Cox6a2
12864	10796.6	11455.6	-0.0862491433728478	6.31977976185083	3.95423754403831	0.0584346471891981	0.120573075013943	12864	Cox6c
12866	48	48.2	-0.0257242989863673	2.21705079530194	0.0705570541267912	0.792812510323751	0.86195796401928	12866	Cox7a2
12867	396.8	380.6	0.0638770388347034	3.08329157075738	0.434909638722762	0.51632282045814	0.639463989012904	12867	Cox7c
12868	16917.4	16600.6	0.0278276494856218	8.24186063441339	0.392723866248996	0.5379237472723	0.658911003650324	12868	Cox8a
12870	601.2	492.4	0.285473046382775	3.90200899539998	18.1867343082561	0.000273089327073407	0.00159098473741194	12870	Cp
12874	4120.2	4118	0.00176793247108948	6.68921655274227	0.00356672960987153	0.952875120118017	0.970671434645558	12874	Cpd
12876	97999.2	93077.8	0.0741201376936438	10.9546054354765	6.22576782090964	0.0199253775007629	0.0511184604891777	12876	Cpe
12877	4611.6	4631	-0.0046459816370674	6.6764096603686	0.0124121856911521	0.912229819567124	0.944646067633129	12877	Cpeb1
12879	686.6	363.8	0.928243870526431	3.08169764771508	78.6162700968419	2.18702860266858e-08	7.82458203538903e-07	12879	Cys1
12889	24511.2	25999.6	-0.0850438928948202	9.4501050843901	4.14596886274327	0.0549356729479239	0.115228590449759	12889	Cplx1
12890	47497	45361.6	0.0672958008623793	10.2149545549511	4.21882112023837	0.0511087459378294	0.108829102995354	12890	Cplx2
12891	3707.2	3043.8	0.284166069284447	7.53164817228688	55.4219199442183	1.15326839916136e-07	2.90512109245959e-06	12891	Cpne6
12892	606.2	490	0.309672916839767	5.02800979895764	54.7225665261819	1.28391094341693e-07	3.14536419934717e-06	12892	Cpox
12894	647.8	680.6	-0.0702217497909175	4.83295435095914	1.8255211398737	0.189350150728756	0.301716136989685	12894	Cpt1a
12896	124	116.6	0.084800003890112	2.12825877241056	0.711306291363916	0.407399040504065	0.540481480628339	12896	Cpt2
12904	32.6	38	-0.243253294918077	1.35971325070231	2.90922275766655	0.101080494567581	0.185267241754986	12904	Crabp2
12905	95.4	119.8	-0.346668861418394	2.01383417499913	12.335009999901	0.0018020242207173	0.00732671113537212	12905	Cradd
12908	1490.8	1399.6	0.089799230843114	5.89488347610047	7.71879773379311	0.0104842731370024	0.0306202634718596	12908	Crat
12909	962.4	946.8	0.0240733629439821	4.51167667951385	0.257765718207284	0.616327609053938	0.72593078496604	12909	Crcp
12912	1885.8	1631	0.210252905451587	5.98128140042972	29.7501612508592	1.35415507729547e-05	0.000136587281836907	12912	Creb1
12913	1968.6	1987.6	-0.0132519821648769	5.14607953888935	0.119607858870826	0.732495596089093	0.818701281560937	12913	Creb3
12914	2034.8	1865.2	0.125511143769843	6.25993198563948	11.8973014706673	0.00210406589661791	0.00829799958245982	12914	Crebbp
12915	1687.4	1548.8	0.125048898428009	5.92826530848402	11.1190409779612	0.00278711001561575	0.0103934179994092	12915	Atf6b
12916	496.4	359.8	0.464427714846362	4.199702569418	84.3117971779967	2.70783193870962e-09	1.51115841089223e-07	12916	Crem
12918	274.8	210.2	0.379876398916626	2.29272549083701	13.0890383138716	0.00138683291034058	0.00592843795677222	12918	Crh
12919	2103.2	2308.2	-0.126606565836924	4.36301000265617	1.52804121040292	0.235325417211655	0.35683942482944	12919	Crhbp
12921	2158.4	2508.6	-0.222592334417875	5.09470682510561	28.8095872543386	1.68284420316288e-05	0.000162690456767485	12921	Crhr1
12922	140	169.2	-0.267567805056715	0.0871181180506352	1.98518379418822	0.171764387396172	0.279235457813999	12922	Crhr2
12925	27.4	30.8	-0.195934207679058	1.14279448272839	2.27195736297224	0.144880147977333	0.245959320984775	12925	Crip1
12927	678.2	664.6	0.0298293592731026	5.63643358050182	0.655018683564594	0.426333661482129	0.558982832280723	12927	Bcar1
12928	8992.2	7785.8	0.208863451036917	7.14336550723349	45.9942491398821	5.35551572902315e-07	9.79856004396209e-06	12928	Crk
12929	2300.4	1911.4	0.264706500173487	5.23368189234521	29.1667823687278	1.5488041958851e-05	0.00015177231082931	12929	Crkl
12933	9564.4	10337	-0.112217104501273	7.68818865863108	16.7930716340328	0.000416225833068226	0.00225915440900043	12933	Crmp1
12934	18554	17008.8	0.127277891984519	7.27814745975668	7.81587666642186	0.0108751132858099	0.0314881585402837	12934	Dpysl2
12937	227.4	188	0.240735229179977	2.13137550414813	2.6664519399414	0.118969184856226	0.210166291604972	12937	Pcdha6
12939	25.6	22	0.233554343692883	1.79136350751058	2.76245121474801	0.11036347113892	0.198431846229874	12939	Pcdha7
12941	219.4	258.8	-0.25082914342091	2.31788853040079	5.51923702578644	0.0274399699469611	0.0662464215155129	12941	Pcdha5
12942	164	168	-0.0464239261642717	2.01353564722536	0.219557656643939	0.643636235287657	0.746818507252773	12942	Pcdha11
12943	1442	1526.4	-0.081485646700136	1.52119050237436	0.285304077898624	0.598422431359581	0.710084960830305	12943	Pcdha11
12946	558	563.8	-0.010209841498671	3.09375295368825	0.0209926921509136	0.886017651901529	0.927469520610132	12946	Cr1l
12950	444.2	441	0.0187953875042547	4.54604167560389	0.0962923067484918	0.75904643566005	0.838055875678113	12950	Hapln1
12952	746.4	595.6	0.332394352911444	3.73503625005147	26.3047399274531	3.06409837563229e-05	0.000265200466595144	12952	Cry1
12953	6502	6554.2	-0.0117022414466047	7.27486271008012	0.147307600697641	0.70452569578868	0.797182903313729	12953	Cry2
12955	2342.2	1987	0.239263161124466	5.72403725219053	16.0100245660384	0.000789079987730064	0.00377660998101005	12955	Cryab
12960	314.6	163	0.932437895298058	1.69235343788315	54.2869449841659	1.37334423566436e-07	3.32501132031702e-06	12960	Crybb1
12971	4169	3611.2	0.213930506565147	6.17394031174472	5.27312065236021	0.0398932821044597	0.0894951885050225	12971	Crym
12972	896.6	1029.2	-0.201147349544961	3.64306025399068	10.2826381319807	0.00380230884827009	0.0134867661577659	12972	Cryz
12974	18033	18987	-0.0751871401955685	8.18713037242376	8.33617483588244	0.00813560724022798	0.0249664685881646	12974	Cs
12977	787.2	796.4	-0.0207779615959142	4.36755520742809	0.0896702847445377	0.76743834063551	0.844286534591063	12977	Csf1
12978	4088.6	3914.4	0.0631551062259414	6.70369940259547	2.74787486307078	0.110495152695675	0.198614237895304	12978	Csf1r
12982	347.6	352.8	-0.0238346327945455	4.90976532313384	0.279078429990511	0.602192689036039	0.713407376138481	12982	Csf2ra
12983	11.8	14.8	-0.260826960072654	0.348648972122657	2.31405805213383	0.14137172178792	0.241592204625514	12983	Csf2rb
12986	305.8	283.8	0.105409547177764	2.95243055981117	1.88041894787801	0.183065752483836	0.29365014220748	12986	Csf3r
12988	512	498.8	0.0373782595232884	4.11458086736518	0.560529007379198	0.461375373001536	0.590727224852884	12988	Csk
12995	6056.8	6249.6	-0.0454627032917925	6.09012923060998	1.23138507775504	0.278213573316498	0.405046231740196	12995	Csnk2a1
13000	1733.6	1741.2	-0.0081616663254513	5.47698023394793	0.0484102471534007	0.827727455379567	0.88627345056252	13000	Csnk2a2
13001	1895.6	1863.6	0.0254028217284398	6.18545363768626	0.277338186150164	0.6037759741904	0.714740207284852	13001	Csnk2b
13002	15403.2	15029.4	0.0353516211528693	8.16061026785539	1.54024835028225	0.226662786222518	0.346136704919205	13002	Dnajc5
13003	202.4	176.2	0.193482611414966	4.36532746540422	13.2852074826691	0.00129680435140483	0.00562376540510215	13003	Vcan
13004	7599.6	7624.8	-0.00414910391605005	7.57838990925463	0.0192647988983344	0.890776607946945	0.930790521249968	13004	Ncan
13006	1605.2	1561.6	0.0387896067168276	5.83003553309546	0.818036282655368	0.374810590757906	0.508209407018272	13006	Smc3
13007	3592	3711	-0.0465045934418007	7.45160028617	1.69087328501309	0.205925210770246	0.321638534306585	13007	Csrp1
13008	58	67.8	-0.227242580686756	1.46040887474775	3.89484428139008	0.0601420694818052	0.123391550360541	13008	Csrp2
13010	3965	4016	-0.016348953251454	8.71646215902949	0.0900817731742515	0.767986526858366	0.844683287122686	13010	Cst3
13014	973.4	979.6	-0.00859221183997609	3.77837301603947	0.0215176201999072	0.884611853526019	0.926467627770819	13014	Cstb
13016	14395.2	14253.8	0.0160808771464352	7.33012300935192	0.175713796626209	0.678838407258877	0.776078676274082	13016	Ctbp1
13017	449.2	474.6	-0.0769175459067178	4.21091281020891	1.98141559345697	0.172155905295177	0.279746088267171	13017	Ctbp2
13018	3762.6	3567.8	0.0756067195028745	6.26803964308143	6.79925202139919	0.0154902564459504	0.0418888992833988	13018	Ctcf
13019	7	8	-0.234955172610453	0.0979470455102211	1.13868895893874	0.29662408858152	0.424916211730158	13019	Ctf1
13024	323.8	178.4	0.897457810344081	2.21253374694903	53.2109641655932	2.18252877052852e-07	4.82857095779111e-06	13024	Ctla2a
13025	28	16.4	0.719894215922145	-0.0888630379544576	17.0542553786714	0.000384154865619485	0.00211446093970451	13025	Ctla2b
13026	1416	1340.8	0.0786085822302492	5.40591212857715	3.91651533088591	0.0594843154024809	0.122302460146153	13026	Pcyt1a
13030	29677	30443.2	-0.0372498032390848	9.25877563965079	1.62173315315435	0.215135652870292	0.332609982520826	13030	Ctsb
13032	92	72.2	0.342980182067518	2.55386090194405	13.2375528800262	0.00131807259276716	0.00569719535163172	13032	Ctsc
13033	10602.8	10051.8	0.0773893143821812	8.38300353999433	8.86187245679507	0.00658777978720929	0.0209310448848063	13033	Ctsd
13036	208.4	200.2	0.0556822191406321	3.40754090312504	0.500885201871753	0.485978067464964	0.613050007605044	13036	Ctsh
13038	55.2	56.6	-0.0357771508423687	2.11431222718159	0.166817084000752	0.686604059635197	0.782923866776809	13038	Ctsk
13039	2536.8	2673.4	-0.0765861360830583	6.23631633030103	4.96620993425749	0.0355467446934364	0.081603529354069	13039	Ctsl
13040	1095.6	1124.8	-0.040926258122313	5.87866535699818	0.805912667959452	0.378355540101688	0.511911539514162	13040	Ctss
13043	5092	4686.8	0.118758974739382	7.03983189576969	12.2579104262425	0.00185159262306517	0.00748403796806041	13043	Cttn
13046	7492.2	7934.4	-0.0824834934484701	8.26100844906686	8.13253973699703	0.00883919745909885	0.0267339945749769	13046	Celf1
13047	1061.2	1157.6	-0.120660168381815	5.70566970057564	6.39324886420948	0.0185907303581554	0.0482511073077353	13047	Cux1
13048	2692.6	3015	-0.161969054474194	6.73617744770985	20.814947588267	0.000128397864146586	0.000849753996508584	13048	Cux2
13051	780.8	898.8	-0.203311974839137	5.26195845482223	13.7840366344196	0.00116456856028722	0.00516498127351688	13051	Cx3cr1
13052	1700	1926.2	-0.184440309918287	5.3040342057266	8.39630598796207	0.00917226995961795	0.0275053921154186	13052	Cxadr
13056	10674.4	10006.8	0.0941892240036745	6.26395537728149	7.42547017542804	0.0118543381453999	0.0337953853162939	13056	Cyb561
13057	8.4	9.2	-0.112527469288418	1.40134290515914	0.825101772362343	0.372790272636166	0.506182301614199	13057	Cyba
13063	1293	1180.2	0.131856952116809	3.47132164202017	3.33801674884772	0.0802514024337778	0.154695387073914	13063	Cycs
13070	2390.6	1495.2	0.665871195836665	2.67622025931581	19.8756976016887	0.000396281766271967	0.00217211097826887	13070	Cyp11a1
13078	81.6	60	0.447651418996851	2.0567839276501	15.0905033050836	0.000712215215209651	0.00347899922968581	13078	Cyp1b1
13087	0	0	2.28498284368938	-0.28501441389863	10.210451734409	0.00646789608487306	0.0206138064812329	13087	Cyp2a5
13108	0	0	4.396277419146	-1.69840371363054	15.3937643563398	0.000763443017495655	0.00367071692980818	13108	Cyp2g1
13110	344	374.2	-0.122475970929466	4.19554511607755	5.75675036553289	0.0246098791067443	0.0607534060817903	13110	Cyp2j6
13116	5113.4	5307	-0.0535201534756945	7.6759717589231	3.17366371578413	0.0875883843423236	0.165685447884301	13116	Cyp46a1
13120	14.2	19.8	-0.451115235289159	-0.0441842987448577	7.29763913197182	0.0125121954650701	0.0352811691869144	13120	Cyp4b1
13121	1676.6	1695.4	-0.0138279433319312	5.9877232468177	0.111184026827311	0.741717070276654	0.824992576666314	13121	Cyp51
13123	290.8	325	-0.174895465901229	3.28851792242791	5.65715507567526	0.0257550348934622	0.0630420447671639	13123	Cyp7b1
13131	6864	5506.8	0.316586134119078	6.92988065845436	82.5158250054514	3.3128716374485e-09	1.75400170870625e-07	13131	Dab1
13132	100.2	116.2	-0.211714633696992	3.62265162686615	13.2536472111687	0.00131084744221	0.00567615006881468	13132	Dab2
13134	22.8	34.8	-0.592676612116274	2.37157872988509	20.1878150518825	0.000215184013773307	0.00130354976323528	13134	Dach1
13135	1259.6	1201	0.0673989630143842	5.48101425936959	1.46693133236322	0.239164755844067	0.361296758044539	13135	Dad1
13136	75.2	63.2	0.239579364388781	2.45969890247057	8.06310530279658	0.00909419372908731	0.027327957621669	13136	Cd55
13138	2030.8	1897	0.0971138252221015	6.67539264909504	6.75530346968939	0.0157883045661662	0.0425515857168312	13138	Dag1
13139	284	296.8	-0.0589846230250524	3.93204378577561	0.708935578336072	0.408170373538075	0.541107454748173	13139	Dgka
13143	174.2	123.4	0.512924046433508	0.785253943207524	12.7730013565175	0.00154654889731809	0.0064756134883649	13143	Dapk2
13144	1494	1358.6	0.138576006179168	5.03049772994777	9.21440162059124	0.00573222401553183	0.0186901795444388	13144	Dapk3
13163	796.2	740.4	0.100934655071256	4.38870563768213	4.62894709005245	0.0417913973772962	0.0926887920348993	13163	Daxx
13164	175.8	164.6	0.0981533917576717	2.31112897713414	0.904606768740664	0.351099540939633	0.484143557025516	13164	Dazl
13167	2345.6	2322.2	0.0145107343063502	6.08605081697625	0.126028391899884	0.725709551067078	0.812817191098298	13167	Dbi
13169	1667.6	1638.2	0.028141853756515	6.09029293918856	0.655319852386923	0.426228767822102	0.558904474357395	13169	Dbnl
13170	206.4	320.4	-0.627076850310894	4.976071554057	23.4189450898376	0.000420303393893036	0.00227615783264517	13170	Dbp
13171	456.4	365.8	0.320071606432909	4.26108584298952	35.0687976856226	4.25261331683477e-06	5.28978251992511e-05	13171	Dbt
13175	67135.2	60126	0.157682660429128	10.3153809341816	20.9024282168802	0.000125317434254417	0.000832227948168317	13175	Dclk1
13176	378.6	363.6	0.0587922313916084	4.39499789008761	1.41041858346424	0.246692999980077	0.369694206502026	13176	Dcc
13177	143.4	152.6	-0.099010710303336	3.15438207591996	2.03442883294872	0.166745668594832	0.273745349747926	13177	Eci1
13178	1272	1289	-0.0187462078319387	4.40781457079031	0.136743977963237	0.714806493836007	0.804971800693857	13178	Dck
13179	178.2	207.2	-0.226201451022073	3.35927053846275	9.81657473487668	0.00453908005326194	0.0155468869881156	13179	Dcn
13180	172.6	224.2	-0.387426828610947	2.08581575812435	13.752106026611	0.00110713904587373	0.00496358181422425	13180	Pcbd1
13185	2030.6	2180.2	-0.102549765728871	5.01459123476929	5.07466662202684	0.033766325625485	0.0784407699438702	13185	Dscr3
13190	12207	11062.2	-0.0439987017834108	0.169698121301843	0.0047795980996522	0.946084931399655	0.965875909045491	13190	Dct
13191	8909.8	8880.2	0.00432903277952879	8.82634305666561	0.0220962952414409	0.88308228414308	0.925469209324542	13191	Dctn1
13193	1034.2	1552.6	-0.580881924114744	5.33497693067853	31.5096448901153	9.08090125063938e-05	0.000638712149278548	13193	Dcx
13194	14753.6	14446	0.0300575583510912	8.15468821931473	1.1221038483996	0.300088108017784	0.428815967700352	13194	Ddb1
13195	344.8	314.8	0.144541513992763	1.87507628776641	1.52215352762884	0.229327334356364	0.349540998712105	13195	Ddc
13196	5862.2	6625	-0.179234582175022	7.64011455823424	21.471724254545	0.0001084971757095	0.000738332475379052	13196	Asap1
13197	120.6	72.8	0.736737729592772	2.10890331507277	26.8936016378544	4.51942242045536e-05	0.000359910367301717	13197	Gadd45a
13198	401.8	397	0.017546020300323	4.50286724647368	0.126148033743853	0.725584971666806	0.812803625550029	13198	Ddit3
13199	21836.8	20851.8	0.0682175343181671	10.018567704123	4.89351885203483	0.0367987809426355	0.0837885286302542	13199	Ddn
13200	2417.8	2152	0.16651636103985	6.31951809828999	19.6294288906686	0.000179359601311464	0.00112413839621145	13200	Ddost
13202	447.4	440.8	0.0185228197770587	3.99654983305375	0.0907644967150859	0.765821361388211	0.843237751009767	13202	Ddt
13204	3140.8	2714.2	0.208673625833296	6.50241072765115	31.2901487721289	9.56838737698705e-06	0.000101992235359123	13204	Dhx15
13205	11321.4	12093.2	-0.0967976049070133	8.02306068036972	8.42697383642149	0.00784192996445422	0.0242402172168993	13205	Ddx3x
13206	114	101.8	0.17888806157554	2.48878207284328	4.06871346793999	0.0550879576327865	0.115497728405033	13206	Ddx4
13207	27529	26755.4	0.0404402001989493	9.34060404068075	2.12558059320824	0.157915253476129	0.262870790480706	13207	Ddx5
13209	7958.4	7760.2	0.0370541035535476	7.44435437646841	1.59484315957955	0.218856451671449	0.336813368021628	13209	Ddx6
13211	5044.6	4629	0.122366305409497	7.26734280239188	11.6284482761135	0.00231674561588655	0.008948754979162	13211	Dhx9
13244	3550	3495.4	0.0216219038091197	5.97742084841499	0.311090912592044	0.582215177301387	0.696230509863014	13244	Degs1
13340	380.2	384	-0.0084506532307715	3.75614731685986	0.0207075003462106	0.88678895337431	0.927873717393389	13340	Slc29a2
13345	91	128.6	-0.532407005152677	0.701640809709153	8.98212848242289	0.0062811280996651	0.020163655244062	13345	Twist2
13346	17.4	22.8	-0.395753251452007	0.784653799885649	6.92288731141903	0.0146846242292429	0.0401307541330076	13346	Des
13347	1878.8	1694.6	0.146948288832295	5.34498756862478	11.48553602015	0.00243927370427825	0.0093100771380084	13347	Dffa
13349	4637.8	4556.8	0.0277514108796923	5.83111964900906	0.411867190750133	0.527150472977786	0.649401937818198	13349	Ackr1
13350	1225.6	1434.8	-0.224848552448382	4.59645206932	22.2558402158358	8.66211333792e-05	0.000612834978885441	13350	Dgat1
13353	816.8	864.6	-0.0825222779603186	5.25614369003664	3.03264464948581	0.0945047283244501	0.175552158231796	13353	Dgcr6
13356	6759.4	6609.6	0.0336021086377767	7.08859687087175	1.09096472202083	0.306740459756113	0.436251756894112	13356	Dgcr2
13358	631.6	691	-0.127940884228734	4.88465585390009	8.35856063693392	0.00806209698096072	0.0247708505124478	13358	Slc25a1
13360	490.6	541.4	-0.142906326915354	4.76460040959688	9.78757304912605	0.00458984013907362	0.0156910003240705	13360	Dhcr7
13361	106.8	115.2	-0.116353016385461	1.93692615142101	1.63687711461166	0.213074997960177	0.33010780110994	13361	Dhfr
13367	1968.6	1707.2	0.204063560237203	5.79549969266782	26.7097209911198	2.77527787684021e-05	0.000243705142356309	13367	Diaph1
13368	387.4	444.6	-0.195285810688743	2.9942981175954	5.29498221195921	0.0304482588146303	0.0721410129088201	13368	Dffb
13371	16587.6	8489.6	0.972762559619964	7.15500595730195	332.573692151778	6.0032198905482e-13	2.135541146484e-10	13371	Dio2
13382	5988.6	6029.2	-0.0113185489858564	6.9315701207942	0.113181908150644	0.739495593254539	0.82347221147158	13382	Dld
13383	13311	12611.4	0.078409678324294	7.78864526031218	8.93628177145311	0.00639614873804559	0.0204128800750079	13383	Dlg1
13384	1736	1959.2	-0.175945582781023	5.72696284324539	32.6864240494245	7.04445919593915e-06	7.99219883972562e-05	13384	Mpp3
13385	25402.8	23850	0.091667150699557	9.72042562500389	11.2188006052479	0.0026873496893821	0.0100884658825582	13385	Dlg4
13386	0	0	0.497088394672265	0.176855549851979	6.77341405738558	0.015664721916466	0.0422736912958549	13386	Dlk1
13388	46.8	42.4	0.156746099130992	2.34441256673054	2.82826367583525	0.105682480195669	0.192067647731695	13388	Dll1
13389	110	129.2	-0.239635085769393	0.338741262740926	1.76057833002253	0.197130331334987	0.311398423082062	13389	Dll3
13390	447	488.2	-0.127575812988157	3.92444110575118	5.51770299872349	0.0274593884233173	0.0662822311741195	13390	Dlx1
13392	47.8	55.2	-0.215474228624483	2.2495079446373	3.57438701349599	0.070900874219876	0.14028764352828	13392	Dlx2
13395	51	51.4	-0.00872523957089796	1.63526795015388	0.00745374260318094	0.951478830743102	0.969590737419684	13395	Dlx5
13396	25	30.4	-0.280210110545282	1.52785052882435	5.42258458109834	0.0286938867736725	0.0687568699314759	13396	Dlx6
13400	160.2	113.4	0.4980674689201	4.21874491793904	55.8648077780595	1.16251492005681e-07	2.91213009610071e-06	13400	Dmpk
13401	2395.8	2558	-0.0933233700216231	6.90973056524793	9.58193258636334	0.00496811586371739	0.0167231361653869	13401	Dmwd
13404	157.2	128.4	0.288826157422075	0.37460099295654	1.50774353930862	0.233329692606211	0.354370849735229	13404	Dmc1
13405	1379.8	1408.6	-0.0314138716456536	6.02091239956537	0.630267221700088	0.435094042794725	0.567009899884471	13405	Dmd
13406	407.2	350.4	0.228232568381638	3.05438414134366	7.77085665356997	0.010259851541614	0.0300864057988412	13406	Dmp1
13418	462.8	357.6	0.373527078120049	4.55866561544328	38.1847206137823	2.35258578195105e-06	3.25088670098667e-05	13418	Dnajc1
13419	136.2	121.8	0.171672710213189	2.70768745286069	3.21984870701475	0.0854514351632066	0.162536523733253	13419	Dnase1
13423	23.4	28.6	-0.261249090006818	1.35925728903271	3.96121462665205	0.058153216369477	0.12020615424968	13423	Dnase2a
13424	29098.4	29517	-0.0198331253037217	9.93334638946448	0.253771693098277	0.619541008027717	0.728082099862643	13424	Dync1h1
13426	5700	5911	-0.0536262667683323	7.10196368153772	2.02827461277628	0.167363066347156	0.274394936590494	13426	Dync1i1
13427	8788.8	8922.4	-0.0226538960991829	7.62532852499529	0.733156098410242	0.400392573670347	0.53354101403903	13427	Dync1i2
13429	64676.8	63604.8	0.0231815545286873	10.5568781074205	0.601492105300876	0.445640098653523	0.576555852661835	13429	Dnm1
13430	679.6	642.8	0.0817407979449143	5.95027830188297	4.32422194341878	0.0485085821873699	0.104424461100563	13430	Dnm2
13433	2975.6	2926.4	0.02491319808054	6.28672833522015	0.514714002727916	0.480081237276798	0.607626462661894	13433	Dnmt1
13434	59	76.6	-0.395848469450168	1.75827561891318	13.9871684704726	0.00102328661509205	0.00464820387634835	13434	Trdmt1
13435	4823.4	4820.4	0.00207004630010378	7.03149435844745	0.0046282723538664	0.946328391874603	0.966044959118264	13435	Dnmt3a
13437	480.2	517.8	-0.112354647520393	4.88989841536755	6.65032744760777	0.0165262185724584	0.044080081794854	13437	Dnpep
13445	2361	2315.4	0.0218661623740115	4.16456856317742	0.132204780588289	0.719363603947966	0.808151836737439	13445	Cdk2ap1
13446	2651.2	2938.2	-0.150163209044622	5.960476863852	9.58152628849813	0.00518859159240496	0.0172527414876029	13446	Doc2a
13447	415.4	274.4	0.599809287997561	4.10298800076939	61.4733649017388	1.00970346277734e-07	2.59933034985396e-06	13447	Doc2b
13476	22326.6	21605	0.0480635026995743	8.5314309964303	2.74769608857951	0.110506136789403	0.198614237895304	13476	Reep5
13478	406.6	421.8	-0.0508563295539736	3.88100202184935	1.0212722924619	0.334439499241559	0.465997447182866	13478	Dpagt1
13480	2154.6	2483.6	-0.205149320166128	5.1578365899924	23.5628637023683	6.13000402829698e-05	0.0004624377777923	13480	Dpm1
13481	1404.6	1451.8	-0.0502996170430474	5.26310314011112	1.38455415812156	0.250950197453017	0.374658207736678	13481	Dpm2
13482	97.2	104.6	-0.0975391572770651	3.02463474798058	1.27143629477451	0.270725978720837	0.396984203756821	13482	Dpp4
13483	12246.4	11574	0.0802900085999693	8.24724266303365	5.94274677192727	0.0226197259690036	0.0567219845863945	13483	Dpp6
13486	1382.4	1140.2	0.281009503403142	5.45741257897225	35.5141464378963	3.87888069601851e-06	4.90081657170031e-05	13486	Dr1
13488	41.2	39.8	0.0654812172974566	4.00124359640672	0.245918337617202	0.627989637066496	0.734619797196434	13488	Drd1
13489	0	0	0.250075050842321	1.99304997914964	0.445084454259347	0.517797611739126	0.640982437206401	13489	Drd2
13492	80.2	69.2	0.216559673777778	2.42107265213226	6.46071099400382	0.0179577723663231	0.0469794826756262	13492	Drd5
13494	5492.6	5578.4	-0.0220889825239853	5.77455654960706	0.427750642103546	0.519358635689673	0.642211456947432	13494	Drg1
13495	1594.8	1509.4	0.0797780783484969	5.65141349130609	5.381407489761	0.029247388567502	0.0697478558578904	13495	Drg2
13496	321.8	290.4	0.155277230086078	2.86742921973959	3.464023489724	0.0751021320334031	0.146678074190189	13496	Arid3a
13497	5701.6	7364.8	-0.368886868019265	7.150887768437	119.003113551264	9.55153754696184e-11	1.29026096919427e-08	13497	Drp2
13498	2464	2447.4	0.00745959447176771	7.6892418159438	0.0368133968199666	0.849494091790539	0.901105588153552	13498	Atn1
13508	3705.4	3428.8	0.11087285656887	6.63293691410585	7.11725453104361	0.013524533032217	0.0376436742629818	13508	Dscam
13511	24.4	22.8	0.0998353946662231	0.849532186387814	0.59141681780554	0.460386048009277	0.590196721858697	13511	Dsg2
13516	179.8	164.6	0.143601092582037	0.86186881982674	0.74885519516354	0.395469666802199	0.528536159404436	13516	Epyc
13518	3217.6	2983.6	0.110145538247027	9.08067704292271	5.81398523603037	0.0263086614290226	0.0640716751971514	13518	Dst
13521	13.2	11.4	0.172270818305077	2.1598407498673	2.3397342812402	0.139281623814966	0.23886765432149	13521	Slc26a2
13524	106.2	134.6	-0.367676809585769	0.913967288623885	5.49190947705834	0.0277881986941418	0.0669417706541876	13524	Adam18
13527	4180.4	3937.2	0.0873553663422153	7.08086235137286	6.72474300343194	0.0159992939555281	0.0429759886328198	13527	Dtna
13528	1049.6	1112.2	-0.084005548907213	6.15821067741285	6.43552570564034	0.0181580304713252	0.0473762619458144	13528	Dtnb
13542	3925.4	3782.8	0.0529676469345211	6.99173729555851	2.70818154412781	0.112965551688261	0.201929765533283	13542	Dvl1
13543	325	345.4	-0.0875694829189134	4.51014956501809	2.86389925580266	0.103627452986433	0.18900078302409	13543	Dvl2
13544	645.6	666.2	-0.0455679727192126	5.82175876392813	1.3186797159639	0.262229096220006	0.387235324557006	13544	Dvl3
13548	7162.4	7076.2	0.017052467127422	6.51184432258455	0.250594255842065	0.621250242448424	0.729155582976006	13548	Dyrk1a
13549	296	272.6	0.11849056066196	4.83508290138659	8.60067194713185	0.00731204741102609	0.0228465917161632	13549	Dyrk1b
13555	402.2	473	-0.239002650227186	4.08960613257557	18.1591426572856	0.000275336042057298	0.00160084760735969	13555	E2f1
13557	1650.6	1582.4	0.0593156399788555	5.29414120475601	0.865980775252991	0.363786480098354	0.497038451965366	13557	E2f3
13559	461.4	494.2	-0.090229199947607	3.26365746930704	1.46804504376748	0.237535382040161	0.359398766042969	13559	E2f5
13560	970.2	886.2	0.132070759914416	5.21133261585038	7.97368507264767	0.00943458414810649	0.0281692789251665	13560	E4f1
13589	3698.2	3680.8	0.00917274394152975	6.34222294892859	0.0761913451567349	0.784907003540514	0.856526578175314	13589	Mapre1
13591	8.6	10.2	-0.193018482694154	0.631546468296578	1.43485455656578	0.242755656181171	0.36546091599236	13591	Ebf1
13595	972.8	787.8	0.313241498387144	3.96467769161719	23.1601873490628	6.81156541888578e-05	0.000501550517394677	13595	Ebp
13599	16.2	14.4	0.147263327108931	1.54077040036368	0.293935464140052	0.59681667984962	0.708535442907281	13599	Ecel1
13601	207.8	161.8	0.36432418718776	3.02258343031927	30.6410982502252	1.10627505301956e-05	0.000115119507677068	13601	Ecm1
13602	46502.4	47461.4	-0.029878837690606	10.9890572569705	0.928917359662021	0.344826144028222	0.477726165607583	13602	Sparcl1
13603	553.4	748.4	-0.440647109269985	2.74232062055638	25.4015435228529	3.83294892797586e-05	0.000316037899628996	13603	Opn3
13607	604.8	655.8	-0.115103428958789	2.64186052620005	2.00490771457651	0.169732590480752	0.276866590995237	13607	Eda
13609	2786.8	3280	-0.230961763078397	7.22026783033551	24.3812625245142	7.61482887875624e-05	0.000548404268129261	13609	S1pr1
13610	365.4	387.4	-0.0743095984073363	3.43485166580102	0.891185715041475	0.354632255542769	0.487944276212773	13610	S1pr3
13612	3642.6	3880.6	-0.0914714014172457	6.98478998957151	4.72836524768071	0.0401793529703065	0.0899833231845072	13612	Edil3
13614	660.8	740.8	-0.180689309176153	1.43416404225819	1.61543090450101	0.216000548476547	0.333517786641897	13614	Edn1
13616	152.2	189.2	-0.321325843414263	2.62040184296154	15.3493823883453	0.000655258230089298	0.00324130816485651	13616	Edn3
13617	17.4	20.4	-0.249296440809271	1.71923339503741	5.14818419622972	0.0326162055085252	0.0762715797476498	13617	Ednra
13618	408.6	568.2	-0.473959560264705	4.79869394841363	94.1085696335094	9.53670228017626e-10	6.89217473788339e-08	13618	Ednrb
13619	1273.4	1287	-0.0162107062402553	5.85765892925188	0.169020332911317	0.684658652889978	0.781284076966746	13619	Phc1
13626	967.8	830.4	0.230892903365479	3.73013822287113	14.3179494821548	0.000916794827822271	0.00426902814918711	13626	Eed
13627	40952	42359.8	-0.0483759690881632	9.5766299847543	3.08892908738565	0.0916712323026384	0.171611966287053	13627	Eef1a1
13628	37188.2	36872.6	0.0123162964606758	9.92187537729405	0.177396520575694	0.677395867613034	0.774855956828015	13628	Eef1a2
13629	24750.4	23782	0.0588511799620602	9.89357847091955	4.22211681131141	0.051025099641284	0.108730176944585	13629	Eef2
13631	1430.2	1428.4	0.00196841456901833	5.74027124455903	0.00196915328720647	0.964975224479117	0.978514935780915	13631	Eef2k
13636	4.4	5.6	-0.308701316471503	1.25773020702248	5.91468510998947	0.0229081854275641	0.0573259889491017	13636	Efna1
13637	65.8	68.4	-0.0536542683653242	2.43844103899398	0.423444704142599	0.521450230849895	0.644191592880716	13637	Efna2
13638	327	357.4	-0.128565999695821	4.36862816266488	4.86135152286313	0.0373685328645579	0.084831910479711	13638	Efna3
13640	2630.8	2994.8	-0.186680395246106	4.81128701952303	19.2513617820974	0.000199951413218676	0.00122721771832813	13640	Efna5
13641	222.8	168	0.410439083020483	3.97194475352632	42.7328253915832	9.57775496729636e-07	1.5767297300376e-05	13641	Efnb1
13642	2544.8	2612	-0.0365109122937565	6.08635255125602	1.03416354708561	0.319399625943338	0.450356276791046	13642	Efnb2
13643	600.8	665.8	-0.148835385173816	5.83805815518319	7.41809833079723	0.0130448022005275	0.0365123104195246	13643	Efnb3
13644	68.8	93.2	-0.429408927293784	2.84829111496873	36.0339749945753	3.48712865964143e-06	4.47628398281147e-05	13644	Efs
13645	44.4	46.2	-0.0649476999513481	0.684982642755126	0.136305093132971	0.715243308632559	0.805338224115838	13645	Egf
13649	62.8	70.4	-0.161434762380679	3.44701848367903	6.53317613084668	0.0173950826896809	0.0458978687836159	13649	Egfr
13650	433.8	429.2	0.0184965380832731	3.75338959694732	0.0857062666471021	0.772243081002204	0.847854272146286	13650	Rhbdf1
13653	824	540.6	0.584526794291006	7.56212566629947	8.43776455213356	0.0140813667752658	0.0388271795821616	13653	Egr1
13654	1	0	1.8855120668052	2.40523665607622	31.6406533035197	0.000139143026994484	0.000908187589419516	13654	Egr2
13655	881.6	527	0.735622179761602	6.47073755603504	24.0536365800119	0.000441473387128675	0.00236686065933155	13655	Egr3
13656	153	98.8	0.62653732021645	4.08297525461401	10.0197535959628	0.00866937211059306	0.0263084410007374	13656	Egr4
13660	1153.2	1014.4	0.183881838052932	5.0079906947793	23.0218665158559	7.06433818144848e-05	0.00051621811968987	13660	Ehd1
13663	6584.6	6529.2	0.0110954734557976	6.84940772387091	0.144131550177688	0.707570920443304	0.799439543819864	13663	Ei24
13664	2192	2113.2	0.0534138259903156	5.59602808885447	1.92075266437691	0.178610610244905	0.288257900902173	13664	Eif1a
13665	1491.6	1351	0.144933036219596	5.16536129800392	13.7826037057622	0.00109584859755651	0.0049175397792865	13665	Eif2s1
13666	1056.4	1032.8	0.0301050681779211	5.16053671592932	0.477332109023376	0.496310395763496	0.621635221868767	13666	Eif2ak3
13667	1107	1122.2	-0.0234570534868424	4.91925248047757	0.301820501561627	0.587856587014	0.701294082923436	13667	Eif2b4
13669	4608.4	4514.4	0.0289552111589905	7.48536919697874	0.702055338052831	0.410421520565817	0.543244748924754	13669	Eif3a
13680	1150.6	1038.2	0.145648803267773	4.07321732041574	6.22659411952145	0.0199180518178672	0.0511087379683034	13680	Ddx19a
13681	8489	8245.2	0.0439675380254801	6.00743772954041	1.44191272817715	0.241633367207476	0.364170867287142	13681	Eif4a1
13682	34450.6	34985.8	-0.0227224053599821	9.18771052357054	0.523340054090367	0.476463795783298	0.604583241528557	13682	Eif4a2
13684	3324.4	3215.2	0.0497212087077859	6.46165750328508	2.35976069065787	0.137676881317496	0.23667716966735	13684	Eif4e
13685	119.2	182.2	-0.647129678588258	1.72974127409239	41.2382706469036	1.26254164828217e-06	1.95174085393268e-05	13685	Eif4ebp1
13688	519.2	416.4	0.317618371327196	4.36748124413619	41.2761353017093	1.25363468125874e-06	1.94119408670619e-05	13688	Eif4ebp2
13690	43420.2	38715.6	0.166274858958867	9.39722456556134	31.5322457736577	9.06836879739401e-06	9.73805368480929e-05	13690	Eif4g2
13709	272.4	310.2	-0.198765275433819	2.45469801009993	5.22587725263828	0.0314480983859119	0.0739227214294959	13709	Elf1
13712	2685.4	2318.4	0.213626583667016	6.39810945552609	41.5305852819474	1.19551961111577e-06	1.86631295505687e-05	13712	Elk1
13713	206.2	209.2	-0.0212512223513056	3.31888365677353	0.109445832045399	0.743667977338205	0.826600618588055	13713	Elk3
13714	724.4	706.8	0.0430023751405271	4.43841837837178	0.583257798608591	0.452535698597646	0.583180366220611	13714	Elk4
13716	525.4	526.6	-0.00550025871479599	4.66221950598634	0.0137964559226793	0.907481518198037	0.941482763711917	13716	Ell
13717	47.8	45.4	0.0645660446510698	2.58590920135773	0.507310618805386	0.483222995593939	0.610878906145493	13717	Eln
13722	977	994.4	-0.026904808688527	4.38719464939324	0.225339208664678	0.63932405876955	0.743918874388099	13722	Aimp1
13723	1073	966.2	0.150001370741003	4.37122806322357	7.48981051223992	0.01153772656458	0.0330361132655386	13723	Emb
13726	1301.6	1354	-0.0603569260709649	4.93339955102312	1.30145679148195	0.265285876949341	0.390950455284031	13726	Emd
13728	4777.4	4753.2	0.00694037473019562	7.00099443479112	0.0554508208786723	0.815848649569056	0.877989455801588	13728	Mark2
13730	14.2	7.4	0.919586894753829	0.551464354634579	33.6331312757581	5.74927750576537e-06	6.76710562445705e-05	13730	Emp1
13731	1780.4	1928.2	-0.111566570941852	4.40542105068407	4.02677671569518	0.0562614564213431	0.117426314449647	13731	Emp2
13732	15.2	21.8	-0.506497633481921	0.938377724266158	12.4691047009766	0.00171922877553258	0.00707163708638243	13732	Emp3
13733	245.4	289.6	-0.246994636676582	2.41614623285047	8.94846287284753	0.00636536483347275	0.0203370873790927	13733	Adgre1
13796	470.2	617.4	-0.390613750818773	3.96412768079113	28.9267728864049	1.70039070865272e-05	0.000163631473387925	13796	Emx1
13797	991.8	905.2	0.142518926004315	3.75501690437149	4.68663728890061	0.0406411195526668	0.0907649662790742	13797	Emx2
13800	865.6	733.8	0.23824900200988	6.07075376036285	38.7584194601812	2.02650592329468e-06	2.88582429707402e-05	13800	Enah
13803	186403	137645.4	0.437581802004319	10.309794088379	279.256925081121	1.16917062223461e-14	1.87768801930878e-11	13803	Enc1
13804	158.8	155.4	0.0253170151020964	2.16291527476086	0.0495987362918228	0.825661299096715	0.884663337075161	13804	Endog
13805	1257.2	1334.4	-0.0849304130785449	4.45610104691759	2.07482407286756	0.162760771643271	0.268862193523638	13805	Eng
13806	6479	7051.2	-0.120469249872513	7.90327197177116	15.2253936847927	0.000681892679074194	0.00336155415529959	13806	Eno1
13807	37039.2	36777.2	0.010300866018633	9.97581465370463	0.177396763463524	0.677395659979376	0.774855956828015	13807	Eno2
13808	452.8	612.6	-0.445703670920218	2.89908146080485	36.4742800237515	3.18880564595028e-06	4.16735956659723e-05	13808	Eno3
13809	16.8	18	-0.0971354439328185	1.98889824892175	1.02703115736679	0.321039323921574	0.452063784782103	13809	Enpep
13819	4762.2	4063.6	0.230376901868173	6.89683435508691	52.1687301435156	1.91602665976216e-07	4.33399833180004e-06	13819	Epas1
13821	24708	23379.6	0.0803348400222124	9.37361521417047	7.43044305591978	0.0118295286783295	0.0337379651769091	13821	Epb41l1
13822	1558.8	1685	-0.111427056759506	6.75838618713884	11.909637053692	0.00209483340731746	0.00827061515142489	13822	Epb41l2
13823	6087.8	6314.4	-0.0547145721399374	7.95733758850656	2.08905437472759	0.16147956404827	0.267486048421126	13823	Epb41l3
13824	25.2	32	-0.37308080514407	1.09053822845127	6.63638732621177	0.0166270454465607	0.0442591740118947	13824	Epb41l4a
13829	13630.4	12877.6	0.0817368835794255	8.86982867495086	7.79347073233458	0.0101640167148094	0.029865968204077	13829	Dmtn
13830	161.6	160.8	0.00523202646611503	3.29248701767027	0.0035198735882128	0.953204718330613	0.970720101079361	13830	Stom
13831	1770.2	1746.6	0.0184399254484115	5.63710518488815	0.221670841458804	0.642052110596817	0.745758695481066	13831	Epc1
13836	16.8	11.6	0.516044010070565	0.495912372766773	8.44256060854512	0.00779269831891402	0.0241086604241402	13836	Epha2
13837	251.4	359	-0.529607599642517	2.88346208401431	22.8035476978044	0.000101502913931444	0.000698962895647972	13837	Epha3
13838	9675.4	9366	0.047291352549245	7.98543274771926	2.06731001298036	0.163493239634182	0.269887081506678	13838	Epha4
13839	2797	2810.8	-0.00771271906045225	6.434120974157	0.0318465254087752	0.859894773636143	0.908878907359182	13839	Epha5
13840	273.8	222.8	0.303190493838291	3.02139797324031	17.5113614034469	0.000334310174499516	0.00188595177394197	13840	Epha6
13841	1477.6	1490.8	-0.0147318125050478	6.39708731685958	0.119959849591043	0.732132240700315	0.818412942618566	13841	Epha7
13842	12.6	22.4	-0.7757295801865	2.77222906909162	58.7962795328038	7.15961512695408e-08	1.96366370104353e-06	13842	Epha8
13844	341.2	331.8	0.0363400565189467	4.54119519491822	0.389386924202744	0.53855164629175	0.659407317638172	13844	Ephb2
13845	704.2	632.8	0.156152633875526	5.03311827597435	11.903468826974	0.002099444434012	0.00828429425312842	13845	Ephb3
13846	78.2	83	-0.0824504460422896	2.54846719984107	0.713781901098687	0.406595934154213	0.539826943628211	13846	Ephb4
13848	6903.2	7996.2	-0.212311951685185	7.8503229691047	40.1124682951286	1.56141385966203e-06	2.31949392883402e-05	13848	Ephb6
13849	437.2	471	-0.106308518529267	4.31507998161762	2.06835106720196	0.165277951319015	0.27202545073617	13849	Ephx1
13850	947.2	924.2	0.0343216454034926	4.1830701830736	0.393994904846553	0.536177587787191	0.657273416493602	13850	Ephx2
13852	547.8	608.6	-0.15519452696857	4.41607178624805	8.80343606522603	0.00674269493348352	0.0213024945505073	13852	Stx2
13853	484	627.2	-0.38763768286444	3.63611374714219	28.7933225721637	1.68924026450195e-05	0.000162992515241063	13853	Epm2a
13854	8788	8502.2	0.0478085115440225	8.55036657247041	3.70546072098733	0.0662553655869171	0.132841594422708	13854	Epn1
13855	4683.2	4279.6	0.130669141369699	7.26537234782981	24.0826880371578	5.35752879563346e-05	0.000414105461027198	13855	Epn2
13857	98.4	88.2	0.163602979919191	2.72236031545809	3.32470733162452	0.080818547411547	0.155514429297182	13857	Epor
13858	9539.2	8985.4	0.0853698168420489	8.18735283177555	8.32773785351299	0.00816350343158151	0.0250259618957168	13858	Eps15
13859	1747	1843	-0.0788880947375837	6.26475249544604	4.45720858495078	0.0454380901053637	0.0991133101045128	13859	Eps15l1
13860	1198.6	1191.6	0.0104962725201249	4.93055650058865	0.0497584488724989	0.825385635095012	0.884564689676229	13860	Eps8
13864	1243.4	1131.4	0.137040216115455	4.43874379754295	4.94871355015182	0.0358444634899757	0.0821331444648238	13864	Nr2f6
13865	1646.4	2180.4	-0.406980666512796	5.91307714887193	83.1940635632016	3.06870032342272e-09	1.65229604348794e-07	13865	Nr2f1
13866	50.6	66	-0.382407763037795	1.43052886889811	10.1972328154164	0.00392686844449604	0.0138605510370564	13866	Erbb2
13867	132.2	120.4	0.148703944949926	2.9768234865727	2.39703181334715	0.135209194682388	0.233267331098023	13867	Erbb3
13869	0.6	1	-0.29553392212834	0.980789383796683	0.849144151507791	0.373071214222264	0.506421049057908	13869	Erbb4
13870	353.8	327.8	0.107531914075115	4.27910942202915	4.74786353669644	0.0394590448161151	0.0886862126842057	13870	Ercc1
13871	957.6	1016.8	-0.0846930445486242	5.01323175902953	3.98942009501482	0.0573306680859517	0.11904287839597	13871	Ercc2
13872	508.2	544.4	-0.103235283786452	4.71124797608662	5.52211432008829	0.0274035889589549	0.0661696416325984	13872	Ercc3
13875	436.6	476.8	-0.128382401014241	5.70433218624657	11.6208865176414	0.00232305748596444	0.00896594737039521	13875	Erf
13876	90.2	89.6	0.0190306988906386	2.14432249159187	0.0458149751653184	0.832333855942055	0.889110454052655	13876	Erg
13877	611.2	613.2	-0.00154841957206152	3.23743810962473	0.000609171588342217	0.995398384886287	0.996570496304384	13877	Erh
13885	1984.2	1948.2	0.0262501463789973	5.26215563407608	0.497396776738395	0.487485032132844	0.614414776286025	13885	Esd
13924	0	0	0.471445005031503	1.31340669531307	2.22495494385415	0.159901794434256	0.265413474592644	NA	NA
13929	2100.6	1894.8	0.147336665356788	5.62330197056668	17.1805260713702	0.000369623215804289	0.00205245253985217	13929	Amz2
13972	245.4	256.8	-0.0572750447823189	2.16304632765389	0.342877586244116	0.563679129015494	0.680766889270551	13972	Gnb1l
13982	20.2	14	0.502429693336758	1.45534538973712	10.5083518664609	0.0036932357397499	0.0131677428175493	13982	Esr1
13990	1931.8	1595.4	0.275220184000625	4.86091936516479	47.2962949833283	4.27940239474239e-07	8.24726429514754e-06	13990	Smarcad1
13992	10209	8962.8	0.187869402325988	7.76091711128997	22.8755375053665	7.79183822482875e-05	0.00055892421688176	13992	Khdrbs3
13996	232.4	180.8	0.335571405341339	1.12313165129489	5.6879582206029	0.0253946479274246	0.0622864824610548	NA	NA
13998	522.4	477.4	0.136180208502701	4.60044085964177	7.14665499280694	0.0133415847945838	0.0372276576488252	13998	Fgd6
14000	3839	3759.4	0.0292033046769957	7.30625963557624	0.681884438928735	0.417131465637283	0.550060961985338	14000	Drosha
14004	9925.4	9662.4	0.0394471606505458	6.26059258020492	0.567246137216718	0.460148727485641	0.590097569610279	14004	Chchd2
14007	10097.4	9227.6	0.129731776329205	8.86725642567666	16.7407824883665	0.000422990232306235	0.00228813653359069	14007	Celf2
14009	2769.8	3151	-0.184767780495994	5.6630034556672	17.8042703980869	0.000306096959728169	0.00174805430893361	14009	Etv1
14011	1121.6	1106.6	0.0192849821516164	4.84994914142559	0.0626164198826381	0.805352394374882	0.870582866524161	14011	Etv6
14012	17.2	8.6	0.884363484270565	0.783931159150163	24.7066361221443	4.56706913122271e-05	0.00036310460518533	14012	Mpzl2
14013	20	18.6	0.0907596581457615	1.21162615796049	0.508213932716839	0.482837798877969	0.610527298135086	14013	Mecom
14017	122.2	175.6	-0.512931114189938	3.31441894026085	34.4743841662332	5.28116785143424e-06	6.30338564200087e-05	14017	Evi2a
14020	3124.2	3240.6	-0.052168541297458	6.42605432937042	1.88095425833372	0.18300574091326	0.293613606300395	14020	Evi5
14025	2523.6	2417.4	0.06301142377755	6.38718744683005	2.0766571900078	0.162866464178753	0.268975305443292	14025	Bcl11a
14026	1619.4	1665.6	-0.04153604393484	6.41725166499275	1.3770860732747	0.252196970940389	0.375760748167445	14026	Evl
14027	158.8	221	-0.476794823275459	3.05860305231805	36.3710712649163	3.25616020915843e-06	4.24004861830414e-05	14027	Evpl
14030	2481.2	2684.4	-0.114439070404698	7.34362200813828	12.6338329476828	0.00162315579190102	0.00674400130563166	14030	Ewsr1
14038	664.8	758.8	-0.153710671583862	0.202558413081998	0.639795659728269	0.431688540273042	0.563906566751609	14038	Wfdc18
14042	2057.6	2353.8	-0.198981051181352	5.68663023270562	19.3634119998101	0.000193592578148311	0.00119565141810646	14042	Ext1
14043	1702.4	1733.4	-0.0261231878032981	5.0500376213301	0.387099418174511	0.539737492902561	0.660347886775966	14043	Ext2
14048	234.8	194.6	0.275800127792937	3.36757357203525	14.5102174220332	0.000860492766490489	0.00404808583526463	14048	Eya1
140481	4149.6	4230.8	-0.0286332954929664	7.87730920629201	0.689177205307451	0.414686258540131	0.547335876261442	140481	Man2a2
140482	661.8	621.6	0.0872550658576162	4.62315193513851	4.36822481644939	0.0474674630739992	0.102616618497096	140482	Zfp358
140483	1608.2	1902.4	-0.241784994986131	4.43244689191963	19.023751708928	0.000213578976181064	0.00129599937939593	140483	Hnmt
140484	622	726.2	-0.211700690585514	3.79189837122519	10.2702596863311	0.0038200910862596	0.0135365522335857	140484	Pofut1
140488	77.8	73	0.0893731502518569	2.36743123575523	1.38121800632377	0.251506174454991	0.375162352926146	140488	Igf2bp3
14049	5.8	4.6	0.332589955825204	1.20443333218715	4.75157161137828	0.039388702678022	0.0885832127754987	14049	Eya2
140492	2102.4	1521.6	0.465084758914699	4.85488570771605	93.7292222084217	9.91349474729545e-10	7.05860359987234e-08	140492	Kcnn2
140493	44.2	53.8	-0.285067011530997	3.84541876310097	16.061481496844	0.000522645600576784	0.00269604550704384	140493	Kcnn3
140497	116	100.2	0.220634750249849	1.61601892565251	4.35590574462005	0.0477563749771817	0.103087013727626	140497	Cd300c2
140498	60.4	80.4	-0.384867612555678	1.36744420167929	6.65988946867528	0.0164574489667646	0.043961553754503	140498	Rxfp2
140499	1515.2	1540.8	-0.0249265310338859	4.58255129849911	0.278070072921354	0.60284556864506	0.714003301564097	140499	Ube2j2
14050	1546	1628.2	-0.0732366605193572	5.59330331498457	4.03977078197021	0.0558948504510711	0.11683357460879	14050	Eya3
140500	3285.4	3166	0.0520390833913634	7.40459086208522	3.24419291595734	0.0843492266522815	0.160842179687609	140500	Acap3
14051	116.2	122.8	-0.0668228039808981	2.623792511637	0.424700704332426	0.520873670927609	0.643589334893798	14051	Eya4
140546	5008.4	5184	-0.0506680556379222	6.85183344586059	3.43549069518198	0.0762341411618817	0.148322557053956	140546	Eri3
14055	2754.2	2897.2	-0.0737656531870946	6.26141136289636	4.28416810240532	0.0494786896452847	0.106035522645908	14055	Ezh1
140559	2677.8	2835.4	-0.0821433563628905	7.477181249624	5.05232532318277	0.0341247643456528	0.0791124814640753	140559	Igsf8
14056	384.8	326.2	0.243755358870399	2.18665646454503	4.97169004518616	0.0354543052083871	0.0815105022239586	14056	Ezh2
14057	1224.2	1309.8	-0.100065164459952	5.60110073206726	6.90984910892893	0.0147673602293142	0.040326360240791	14057	Sfxn1
140570	1071	1058.8	0.0167419047315667	6.06185712387291	0.246345543664779	0.624208603216409	0.731321322111533	140570	Plxnb2
140571	357.4	313.4	0.186825934628504	4.68664882896697	7.46498517176735	0.0127280632339915	0.0357780457667472	140571	Plxnb3
140577	991.6	761.8	0.385849525719642	5.63934146002161	27.7941867486862	8.59311679347926e-05	0.000609146199769246	140577	Ankrd6
140579	12071.2	10146.2	0.250471418705326	7.85379400244624	64.2962246871474	3.19545303174471e-08	1.04259770024465e-06	140579	Elmo2
140580	5944.6	5574.4	0.0910127855376415	7.12312595755311	4.71708774822898	0.0404630928916937	0.0905205919604612	140580	Elmo1
14062	39.4	40.4	-0.0356370025074237	2.10620453728586	0.112085077462451	0.740712442265879	0.824382662702011	14062	F2r
140629	575.6	553.2	0.0556405089420818	4.2203711945093	0.720419795313105	0.404472884149066	0.537388644865392	140629	Ubox5
140630	2825.6	2579.6	0.132353973041326	6.3907264959229	16.8795890342414	0.000405290658734163	0.00220809317050267	140630	Ube4a
14064	25.4	23	0.160042462687504	1.73747334148731	1.22726367117056	0.27989910153936	0.406967268247652	14064	F2rl2
14065	250	128.2	0.974295563285695	-0.0136254500951964	33.3456341889996	6.11289822810457e-06	7.11972852449826e-05	14065	F2rl3
14066	929.8	717.2	0.374982877575932	5.22325851377551	44.380391642629	1.01505999300302e-06	1.64440299026636e-05	14066	F3
14069	13.4	15.8	-0.253122987927687	1.12818638849492	4.20267364501999	0.0515208208333622	0.109592633454807	14069	F8
14070	673.2	510.6	0.398650352778136	3.27956250267894	33.6111320538117	5.77625530625997e-06	6.79332743667059e-05	14070	F8a
140703	64.8	76.8	-0.24477490601913	2.51700807833695	7.50781688905475	0.011450796994026	0.0328327355190741	140703	Emid1
140709	33.8	49.8	-0.557182169024934	2.94762096590955	22.7193042246356	0.000121863564167357	0.000814339323381864	140709	Col26a1
140721	542.4	535.2	0.0218414314784246	4.6347485917311	0.148280239071291	0.703600697281317	0.796572764040429	140721	Caskin2
140723	47.2	44.8	0.0580003193677492	2.67614783109634	0.367688427830704	0.550001829122422	0.669112569492087	140723	Cacng5
14073	3720.2	3802.4	-0.031552231260951	6.88269574440207	1.13734843499486	0.296902075621929	0.425260115312406	14073	Faah
140740	5340.4	4776.8	0.161154010711867	6.90438148156974	29.7164813446611	1.36463861422529e-05	0.000137241704907501	140740	Sec63
140741	0	0	-0.135882562496009	1.01330743873857	0.273248908359004	0.608158359996705	0.718339538726189	140741	Gpr6
140742	2841.6	2242.6	0.342822736417552	6.17495205628814	85.1200076752773	2.4756438065554e-09	1.40690145688499e-07	140742	Sesn1
140743	12.2	10.2	0.220587371447127	2.16527495299257	2.83382053077576	0.10638261319647	0.19302715178782	140743	Rem2
14077	745	853.6	-0.19854672755907	5.25258525534909	14.3752550771492	0.000916375357751618	0.00426854315853751	14077	Fabp3
140780	529.4	569	-0.0974502194556604	3.87010171912912	2.84836565771327	0.104517473634739	0.190359824082222	140780	Bmp2k
140781	320.2	312.8	0.0516756844996131	3.57683546870118	0.352031670812794	0.559147305070659	0.677104151096792	140781	Myh7
140792	88.6	93	-0.0665931307528392	3.26905979419693	0.87209800552852	0.35974429554969	0.493100431282619	140792	Colec12
140795	11	8.2	0.391488831348031	1.13507612086501	8.80892277297466	0.00672798084972725	0.0212699552060275	140795	P2ry14
14081	1634.2	1843.4	-0.176251296090699	5.97577345755936	26.9531950274599	2.61596630480812e-05	0.000232112811354798	14081	Acsl1
140810	2267.4	2069.4	0.13260140933882	6.54073917428169	11.8079577249594	0.00217227654490508	0.00848890394770319	140810	Ttbk2
14082	128.2	164	-0.372393431159248	0.642696000513791	6.26900973862045	0.0195459893239492	0.0503776265492799	14082	Fadd
14083	7309.2	6273.8	0.217990072043878	7.4045820706403	38.2885944901249	2.22141311057078e-06	3.09260119736993e-05	14083	Ptk2
14084	2278.2	2381.4	-0.063540782801177	5.0604341086783	2.53200927051495	0.124741367199126	0.218561833625572	14084	Faf1
14085	294.6	361.8	-0.302953135150627	4.4525188549412	30.0590365983828	1.26198827084915e-05	0.000129183983476301	14085	Fah
140858	1452.8	1415	0.0380914566406454	5.05611188898823	0.847468810746551	0.366497691358258	0.499939376263898	140858	Wdr5
140859	204.6	242.2	-0.237338374928449	1.77007412618482	4.20456579354275	0.0514723407193899	0.109505624486026	140859	Nek8
14086	10272.6	8443.2	0.282122001462252	7.79104482552437	45.334720857977	9.61738796943904e-07	1.5795331203914e-05	14086	Fscn1
14087	156.2	123.2	0.353317918649726	1.17194590858368	8.18750527432137	0.00864291234286395	0.0262391629917571	14087	Fanca
14088	190.2	240.8	-0.34440643757614	3.15778966253474	25.4434996293284	3.79292861942296e-05	0.000313095318475953	14088	Fancc
140887	345.6	340.2	0.0365628115044239	2.68283624479631	0.169585572079707	0.684161965749264	0.780865212645283	140887	Lnx2
14089	74.4	107.4	-0.536744764862469	1.98951334208672	23.4532939773417	6.3078023208164e-05	0.000472261277431466	14089	Fap
140904	490.4	499	-0.0206343346923116	5.55451251982896	0.0764991032379279	0.785736584802018	0.8570468492333	140904	Caln1
140917	101.6	96.6	0.0819685617722559	2.74853671706553	1.00769513740031	0.325543155028473	0.456702005511166	140917	Dclre1b
140919	366	372.6	-0.0239498801806047	3.63880837016233	0.0720467085222056	0.791015604155333	0.860756120557385	140919	Slc17a6
14102	77.4	30.8	1.27219919281569	0.82182596172559	64.2503892562028	3.21559782423368e-08	1.0444550775612e-06	14102	Fas
14104	9223	9318	-0.0153509977773073	8.21648273605896	0.21506380497005	0.647036343835394	0.749680425955654	14104	Fasn
14105	1617.6	1207.6	0.42298984673686	5.68377999836293	52.368558405716	7.02983292346594e-07	1.22126448408385e-05	14105	Srsf10
14107	872	833	0.067995229659213	5.99805936115441	1.34965706377938	0.260307265108478	0.38526328178148	14107	Fat1
14109	48.6	45	0.103747845242998	2.0163146956479	1.51951516607372	0.250964491995746	0.374658207736678	14109	Fau
14113	100.6	112.8	-0.160939278234539	2.30174122307163	3.08923941837436	0.0916558838733073	0.171605459262278	14113	Fbl
14114	30.2	26.6	0.176252505255472	2.90371720209437	5.39309934224207	0.0290890263736926	0.0695074870589401	14114	Fbln1
14115	293.4	262.4	0.173621659069334	3.2292186493202	2.83231101808405	0.107997246161787	0.195270477360829	14115	Fbln2
14118	92.2	119.6	-0.372256370216566	3.51128674129736	19.7590516188874	0.000179561046820071	0.00112413839621145	14118	Fbn1
14119	45	43.4	0.0724016503756601	2.1533390191048	0.401559433954612	0.532322237037724	0.654100621792337	14119	Fbn2
14123	1014	993.8	0.0270227593289827	5.53766451997335	0.428366058273907	0.519060936199164	0.642008109859894	14123	Fbrs
14127	88	86.8	0.0113716036092281	2.82865229567518	0.0133986293805552	0.908832412608598	0.942072840780599	14127	Fcer1g
14129	17.2	17.6	-0.0406609346512955	1.46607169743065	0.119448733602671	0.732666353997416	0.818701281560937	14129	Fcgr1
14130	58.8	65.2	-0.162415902833238	1.72150225942454	2.02484124317149	0.167708707017973	0.274743471748586	14130	Fcgr2b
14131	226.6	172	0.401529084065713	3.28745949739444	15.9822653895462	0.000702719259306699	0.0034384238910017	14131	Fcgr3
14132	398.6	376.8	0.0842576965371218	3.79921072254809	1.62012276052409	0.215356243906363	0.332737482567885	14132	Fcgrt
14137	5791.8	5836.2	-0.0117496724605408	6.65801124746008	0.09518665112806	0.760365787200965	0.838828200900836	14137	Fdft1
14148	281.6	275.6	0.0314995613989506	2.56431573271748	0.1833533570002	0.672353433280325	0.771101842786148	14148	Fdx1
14149	450	450.4	-0.00649349694993405	3.56196601810232	0.00674674257220549	0.935228230525354	0.959738820437366	14149	Fdxr
14151	3025.8	3179.6	-0.0720165221049914	5.9443916974877	4.68599907886834	0.0406536487227329	0.0907649662790742	14151	Fech
14154	3126.4	3082.2	0.0211490134100109	6.05146685601652	0.403526669451393	0.531328010202948	0.653267698151872	14154	Fem1a
14155	12135.2	11130.6	0.125244356720043	7.3736813221049	18.884030264188	0.000222442691490668	0.00134245789678752	14155	Fem1b
14156	943.4	996.8	-0.0793362752251868	3.64972551013327	2.41792386008419	0.133139007159745	0.23041082489068	14156	Fen1
14158	369.4	372.6	-0.0185073445072209	3.88403894116735	0.0996177492678522	0.755037131086031	0.835180737178961	14158	Fer
14159	31.2	29.6	0.0818068446203462	1.97693907833606	0.537872972011321	0.470471448880438	0.599241250722007	14159	Fes
14160	83	86.4	-0.08812462929834	1.9943129721699	0.5573531778418	0.462632915277601	0.592022678833328	14160	Lgr5
14163	771.6	776.2	-0.00466272352918743	3.68286853854228	0.00574919958580293	0.940192675024865	0.962783456993324	14163	Fgd1
14164	1799	1642.4	0.132282885131799	5.61864828012396	10.1412744069819	0.00401090039690283	0.0140917730522201	14164	Fgf1
14165	425.6	351.6	0.28141725725364	2.86145489559119	7.44138275904453	0.0123332849886418	0.0348787519518349	14165	Fgf10
14166	179.6	169.8	0.100012250333369	2.50193393825603	1.14530039905119	0.295258150105721	0.423463117843629	14166	Fgf11
14167	7824.8	8627.8	-0.140927035923321	7.2082532564472	18.673411608489	0.000236569168391476	0.00141296312393818	14167	Fgf12
14168	5610.4	5739.8	-0.0328857481947856	7.0437702413735	0.925463326364077	0.345707777528004	0.478672307346467	14168	Fgf13
14169	897.8	967	-0.109364719230714	5.17632819915726	7.15012988868522	0.0133218278858301	0.0371797065575958	14169	Fgf14
14171	37.4	30.6	0.279478918570642	0.420854609413509	2.11917546874973	0.15851705941339	0.263547510379305	14171	Fgf17
14176	675.2	588.2	0.186760655529712	1.49997443899375	2.79385779977427	0.107711737794739	0.194900533060235	14176	Fgf5
14178	141.8	81.4	0.834997716381686	0.562575403570841	28.0013919537956	2.03499812739392e-05	0.000189156674812551	14178	Fgf7
14180	1870.2	2046	-0.12888451875642	4.10121114005868	4.22379688100811	0.0509825181051864	0.108655458079086	14180	Fgf9
14181	29.8	27.8	0.0953198228018732	1.01961394283898	0.324754168383649	0.574099568153147	0.689663826303655	14181	Fgfbp1
14182	2027.4	1640.2	0.303885886084732	6.00471214755504	61.7819973544664	4.53337193357352e-08	1.38239151746565e-06	14182	Fgfr1
14183	1074.8	1274.2	-0.2435950821647	5.21387007252189	23.2186460532802	6.70770492674045e-05	0.000495981356418711	14183	Fgfr2
14184	6823.6	5287.4	0.370823045728479	6.81593472855339	75.1548018347605	1.04726037612569e-08	4.40505209287593e-07	14184	Fgfr3
14190	11.6	14.4	-0.269301213494181	0.73333829425926	3.47971710285937	0.0744877082538671	0.145741253423595	14190	Fgl2
14194	3107.8	3161.8	-0.0244988167436143	5.92905962713336	0.574730805296144	0.455819520346782	0.586053669017291	14194	Fh1
14198	207.6	198.2	0.0786609228883807	1.04027914078597	0.293104853675315	0.593264929724139	0.705475219599564	14198	Fhit
14199	2459.4	2567.8	-0.0613022085003841	6.58253132923532	2.05507016510779	0.164940070543683	0.271685900813492	14199	Fhl1
14200	2798.8	2783.6	0.00825307120999466	5.78096294655762	0.0564227596793979	0.814272828233909	0.877142603912128	14200	Fhl2
14205	57.4	74.8	-0.366998713064319	1.73153123332377	7.76322720317206	0.0102924080514545	0.0301451805421933	14205	Vegfd
14208	2185.8	2217	-0.0229349857292192	6.13361458842053	0.39537461038113	0.535470545995362	0.656629445305588	14208	Ppm1g
14211	237.8	252.6	-0.0829298260572287	3.19794041238815	1.17160327179088	0.289906424138279	0.41777741320984	14211	Smc2
14218	2254.8	2197.8	0.036685459163909	6.35973328351102	0.762724443440216	0.391195372769138	0.524613137280954	14218	Sh3pxd2a
14219	712.6	555.6	0.352796539891507	4.62730506196005	14.9005198022337	0.00145280406713678	0.00614180461725506	14219	Ctgf
14221	1155.6	1681.4	-0.5433754494621	5.86065816507242	88.7638472005726	1.18875887407622e-08	4.77286687941602e-07	14221	Fjx1
14225	18956.8	18464	0.0369896453712326	8.84563571579182	0.92220889727841	0.347015774325825	0.479885763691684	14225	Fkbp1a
14226	1113.6	1231.6	-0.146418462707767	5.18724483024654	9.46736255932237	0.00519359488459127	0.0172650001062287	14226	Fkbp1b
14227	760.2	773.8	-0.0294698102874096	5.92436213831032	0.258938521256454	0.6168607147889	0.72613724082427	14227	Fkbp2
14228	2863.2	2407.8	0.249949097151589	6.79229509547559	61.9225523710554	4.44437716929454e-08	1.36099634756321e-06	14228	Fkbp4
14229	5843.2	1824.2	1.68346014234409	5.71806564366985	262.767224590873	1.14208471598325e-09	7.71788032522876e-08	14229	Fkbp5
14230	124	148.8	-0.267383694185928	2.16896315626181	7.3776799519873	0.0120957080589371	0.0343277762191001	14230	Fkbp10
14231	13.2	13.8	-0.0777385781735503	0.918756990399169	0.354338532132222	0.55728002008586	0.675295557538651	14231	Fkbp7
14232	5915.6	6165.2	-0.0595702788273611	8.09230810822471	3.72291104902791	0.0656634538976084	0.132021082575606	14232	Fkbp8
14234	22.4	16.6	0.380615310132073	0.581411200616751	3.6210815925909	0.0692740620295745	0.13765291346927	14234	Foxc2
14235	33.2	33.2	-0.00334263548235043	0.913217058977619	0.000534151444001902	0.981753649714152	0.988662109173577	14235	Foxm1
14236	428.4	448.2	-0.061762047991895	3.84536377577544	0.734681157376341	0.399910331144919	0.533257452486676	14236	Foxn2
14238	45	50.8	-0.161867695821532	1.92509471896155	2.31252598743473	0.141497609620694	0.241778750379183	14238	Foxf2
14245	1280.4	1168.2	0.133717668361981	5.10994606132305	5.64460404123787	0.0263456681099103	0.0641331883420352	14245	Lpin1
14247	32.4	29.2	0.152692535296664	1.74239198623237	2.45127556145646	0.130616820736224	0.226853997334605	14247	Fli1
14248	1950	1959	-0.0084280947235916	6.03334859096301	0.0508570764688174	0.823501885927019	0.883397377110667	14248	Flii
14251	1975.6	2214	-0.165592992507951	6.9933985949432	23.7671826812	5.81282617617529e-05	0.000443603957499671	14251	Flot1
14252	3024.4	3358.4	-0.152071925994675	7.12337101050781	26.2541143383073	3.10243982095336e-05	0.000267398122671794	14252	Flot2
14254	1841.4	1876.6	-0.0187442546225958	5.95821484380149	0.0772836932438719	0.784599987102199	0.856347369446137	14254	Flt1
14255	446	431.6	0.0450727071467012	3.27776686385973	0.467248203038779	0.500850557268946	0.625857521809056	14255	Flt3
14256	17	21	-0.330700578049892	1.77894174193781	8.58947337750384	0.00734499633189124	0.0229346677427427	14256	Flt3l
14257	81.8	55.8	0.550755450384089	1.95422373149628	24.8167161747682	4.44124794536153e-05	0.000355250679591896	14257	Flt4
14260	158.2	175.6	-0.16414174440428	4.55287291615701	5.20871981164262	0.033512296211684	0.0779257930250451	14260	Fmn1
14261	62.4	63.4	-0.0107796047762264	2.96477361272199	0.0150527049089349	0.9033821254354	0.9389145927262	14261	Fmo1
14263	27.6	24.8	0.146845080541265	1.47350675013371	1.35620663430418	0.255725362893545	0.380312212703293	14263	Fmo5
14264	2034.2	2173.8	-0.0788310176669312	3.94631851131067	0.606165855785445	0.44699169226338	0.577839035145156	14264	Fmod
14265	2993	2711	0.141148983555869	6.49115523131874	7.75919097311538	0.0114432116282091	0.0328174962051853	14265	Fmr1
14266	17.8	20.2	-0.149323661133394	2.73866566862008	2.50641858487623	0.126569364362551	0.221186506165677	14266	Aff2
14268	1200.4	836.6	0.518391977680986	6.45184327166949	67.9608312089131	3.70378961740718e-07	7.27371944701134e-06	14268	Fn1
142682	3344	3067	0.125276538756914	6.57251932082562	15.5162964516923	0.000621176765494205	0.0031045950789949	142682	Zcchc14
142687	717.8	1360.4	-0.940491214318267	0.156088838472451	23.3882537799313	6.41598721779365e-05	0.000478517436769811	142687	Asb14
142688	3996.6	4269.6	-0.0963226102627347	5.78392218627006	8.21748620224	0.00853787285849796	0.0259693632779313	142688	Asb13
14269	2205	2488.4	-0.173406099335234	7.09431595064936	23.0752982863157	6.96550683243341e-05	0.00051019604447012	14269	Fnbp1
14270	3031.4	2752.8	0.138895816894682	6.83669987851977	13.2627426191776	0.00130678340081357	0.00566024790990688	14270	Srgap2
14272	2121.2	2107.2	0.00829749900652453	5.3428919129602	0.0462880028211233	0.831484263523038	0.888517164344536	14272	Fnta
14281	17.4	6	1.347580065959	4.13673748989579	18.9882410718056	0.00109369865034104	0.00490941623976069	14281	Fos
14282	216.8	90.8	1.23421025698575	3.64613208024862	39.057390872903	5.02891901770339e-05	0.000391427008518497	14282	Fosb
14284	1110.8	624.4	0.827594611442981	4.95024536917591	65.2663582204365	1.67512044029168e-06	2.46058850040407e-05	14284	Fosl2
14287	122.6	168.8	-0.460827900759393	2.95932764861071	39.9960179936927	1.59646014584266e-06	2.36184595168985e-05	14287	Fpgs
14296	788.2	922.2	-0.222609559903937	3.30986549164321	9.82572412393962	0.00452319424461778	0.0155108540004046	14296	Frat1
14297	44	46.4	-0.0976221018922558	1.53967983650103	0.703893347756025	0.409818298117861	0.542705755341491	14297	Fxn
142980	123.8	169.8	-0.467866000261893	3.38792497619308	58.0944049882335	7.72020356812035e-08	2.07412309244631e-06	142980	Tlr3
14299	26651.8	23248.6	0.198172141347933	8.39299459855448	33.910212477523	5.42094967048971e-06	6.44892234874554e-05	14299	Ncs1
14300	870.8	898	-0.0496714688769667	4.44733011610326	0.784499865813162	0.384621509196987	0.518036971249226	14300	Frg1
14312	6227.8	6766.4	-0.120030526499661	7.75557601968234	16.2829076474097	0.000487605978189549	0.00255727750680397	14312	Brd2
14313	70.2	53.4	0.363426235184623	1.61818164173665	5.94633997603423	0.0227839857230698	0.0570744765409447	14313	Fst
14314	1245.8	1209.8	0.0388598275860357	4.80890215535601	0.624987598192603	0.436999230607594	0.568636241402607	14314	Fstl1
14319	29126	30289.8	-0.0573764670278114	10.206169101818	2.30280688954249	0.143076127713052	0.243669417929122	14319	Fth1
14325	255	259	-0.0276259137919986	5.63661807086209	0.245447683524651	0.625590347372468	0.732643241040484	14325	Ftl1
14339	8118.6	7937	0.0324988443899393	6.65365536245334	0.790222090630782	0.382921058253859	0.516300464179224	14339	Aktip
14348	7284.2	6098.8	0.257374638954759	7.05833346317172	12.3765583194521	0.00358818746438362	0.0128662023344582	14348	Fut9
14356	279.4	275.8	0.0174773285199997	3.98507530936821	0.103629693535065	0.75032421731503	0.831497609839067	14356	Timm10b
14357	2279.8	2294.8	-0.00916943875647113	6.20724931465449	0.0679377202018113	0.79660320092048	0.864437902728413	14357	Dtx1
14359	2318	2181	0.089093906733345	5.78761390809992	5.75832840407134	0.0245921963709	0.0607201240766978	14359	Fxr1
14360	4418	4541	-0.0398651832809747	6.94972561280112	1.86672837787902	0.184608759564742	0.295758702144621	14360	Fyn
14362	1100.4	848.4	0.377129076989967	3.71748589459902	39.6978066531207	1.69016029405089e-06	2.48016009037681e-05	14362	Fzd1
14365	7296.2	6686.8	0.127360652525277	6.81727146820987	11.2595821673854	0.00264769770336683	0.00996834794984475	14365	Fzd3
14366	297	188	0.647599711961046	2.84422120030052	41.4979573899267	1.40836547619271e-06	2.1420765629118e-05	14366	Fzd4
14367	46	61.8	-0.446087956662698	0.738130401229901	9.02313304493407	0.00618017665330945	0.0198905084272845	14367	Fzd5
14368	200.6	236	-0.236477713853556	3.0931614873098	11.5949723554984	0.00234483122552695	0.00902828730254836	14368	Fzd6
14369	140.2	145.8	-0.060934469397525	2.46974518500569	0.378516698213308	0.544230852006616	0.664328412710381	14369	Fzd7
14370	155.8	158.8	-0.0255169567529869	2.12097629809183	0.0615168990764617	0.806239611729837	0.871411601581027	14370	Fzd8
14371	36	41.4	-0.191723416009537	1.58290226559475	3.35209242883921	0.0885155113875533	0.167089356353101	14371	Fzd9
14375	415.4	473	-0.185663173023742	4.11996801143875	10.7712618171776	0.0031678580012795	0.0115349394161997	14375	Xrcc6
14376	7884.2	7472.2	0.0790151909077268	6.8530852806592	5.38773809921709	0.0291615236128713	0.0696005056638774	14376	Ganab
14381	662.4	691.4	-0.062033613258042	4.82437320454395	1.52223201117078	0.229315692044346	0.349540998712105	14381	G6pdx
14385	726.6	752.2	-0.0500741622471776	4.42671367900666	0.730319537088207	0.401291856301324	0.534205816668752	14385	Slc37a4
14387	6639.8	6839.6	-0.0424083281753324	8.04881745858688	1.88513221859642	0.182538191320105	0.293058649043741	14387	Gaa
14388	219.6	279.6	-0.347035960603683	4.45932589515441	44.6614980302286	6.76815690809411e-07	1.19301146279991e-05	14388	Gab1
14389	1202.8	1369.6	-0.187435746007544	4.99550746997351	20.5479800175742	0.000138318690367303	0.000904641787587782	14389	Gab2
14390	780.6	619.4	0.340950392213742	4.74302772606577	50.2006896012924	2.6334085967825e-07	5.61973888970074e-06	14390	Gabpa
14391	1002.2	853.4	0.231339753243806	4.42593833975917	24.8045060707047	4.45501660088812e-05	0.000356137361888821	14391	Gabpb1
14394	16644.8	17479.6	-0.0716082234386346	8.87658589177529	4.4223953415168	0.0462201796547381	0.100378957022652	14394	Gabra1
14395	455	326.4	0.471264347047858	5.53725801862108	8.96305287215641	0.0119330174083275	0.0339727858223294	14395	Gabra2
14396	15749.2	16306	-0.0508787974029585	7.84598820996186	3.36964555590995	0.0789218478359342	0.152647716930362	14396	Gabra3
14397	6606.2	7589	-0.199218799831186	7.10251297296459	23.0943186058875	7.38732381351539e-05	0.000535757041648527	14397	Gabra4
14400	100.4	86.8	0.210990513331677	3.21074234421426	10.9184747656778	0.00300015838173116	0.0110397885054842	14400	Gabrb1
14401	7902.8	8546.4	-0.11364231424077	8.29695060449116	14.2058406996886	0.000951468308295755	0.00438878909627244	14401	Gabrb2
14402	11897.8	12081.2	-0.0232874525286618	8.29518730355002	0.713485504268097	0.40669196107198	0.539890301739015	14402	Gabrb3
14403	1573	1793.6	-0.190458020944186	6.16098258879368	16.7053219730553	0.000462948150110401	0.00245918874005724	14403	Gabrd
14405	783.4	806.4	-0.0383826541505282	4.14335122375575	0.325275708569754	0.573833426975335	0.689401409151483	14405	Gabrg1
14406	14317.4	15333.6	-0.0986527217018713	7.76213534068846	9.68638277246286	0.00477187859328019	0.0162021924329979	14406	Gabrg2
14407	2	1.6	0.0864083379421295	1.2545055620775	0.408275612190873	0.528941974062137	0.650887731405936	14407	Gabrg3
14411	56.6	65.2	-0.243285763479357	0.66884095838376	2.21669211025535	0.14964453499675	0.252269898395501	14411	Slc6a12
14412	213.8	225.2	-0.083746680210334	3.65441066274822	1.68322507200827	0.206919574706032	0.322633822308629	14412	Slc6a13
14415	24308.2	24926	-0.0351616069020625	8.3483177219447	0.702458560429082	0.411370901236066	0.544003202787384	14415	Gad1
14417	5393	5243.2	0.0409416682478691	7.41828358140212	1.5610613488075	0.223646102637264	0.342434403338879	14417	Gad2
14420	1368.6	1285.6	0.0942335235004101	4.88199543821502	4.63304069007759	0.0417085815530006	0.0925619281079488	14420	Galc
14421	1855.8	1765	0.0683538229582791	7.30086771246995	2.66542598790468	0.116382693736054	0.20637902775867	14421	B4galnt1
14423	2063.4	2230	-0.111437519528467	5.50697211124107	7.67349499480254	0.0106839736880271	0.0310591624470521	14423	Galnt1
14425	299.6	356.8	-0.24744485076845	1.0936908354052	3.21138704706274	0.0858384194810638	0.163079457831138	14425	Galnt3
14426	25.2	31	-0.277227177634607	1.81158257462998	5.64294116544141	0.0259232488449339	0.0633144033127196	14426	Galnt4
14428	85	29.6	1.49707655616054	-0.118756567894029	60.6221589785071	5.34599469494459e-08	1.55474863824405e-06	14428	Galr2
14430	1791.6	1911.6	-0.0942252348519697	5.95587858172892	7.82578082205891	0.0100287975529367	0.029551828009621	14430	Galt
14431	98.4	102	-0.0495729629974938	2.82161701470802	0.407820907570396	0.529169580061415	0.651112378497292	14431	Gamt
14432	5387.2	5441.2	-0.0156221661594713	7.91732664145379	0.0681732931447308	0.797546100613684	0.865055630967296	14432	Gap43
14433	218.8	235	-0.0991416600224809	3.87090958567049	2.76796802506135	0.109268687365756	0.197000934131263	14433	Gapdh
14447	379	332.6	0.207501169729072	1.89945730785024	3.49984733538107	0.0737079831853145	0.144516439088515	14447	Gapdhs
14450	924.8	917.4	0.0119024216807311	4.81425854661124	0.0736471110658357	0.788436447147795	0.858913205236225	14450	Gart
14451	149.8	176.8	-0.249649748610669	2.66193857621109	6.50054244476599	0.0176460297022214	0.0464244108692953	14451	Gas1
14453	434	498.2	-0.193358582712186	3.12836810997596	5.17664554008335	0.0321827590580767	0.075416601722672	14453	Gas2
14455	3451.2	3694.8	-0.0975572657178236	6.57545968876006	5.83750256347812	0.0237228805305345	0.0590071442416701	NA	NA
14456	2929.6	3126	-0.0921760669785852	6.52568399035154	7.59462902015865	0.0110416983013489	0.0318867118109992	14456	Gas6
14457	46923	43207.8	0.118868521800327	9.53720873144757	21.4624379045623	0.000107404317165924	0.000732620103971811	14457	Gas7
14461	95	67.8	0.477633252188472	1.97901783400686	19.1298712274961	0.000207103661463568	0.00126641583357833	14461	Gata2
14466	1683	1549.2	0.122483010355476	5.54330896972203	10.8390511759148	0.00308939455490265	0.0112876918343182	14466	Gba
14467	3258	3586.8	-0.141248019235162	6.00813718571765	13.1159429202476	0.00137409168233191	0.00588303352382271	14467	Nipsnap2
14469	7	12	-0.701843361107761	1.60162588425222	11.6718332557768	0.00347583040756076	0.0125285916984746	14469	Gbp2
14470	4084.6	4377.8	-0.101435971029281	6.04077949388254	6.27749606697703	0.0194724772822106	0.050197108371156	14470	Rabac1
14479	2135	2009.8	0.0859904032372216	6.04847666961535	5.8608327769945	0.0234732752917417	0.0584970208735921	14479	Usp15
14489	22392.2	21491.2	0.0582692659358732	8.69864908302153	3.13853463375124	0.0892550533221591	0.16798079957272	14489	Mtpn
14528	48	33.4	0.56071918562749	0.511246015339145	9.89512099740972	0.00440466692346053	0.0151992088665735	14528	Gch1
14533	347.6	369.2	-0.0936664403431353	4.3464449279465	3.40559649265333	0.0774411678397936	0.150165634552774	14533	Bloc1s1
14534	2210.2	2216	-0.00347152958888104	6.43894425325346	0.0145576715569441	0.904975977866896	0.939827761466311	14534	Kat2a
14536	546.8	690	-0.330849191346561	3.95104286971354	34.5298447265991	4.75799713739245e-06	5.77431491384303e-05	14536	Nr6a1
14537	1912.6	2863.2	-0.611444488024613	1.65688665704993	5.42180956126354	0.0363982181832263	0.0830727689278939	14537	Gcnt1
14538	2046.2	1758.4	0.22038864682462	5.34701583554368	21.5787350888507	0.000104045164752199	0.00071239640517683	14538	Gcnt2
14544	38133.4	43465.6	-0.188206604824941	8.47258244211577	32.1718927103597	7.87864918742251e-06	8.7262831689659e-05	14544	Gda
14545	11563	11646.2	-0.00989592995284258	7.26405751734903	0.0906172598755622	0.766005484321523	0.843311061537509	14545	Gdap1
14547	1698.6	1503.4	0.173404163109564	5.08966908283755	19.2314528354767	0.000201104827609102	0.00123377299586671	14547	Gdap2
14548	482.4	503.6	-0.0684367878234512	2.61010080342993	0.839461757311136	0.368732560297655	0.502371611513083	14548	Mrps33
14555	5144.2	3812	0.431135803619754	7.29851120359257	40.4124430708637	1.74236274218347e-05	0.000166782192553112	14555	Gpd1
14560	87.6	101	-0.22149943630693	2.1083846802321	4.08220736136869	0.0547162724470687	0.114868409869271	14560	Gdf10
14561	65	66.4	-0.0474963103766499	2.57406409559133	0.323381623813988	0.574904451364292	0.690458574160323	14561	Gdf11
14567	22779.8	23158.8	-0.025001759278754	9.2218880720611	0.635287920694004	0.433294388771348	0.56554425639345	14567	Gdi1
14569	12647	12994.4	-0.0390503514179054	7.7879073230685	2.08471791031228	0.161802349107228	0.267860629251618	14569	Gdi2
14570	3220.8	3621.8	-0.170333392589822	5.8749588292001	24.7721594919122	4.49171665761982e-05	0.000358692113642193	14570	Arhgdig
14571	6615.2	6565.8	0.0130939942281883	7.08596563170865	0.154921491551233	0.697376412807641	0.791137169038666	14571	Gpd2
14579	110.2	82.6	0.442457658609764	0.725965366312411	7.74069696640258	0.0103892153161435	0.0304163901518207	14579	Gem
14580	712	598.6	0.250817015633989	6.18956871340769	8.44999675450181	0.0123881852566106	0.0349860941186106	14580	Gfap
14583	3420.6	3277.6	0.0614665847967171	6.27460220739205	2.96699223808595	0.0979387446143782	0.180723428399875	14583	Gfpt1
14584	292.6	439.6	-0.599070876617557	3.1242029618049	41.1729440437065	1.42949013214854e-06	2.16354454136911e-05	14584	Gfpt2
14585	1057.8	1162	-0.133368956557927	4.91795247915829	8.95466492027781	0.00634975361433935	0.0203006721392747	14585	Gfra1
14586	8469.2	7731.2	0.130001348672323	6.85797193544703	9.17627409786645	0.00598094146684862	0.0193440429540904	14586	Gfra2
14588	392.6	442.2	-0.174267907403014	4.49465246320363	11.9236685096856	0.00208438541342023	0.00823836662990867	14588	Gfra4
14590	239.2	255	-0.0933196826956678	3.19757537965533	1.87721262273139	0.183425705164617	0.294124156029441	14590	Ggh
14593	1341.6	1297.8	0.0476109677755589	4.88899052534667	1.38499519629032	0.250876815918705	0.374604700133157	14593	Ggps1
14594	60	69	-0.198503178215308	1.85918450670819	3.05465275500962	0.0933849006988323	0.173963829707555	14594	Ggta1
14595	258.4	204.4	0.324572504211835	2.85690392058979	13.2510539798816	0.0013120086831886	0.0056777764990443	14595	B4galt1
14598	70	80.2	-0.161100505956391	0.674475930290882	1.03137760394649	0.32003872941954	0.450993447892174	14598	Ggt1
14600	335.4	427.8	-0.354756645014292	3.20997703167303	36.0505328413218	3.47537778952299e-06	4.46516538397914e-05	14600	Ghr
14605	8357	3068.4	1.44324895164609	6.24216404568503	394.657861527505	5.76200637571028e-12	1.41159390092401e-09	14605	Tsc22d3
14608	305.4	337.2	-0.144775531296114	4.17265743928189	4.34302404773672	0.0483849871799347	0.104194964943203	14608	Gpr83
14609	2850.6	2620.6	0.126494626400468	7.07398565324321	8.35966230799935	0.00843661692672027	0.0257317706391253	14609	Gja1
14612	177.6	177	0.0125054431114129	1.12407379801336	0.0094230656305082	0.923480864883008	0.951728514867664	14612	Gja4
14615	96.2	83.6	0.221303253502872	2.03551165323196	4.5016689553439	0.044460840414386	0.0974839170815704	14615	Gjc1
14617	323	456.8	-0.490946589040851	2.34372438330386	28.1973577839572	1.94281443274877e-05	0.000182465495847633	14617	Gjd2
14618	30	41.4	-0.466604178640152	2.64851971102048	27.6932622633519	2.18969027648111e-05	0.000200676625478933	14618	Gjb1
14619	121.6	180.4	-0.585338217782692	3.16890156354769	19.7314174133168	0.000399119483478615	0.00218517917204542	14619	Gjb2
14623	5822.4	2967.8	0.973838422568317	5.98537499305246	332.269019544474	4.68866792489246e-14	3.6487448861946e-11	14623	Gjb6
14628	4324.2	3999	0.113907397250624	5.99904048509247	12.4552775273763	0.00172757108066776	0.00710152522077566	14628	Ostm1
14629	1390.4	1449.2	-0.060975385478677	6.03495799740667	3.73630072485408	0.0652133577602512	0.131335359212299	14629	Gclc
14630	1428.2	1345	0.0835225577678343	4.41447398522856	3.07769526342693	0.0922288413404175	0.172365615817739	14630	Gclm
14632	39.8	64.6	-0.718531688067059	1.50005943438263	23.3338393327365	6.59857231865492e-05	0.000489357436089473	14632	Gli1
14633	187	159.2	0.227905566035626	2.55509141778987	6.57173629252043	0.0171036399440199	0.0452527936574892	14633	Gli2
14634	115.8	168	-0.531198333624485	3.43206580928656	48.2673812363712	3.63004751249345e-07	7.15807731863306e-06	14634	Gli3
14635	60	78.6	-0.386042946751338	2.69222510125727	23.3702514821671	6.44628643387342e-05	0.000480111980127119	14635	Galk1
14645	36322.8	30140.8	0.270636474926837	10.3479312567466	54.3523115279087	1.72903330094244e-07	3.98807359130776e-06	14645	Glul
14651	2861.8	2784.4	0.0393396323823894	6.13544297440525	1.33441526475031	0.259476194555669	0.384111933235113	14651	Hagh
14658	14625	14433.2	0.0191611175054295	8.03587351820855	0.385005470696742	0.54082729708171	0.661402635757597	14658	Glrb
14660	33892.8	33083.6	0.0345971317003774	8.90456960447828	1.63224031275956	0.213703301669905	0.330820126629197	14660	Gls
14661	9328.8	9520.6	-0.0275881760957067	7.57314523342089	0.729636332798083	0.401508908163003	0.534334753575918	14661	Glud1
14664	507.6	578	-0.184785837995147	4.98991981112193	14.0060358726124	0.00101686276360722	0.00462799411325643	14664	Slc6a9
14667	1280.6	1295.8	-0.0150187092620637	5.54786635384023	0.133883317589619	0.717668210082094	0.807062655296553	14667	Gm2a
14670	6697.6	7079	-0.0791583555884502	7.43763940701084	6.78851698563541	0.0155624803591749	0.0420291650058883	14670	Gnl1
14672	6264	5958.8	0.0728777389063753	7.10439764255954	5.33916969884196	0.0298275464371667	0.070862484582973	14672	Gna11
14673	551	526	0.0667161344362485	5.38618420005594	2.80024234413205	0.107331771148237	0.194396624340962	14673	Gna12
14674	2975.2	2832	0.0744028441920801	5.69344824704905	3.46216880952611	0.0751751273119315	0.146736163425612	14674	Gna13
14676	20.8	25	-0.286526161096238	0.577219079658457	3.20404730918952	0.0861757282699434	0.163612764536157	14676	Gna15
14677	7681.8	8023.6	-0.0625073390607609	7.52316315482238	1.59220742343568	0.222532898741591	0.341272203544928	14677	Gnai1
14678	2126	2334.6	-0.135963164421026	7.08327767724862	20.7804505554812	0.000129635144652331	0.000856374031446429	14678	Gnai2
14679	2175.2	2015.6	0.112292620320597	5.04024556578679	6.83207155202884	0.015271738711378	0.0414375279396015	14679	Gnai3
14680	5238.8	5140.4	0.0289656730250283	7.82990720103111	0.363901908631789	0.553539444799802	0.67205025632102	14680	Gnal
14681	18988	19196.2	-0.0160001289236734	9.64495594687093	0.388241534264261	0.539144807673864	0.659893250685822	14681	Gnao1
14682	16375.6	15735	0.05695114998101	8.10804622628121	4.0541264791703	0.0554929684881127	0.116178355522477	14682	Gnaq
14683	62018.8	64183	-0.0496201716056285	10.2391523132082	4.51148372268411	0.0442483089238024	0.0970803061907469	14683	Gnas
14687	1252	1207	0.054670150552768	6.1193199230265	1.81337480375169	0.19077616036875	0.303636957058844	14687	Gnaz
14688	48427.2	47930.8	0.0151405102572577	9.4627339802076	0.374389184854383	0.546416994071921	0.666040751586739	14688	Gnb1
14693	6437.2	6580.6	-0.031628648504491	7.77464615614233	1.19312757187304	0.285622714452838	0.412880359506082	14693	Gnb2
14694	6694.4	6403.2	0.0666449878615487	5.98309312407459	2.03542288113016	0.167072410475867	0.27409959019979	14694	Rack1
14696	691	775.6	-0.16308894681631	4.92543712299557	5.60276372524289	0.0285329148341296	0.0684278664364541	14696	Gnb4
14697	3577.2	3263	0.129915704421857	7.14177958105952	12.0802907993	0.00197154809953215	0.00788510133664572	14697	Gnb5
14700	799	837	-0.0689893090907327	4.79318746784384	1.47291555106058	0.23683557191373	0.358527582367098	14700	Gng10
14701	2877.6	2574.8	0.160413286581498	6.19734231609657	14.5648461068823	0.000845191563204325	0.00399620505546461	14701	Gng12
14702	5642.8	5761.4	-0.0320881732005023	7.80432189316908	0.871505694101778	0.359904606517495	0.493273391106	14702	Gng2
14704	13876.2	14445.6	-0.058904199970944	7.59180931596515	1.55816740703886	0.226523719748268	0.345960888127797	14704	Gng3
14705	4645.2	4721.6	-0.0228389142339881	6.26961307956624	0.417898119752553	0.524167045988625	0.646663578245099	14705	Bscl2
14706	1963	2074	-0.0780157326169571	5.44823989237771	2.92463111179631	0.100231232692162	0.183897212151881	14706	Gng4
14707	688.6	654.4	0.0638365757338814	2.63113243003717	0.485652242819479	0.492617742881996	0.61813498182276	14707	Gng5
14708	422.6	372.4	0.183679092740783	6.03690250407141	3.25833216844619	0.0961812260754245	0.177957429812364	14708	Gng7
14710	11.8	11.6	-0.012636863586663	0.638875365321417	0.00669916558153345	0.935451007591964	0.959738820437366	14710	Gngt2
14712	3808.6	3686.6	0.0484236265728886	6.00066235311409	2.02757668901702	0.167433257185402	0.274478881632959	14712	Gnpat
14718	20816.2	20727.2	0.00642494349520735	8.44042843258927	0.0395838727568209	0.8439846020459	0.897575854460411	14718	Got1
14719	8042	8334.2	-0.0539420584774912	7.31964817976068	2.40571363333525	0.134076770337031	0.231811679240603	14719	Got2
14724	1086	980	0.150963881262116	3.38655368171346	4.33636849907017	0.0482186428025334	0.103883181259177	14724	Gp1bb
14726	127.8	140.2	-0.149441745826957	2.78590862717289	3.62592354026346	0.0690313795751237	0.137281845618654	14726	Pdpn
14729	3.4	5.6	-0.636137043499012	-0.0835640385196106	9.75212124791221	0.00465273607670934	0.0158580298044932	14729	Gp5
14731	1207.8	1257.4	-0.0622792330479336	4.82580889859534	1.71933868611182	0.202276094557277	0.317482752821249	14731	Gpaa1
14732	336	384.2	-0.186036200455193	5.4983160462805	9.10082927219677	0.00707223119175647	0.0221691671319992	14732	Gpam
14733	2826.4	2273.6	0.313476211010337	6.50044166946328	44.5126599008859	1.19565919218394e-06	1.86631295505687e-05	14733	Gpc1
14734	36.6	41.6	-0.172803957927627	1.82455821276112	2.36486796512604	0.137271146979883	0.236176307397599	14734	Gpc3
14735	361.6	429	-0.25027302222797	3.28232419668891	9.68375214966892	0.00477671532499523	0.0162148058495728	14735	Gpc4
14738	97.8	137.2	-0.491307613362913	3.91107860958497	61.1670442624276	4.94611052262035e-08	1.48014661478167e-06	14738	Gpr12
14739	75.6	66.8	0.199236664863354	0.97101151053585	1.29345458790837	0.267115918573911	0.39304626764403	14739	S1pr2
14745	212.6	232.6	-0.129614318522541	4.30220242347833	4.28334521764526	0.0494988480530991	0.106056381523791	14745	Lpar1
14747	57.2	39.6	0.512504187458338	1.51927330605032	23.5961027554699	6.07714926792831e-05	0.000459739332660081	14747	Cmklr1
14748	77.4	35	1.10244223635927	2.90058256381841	72.4166508246472	1.28615250963983e-07	3.14552425961661e-06	14748	Gpr3
14751	15409.8	16351.6	-0.0863608919964202	8.98110449453614	9.58964066596232	0.00495333595158363	0.0166928229993448	14751	Gpi1
14755	1179.4	1189.8	-0.0144393066185582	6.32249249408049	0.172889934252647	0.68127765740009	0.778310722420242	14755	Pigq
14756	2774.8	2804.4	-0.0158132218735317	6.07372203926701	0.178442246583171	0.676503478823639	0.774527608313331	14756	Gpld1
14758	37963.8	38132.8	-0.0049297544843148	9.86991029189617	0.0197097313598658	0.889533626229207	0.930004993382781	14758	Gpm6b
14760	301.2	279.2	0.107948354672202	3.51388892421894	3.33293426777254	0.0804674379724599	0.155035503659549	14760	Gpr19
14761	215.6	184.8	0.22648282679778	3.16911503137474	5.32617630297037	0.031066161556324	0.0732273808113352	14761	Gpr27
14763	219.2	326.6	-0.569994520336811	4.87008740638191	63.9406492717971	1.78857816380523e-07	4.08406141858464e-06	14763	Gpr37
14766	2095.2	1540.8	0.442196890031778	5.93750646484815	127.154406483568	4.90702108465528e-11	7.96922278175364e-09	14766	Adgrg1
14768	13457.4	14280	-0.0856990148257892	7.56248296343108	9.86462576158932	0.00445632727482966	0.0153178964162635	14768	Lancl1
14772	26.2	31.4	-0.263512663912305	0.964259700840995	2.86582555586447	0.103517698159326	0.188895948642203	14772	Grk4
14773	404.2	428.2	-0.0866722110746341	4.18935131956807	1.93370059074417	0.177208531276878	0.286282788764502	14773	Grk5
14775	569.6	565	0.0142468619677623	5.60719292818397	0.077417757803479	0.783357523864781	0.855314220421631	14775	Gpx1
14778	208.8	215.2	-0.0438568138832311	2.84958812549947	0.296643696114999	0.591056467321241	0.703543620082452	14778	Gpx3
14782	608.6	683	-0.167119155221972	4.47806627344221	11.2740375065819	0.00263379665345823	0.00992670060732342	14782	Gsr
14783	928	1139.2	-0.296521821904064	5.6367286280176	45.9485222474665	5.39829236996531e-07	9.83946001456225e-06	14783	Grb10
14784	7435.2	6993.6	0.0871904118780997	7.25186335213349	8.20582047735607	0.00857857645430901	0.0260712245732932	14784	Grb2
14787	127	110	0.216206181156992	3.45034359140552	10.5092245914596	0.00349230991945636	0.0125660561552955	14787	Rhpn1
14788	7895.6	7209.4	0.130830748701167	7.75436509666457	17.9105516690636	0.000296509482326717	0.00170001906289185	14788	Gpr162
14789	1027.8	804.4	0.357319929101076	4.78940752962365	49.4127509651746	2.99829007102167e-07	6.22662136300966e-06	14789	P3h3
14790	744.8	758.2	-0.0255378112630417	6.05290099806176	0.363927012408215	0.552033912381954	0.671019945300543	14790	Grcc10
14791	727.4	647.6	0.165938384185552	4.2263237215146	10.5241854645917	0.00347283778492689	0.0125240512333666	14791	Emg1
14792	444.6	446.2	-0.0121621040642872	4.32474046974062	0.0518896323812237	0.82175085798344	0.882226815000214	14792	Lpcat3
14794	4.8	7	-0.454835689067062	0.884464999467417	8.35819431493566	0.00806329401280386	0.0247708505124478	14794	Spsb2
14797	3934.2	4057.4	-0.045301675970828	8.42876759587896	2.95788236455596	0.0984265744250204	0.181415162807861	14797	Aes
14799	16995.4	14739.4	0.204113056256975	8.96277217326456	34.8875534101475	4.41574695957193e-06	5.45048732311295e-05	14799	Gria1
14800	18225	18183.2	0.00237762404114218	9.55857993545846	0.00525761777355834	0.942801817107829	0.963874484685002	14800	Gria2
14802	4313.6	5228.4	-0.278716092065644	7.14816182118625	91.5107900882636	1.24667842659902e-09	8.17260517517373e-08	14802	Gria4
14803	2083.4	1968	0.0788500580983966	5.85266571149573	2.71254769978598	0.11320613708886	0.20223476770268	14803	Grid1
14804	269.8	295.4	-0.135340840914711	3.5130091015381	3.40628472912845	0.0774131341771191	0.150132320887596	14804	Grid2
14805	674.6	763	-0.178636057964618	4.14237009799964	9.76195344066354	0.00463519842776253	0.0158161374114447	14805	Grik1
14806	1314.8	1307.6	0.00794150912943859	5.6928630820221	0.0406185756376937	0.841986882681749	0.896242610080419	14806	Grik2
14807	4462.4	4517	-0.0191962690963669	7.35569799590827	0.234559773685753	0.632618294044556	0.73830156012273	14807	Grik3
14809	6811.2	6850.4	-0.00798964621038483	7.90810122082024	0.0689670819848041	0.795104327179775	0.863443872656384	14809	Grik5
14810	5391.2	5534.4	-0.0401657318535477	8.80098422441053	1.24917888035854	0.274878288115135	0.401443950330016	14810	Grin1
14811	0	0	0.378170112499879	2.73951099106214	8.34648361334185	0.00948236936803452	0.0282885793282912	14811	Grin2a
14812	0	0	0.275756714650943	5.15631555644756	0.47555504714445	0.504482196279094	0.629361787072158	14812	Grin2b
14813	1747.4	1481.4	0.243392669758945	5.91375940060464	22.8296851052758	9.8110867945702e-05	0.000679164025520679	14813	Grin2c
14814	233.6	225.8	0.0476384251361332	3.61087823103953	0.609517021448618	0.442658500959589	0.573879807415006	14814	Grin2d
14815	2837.4	3377.4	-0.252073098271402	6.66537390737037	35.98031905997	3.6856607181077e-06	4.70190114911992e-05	14815	Nr3c1
14816	1323.8	1137	0.220101622766277	5.81493535043532	30.9188310561602	1.03943871303412e-05	0.000108712352808938	14816	Grm1
14823	1123.6	1034.2	0.114554240107219	4.73555994261341	2.41759623720062	0.136865237617194	0.235618168713544	14823	Grm8
14824	1851.6	1717	0.107989530857899	5.69012261352487	8.95985596271101	0.00633671950610866	0.0202695042537543	14824	Grn
14827	16423.2	12414.4	0.404466770248479	7.79818808914051	80.8205947066358	1.74710164818347e-08	6.50840392341335e-07	14827	Pdia3
14828	27769.4	14541.4	0.93569706037214	8.40183467635065	120.340714485221	1.41317903527126e-07	3.40434829596847e-06	14828	Hspa5
14852	4861.6	4705.6	0.0462311458274326	7.01285894091949	2.38864668987849	0.135400676426474	0.233514064797549	14852	Gspt1
14853	1421.8	1304	0.122254214897545	5.02894787163514	5.21641710437806	0.0316091294043592	0.0742408768948013	14853	Gspt2
14854	338.8	308.6	0.140859006277317	4.18244782201964	6.81359335307663	0.0153943472912578	0.0416841318373623	14854	Gss
14859	46.8	43.6	0.0887201241770998	0.996242613040427	0.532295397156239	0.489525709373781	0.61585904807108	14859	Gsta3
14860	1423.4	1483.2	-0.0581915202039471	4.96951434842772	1.4607706475436	0.238667171521162	0.360620457575463	14860	Gsta4
14862	1366.6	1272.8	0.10086068113246	6.55706016822087	5.90909666750084	0.022966118241112	0.0574510683726259	14862	Gstm1
14863	69	68.8	-0.0292987081146691	0.294114738483207	0.0290639534187973	0.871707741710802	0.916928606556525	14863	Gstm2
14865	306.8	366.2	-0.260155478850283	3.00863304383408	8.75131031186962	0.00688426005903512	0.021669227981989	14865	Gstm4
14866	1974.6	1924	0.0348247567342902	6.65235914722933	1.05108645703576	0.315554748812838	0.445871109409093	14866	Gstm5
14867	39.4	39	0.0102734285271553	1.30403540577861	0.00793621357004235	0.954756380088724	0.971629142984046	14867	Gstm6
14869	13.6	12.4	0.0979155824726755	0.977507561004237	0.325504139089728	0.573701913103676	0.689300702576935	14869	Gstp2
14870	1154.2	1241.8	-0.109150805133003	5.05752812775784	6.63685827385005	0.0166236280658686	0.0442582280464294	14870	Gstp1
14871	162.2	202.6	-0.327221072949126	2.87145907647736	16.0952205516904	0.000517133965621352	0.00267716845955982	14871	Gstt1
14872	155.8	237.2	-0.640226001737388	0.793227108233408	17.6730254489845	0.000318404542854847	0.00180569596044154	14872	Gstt2
14873	564.4	609.6	-0.113401817135771	4.42769065206819	4.00194286269028	0.0569697012909214	0.118497634545831	14873	Gsto1
14874	667	796.8	-0.255846233349739	4.35138205669625	32.6240468556764	7.1402813915176e-06	8.07555768646286e-05	14874	Gstz1
14884	1191.8	1238.4	-0.0546757514226063	5.52291223381665	2.26688462212394	0.145309845338396	0.246457228880682	14884	Gtf2h1
14885	1189	1115.8	0.0931005097552776	3.882171105986	3.00460075713255	0.0959542527761607	0.177612501756221	14885	Gtf2h4
14886	18686.6	18120.2	0.0447539826115805	7.9843119221334	2.75282437147864	0.110191555132358	0.198270725492731	14886	Gtf2i
14894	845.4	876.4	-0.0525554195246197	5.25775886720795	1.41637337267258	0.245726017596828	0.368639557077666	14894	Cfap20
14897	7073.8	6891	0.0383988113015446	7.69137347346029	2.07563960887322	0.162681511774862	0.268823433313576	14897	Trip12
14904	3178.2	3313.2	-0.0618061450385312	5.93516649086027	3.07146761783542	0.0925396480998108	0.172745457010805	14904	Gtpbp1
14910	28.4	21	0.405557326729872	1.92905433671089	6.92708727029604	0.0162159988635609	0.0434611621683495	NA	NA
14911	1255.4	1240.8	0.0142742370802381	4.51846781235673	0.0737197401225112	0.788334791014588	0.858867194491961	14911	Thumpd3
14912	14.4	17.2	-0.22943451200865	1.95646150577435	3.55883408662593	0.0714763590204895	0.141175087904093	14912	Nkx6-2
14919	14.6	22.8	-0.657585200824529	1.40716676548092	26.5470716303643	2.88755842106459e-05	0.000251577874732174	14919	Gucy2e
14923	4093.2	4481.2	-0.132537606040039	5.99229989613279	12.7991543375402	0.00153259798939178	0.00643023841470794	14923	Guk1
14924	4702	5000.6	-0.0889329601698708	7.33309785832617	8.70765910630875	0.00700532239074351	0.0219975950110377	14924	Magi1
14933	1006.8	1053.8	-0.0636447169756878	4.82089088447325	1.79345864396438	0.193143054908344	0.306366582124088	14933	Gk
14936	594.2	589.8	0.0064618889574852	4.3215659194829	0.0118347846045148	0.91428189777075	0.945827198797301	14936	Gys1
14950	2023.8	1821.6	0.154748011377855	6.11110354456704	20.9923381931594	0.000122234976526889	0.00081595938461024	14950	H13
14958	2171	2637	-0.279780653310196	6.31226261071782	59.7504937440591	6.06048633139628e-08	1.71958872318291e-06	14958	H1f0
14960	165.6	272	-0.772210684774353	0.645499199532047	13.7502829373939	0.00117579003192546	0.00519831203085504	14960	H2-Aa
14961	10	17.8	-0.822084522397488	0.354664675503178	16.6960280156277	0.000428875000850294	0.00231477194260275	14961	H2-Ab1
14962	287	259.8	0.152441930646107	2.44041279253405	2.83186813204554	0.105472477087662	0.191790992565506	14962	Cfb
14964	377	459	-0.292486886584907	4.52383579213336	13.331723642253	0.00183183103909401	0.00742076396834777	14964	H2-D1
14969	7.4	10.4	-0.475816217549603	0.631702011276667	5.18280491986707	0.0326012840340916	0.0762490225612881	14969	H2-Eb1
14972	1017.6	1535.4	-0.612127767429659	4.26009400566347	54.8457204239654	5.25577880376944e-07	9.67917032615762e-06	14972	H2-K1
14976	1197.4	1289.4	-0.106227754242793	4.95248190833875	6.86624098824148	0.0150478467449436	0.0409145178426288	14976	Pfdn6
14977	3238.8	3204.4	0.0149782995340611	6.46190852877012	0.170570895561162	0.683298463317707	0.779941245265272	14977	Slc39a7
14979	350	328.6	0.0868365792947803	3.90882082028034	2.50391925888979	0.126749582640868	0.221447898886874	14979	H2-Ke6
14991	77.4	102.4	-0.441063550937324	1.48461423846682	12.6336754256376	0.00162324481405096	0.00674400130563166	14991	H2-M3
14998	187.2	186.8	-0.00207320126972544	3.31481511223626	0.00082161018168554	0.977371538211227	0.985892016654342	14998	H2-DMa
14999	5.4	5.2	-0.0435660484448699	0.287048605695891	0.0454193126616329	0.833050725884469	0.889481804826337	14999	H2-DMb1
15015	204.2	312.2	-0.640868115418188	1.24668808785902	15.9449840978492	0.000549223835455853	0.00281008188236421	15015	H2-Q4
15024	110.8	96.4	0.160891454508537	0.576322269692128	0.879258549459789	0.357814321960216	0.491340320122836	15024	H2-T10
15039	791.8	714.2	0.144126784686322	3.87655110954627	7.59420706154757	0.0110436473865962	0.0318867118109992	15039	H2-T22
15040	817	653.2	0.319708717264313	4.10372384452175	35.0058908597109	4.30848091399165e-06	5.3271841857002e-05	15040	H2-T23
15042	2	1.2	0.345545827461462	0.628614940230974	5.74757667000146	0.0247129554840551	0.0609662158331681	15042	H2-T24
15064	178.4	205	-0.195524723251662	1.75817467864928	3.14819534582714	0.0887930925069717	0.167460250403936	15064	Mr1
15077	144.8	88.2	0.716989153525883	1.24679233937926	24.8627066552754	4.38980046795364e-05	0.000352500977576677	15077	Hist2h3c1
15078	407.8	405.2	0.00156991452923592	3.7824366973502	0.000544629509034654	0.981575589608354	0.988551670303731	15078	H3f3a
15107	505	604.2	-0.25772963788074	4.06922815265399	24.1914999455541	5.20961304520113e-05	0.000403535621411239	15107	Hadh
15108	316.6	325	-0.0431513632668409	4.21097300110757	0.733146235585234	0.400395695259538	0.53354101403903	15108	Hsd17b10
15114	5082.2	5124.6	-0.0121458830969247	6.86164184502186	0.101278021730949	0.753074280275971	0.833638170215396	15114	Hap1
15115	4427.8	4695.4	-0.0854210094913508	6.65188589464312	7.79824300464621	0.0101439187990526	0.029825102180941	15115	Hars
15118	102.6	80.6	0.337178285008147	1.96866032681901	11.1823896275908	0.00272330112719203	0.0101863882218598	15118	Has3
15122	57.2	66.6	-0.24040358918079	1.82243391910887	2.70251898628577	0.114781058307421	0.204341103187026	15122	Hba-a1
15129	217	229	-0.0604296158061412	3.14225039987348	0.250106698996365	0.623274233325455	0.730833185489896	15129	Hbb-bs
15159	889.4	817.6	0.120853191063676	4.47958283097211	4.24122725158282	0.0505431023052902	0.107878027277121	15159	Hccs
15160	125	87.6	0.49180402661028	1.31418853265293	9.60263471601887	0.00506098525399157	0.0169567642237353	15160	Serpind1
15161	4583.4	4320	0.0840314288938982	7.42582486605414	5.42012826060385	0.0287265751040754	0.0688155105797359	15161	Hcfc1
15162	61.2	54.8	0.151429009602981	1.28980021598417	1.20364709514284	0.283559692601213	0.410555123395566	15162	Hck
15163	35	38.6	-0.151200510337521	2.16423865750308	1.98590479926406	0.171689597779158	0.279175027074362	15163	Hcls1
15165	2836.2	2469	0.198855255842995	6.34843158324789	15.7095527866445	0.000747516197560468	0.00361237015029723	15165	Hcn1
15166	4269.4	4111.8	0.0536245707166249	6.68554468166561	1.87606413753541	0.183554848384255	0.294233312470447	15166	Hcn2
15168	211.6	200.8	0.0741162526867568	4.42897162402374	2.56321285441429	0.12255431339612	0.215393974444007	15168	Hcn3
15170	47	56.4	-0.270972660974478	2.05198758857538	8.325079067886	0.00817231626535096	0.0250419036038547	15170	Ptpn6
15182	3316.8	3015.8	0.135289580861044	6.4685224745192	17.0959693425223	0.000379286653816058	0.00209644714885557	15182	Hdac2
15183	3745.6	4150.6	-0.149982024553308	6.6425667276023	20.7363727762612	0.00013123494662528	0.00086536036428914	15183	Hdac3
15184	3596	3426.6	0.0700946851234372	7.22433325205394	4.10297334163649	0.0541498080754843	0.113927412798115	15184	Hdac5
15185	2267.2	2408.6	-0.0875950606327006	6.17102566060698	6.24107511552644	0.0197901516762081	0.0508398769851698	15185	Hdac6
15191	8642.6	8512.8	0.0216713295114875	7.40388762599731	0.597727241027804	0.447049972595949	0.577862663557669	15191	Hdgf
15193	2889.2	3094.2	-0.0992535978162124	6.58695542536695	9.31036401978278	0.00552099866302767	0.0181621141195353	15193	Hdgfl2
15194	5777.4	5940.4	-0.0375324812756969	7.9475218459767	0.66683308314658	0.423844507373231	0.556779833642886	15194	Htt
15199	456.6	452.8	0.0156551579376738	4.51907448275954	0.0816980369926528	0.777479880932136	0.851534000075252	15199	Hebp1
15200	259.2	252.8	0.0379253857963243	3.43408228730669	0.391106179936534	0.537663585184673	0.658703971881613	15200	Hbegf
15201	154.4	152.6	0.0192016963446737	1.40828010710122	0.0220076197296702	0.883315333139634	0.925579224677416	15201	Hells
15203	104.4	63.8	0.685667118167609	2.212326655007	28.6290616778366	2.32676166552724e-05	0.000211117470894731	15203	Heph
15204	4377	4263.2	0.0402620771632558	8.63508365417027	0.366780336992801	0.554748483690924	0.672832591744149	15204	Herc2
15205	212.8	154.2	0.463994398448625	3.20747008628201	32.3476412325126	7.58224501572619e-06	8.48248989607635e-05	15205	Hes1
15208	248.6	361.6	-0.534288160780699	3.08068021858228	33.3037836291991	6.21940832028245e-06	7.20315127094251e-05	15208	Hes5
15211	1929.4	1649.8	0.229054071710695	5.68555215329414	37.6869401578289	2.50126544459069e-06	3.42685220247524e-05	15211	Hexa
15212	2731.4	2833.6	-0.051956578492459	6.44275139654453	2.30745693113135	0.141915079164362	0.242291584484018	15212	Hexb
15213	2140.2	2316.8	-0.110501265895338	5.80984753586247	7.78268098201303	0.0102096184196076	0.0299676977094143	15213	Hey1
15214	33.4	35	-0.0504610455921334	2.04331002378961	0.278274870733402	0.602712845357496	0.71394947277473	15214	Hey2
15216	31.2	31.4	-0.0309582167749798	1.78095207004391	0.0843332763429367	0.774021617845858	0.849097485150579	15216	Hfe
15220	36.2	52.2	-0.528661526718101	1.8590800394977	24.3473465573364	5.00543240362373e-05	0.000390018975536267	15220	Foxq1
15223	70	37	0.902294624034735	1.88500782549913	77.6006440970248	5.85859185953516e-09	2.74935346551043e-07	15223	Foxj1
15228	3216.8	2974.8	0.110541628291934	6.58285709955162	7.70550236569123	0.0105424513045906	0.0307495555506267	15228	Foxg1
15229	30	26	0.178567383896906	0.459354138087299	0.704161050794439	0.410211656361569	0.543066429845221	15229	Foxd1
15234	114.8	148.6	-0.370816673306164	2.33312504087248	15.3414983458681	0.000656917647657937	0.00324840495355724	15234	Hgf
15235	123.4	56	1.13062466359624	1.06457795892495	70.8119684739941	1.35070456192355e-08	5.29080860109566e-07	15235	Mst1
15239	2133.8	2088.8	0.0289685509715287	6.36393560298398	0.554358056733147	0.463824058315219	0.593231832482804	15239	Hgs
15242	9	10.2	-0.243771919599253	0.645001846582602	1.52910153705449	0.22877256521532	0.348879368814332	15242	Hhex
15245	29.4	29.8	-0.010365578203507	2.2163482421039	0.0096594194643345	0.922530338286149	0.950952325601769	15245	Hhip
15247	3447.6	3284	0.0717087926462359	5.98236886089517	3.38390749694516	0.0783306046114949	0.151686838029816	15247	Mfsd14a
15248	24.4	25.4	-0.0598110789135695	1.37287345926531	0.163194187873614	0.689843926649999	0.785551415409996	15248	Hic1
15251	1377.2	1546.2	-0.169478796089362	6.15601345409342	21.8229726132212	9.73562929252711e-05	0.000674910243617203	15251	Hif1a
15254	3376.8	3077.6	0.133730831560105	6.59751876881126	11.6227178169559	0.0023215271609999	0.00896322112587413	15254	Hint1
15257	4563	4071.4	0.166124915729094	7.15609060139928	24.7512448745395	4.51562087931852e-05	0.000359805866536218	15257	Hipk1
15258	45.4	45.4	0.00697642496446855	4.98657643849383	0.00237939214257989	0.961927143628466	0.97597184711539	15258	Hipk2
15259	2191.4	2345	-0.0976399572204581	6.79343438036678	6.80684166750412	0.0154394178807284	0.0417748682231465	15259	Hipk3
15260	2612.4	2508.8	0.0574305109808001	6.23424765273728	2.79619949575186	0.107572193501746	0.194672403264584	15260	Hira
15270	1852	1822.6	0.0297704239396935	4.28464512837938	0.197383402657388	0.660949270348119	0.761952524614109	15270	H2afx
15273	5662	5467.4	0.0467099695805906	8.80005835835652	0.357221678413595	0.560884415012271	0.678525555288531	15273	Hivep2
15275	13673.6	14535.8	-0.0892187060508007	8.95631758841358	8.03283667687679	0.0092078783114693	0.0275892771795144	15275	Hk1
15277	116.8	107	0.124010707771998	2.41671706373256	2.03580318144878	0.166608168914022	0.273600907109951	15277	Hk2
15278	149.2	131.2	0.172980256121443	2.46345843474979	2.95523122766007	0.0985690703601083	0.181509490544733	15278	Tfb2m
15288	494.4	504.6	-0.0343712790699718	3.83671600126086	0.396911759235331	0.534684859769485	0.656111296638775	15288	Hmbs
15289	886	867.2	0.0328148358121978	5.05776066930615	0.347533974016793	0.561253521588796	0.678858443602047	15289	Hmgb1
15312	1265.8	1143.4	0.148612318733744	4.67267705295694	6.22307392209525	0.0200795801586553	0.0514319070730469	15312	Hmgn1
15331	236.2	194.6	0.242429302683679	3.89184680623496	1.92521664386532	0.190946263943915	0.303857458884217	15331	Hmgn2
15353	376.2	369.4	0.028292681300427	3.723222089505	0.275525437933115	0.604499936030073	0.71523647965593	15353	Hmg20b
15354	343.8	555	-0.685023624267543	3.55449863685784	93.6370878169819	1.00074246022057e-09	7.09055466668042e-08	15354	Hmgb3
15356	597.8	566.2	0.0786016094273148	4.02066951402077	2.11236749303291	0.159159742187441	0.264455099847944	15356	Hmgcl
15357	8527.4	9641.8	-0.175992472794584	7.24874859427866	19.252028626502	0.000202129893643695	0.00123900995874723	15357	Hmgcr
15360	13.2	10.8	0.259495888335802	2.96838607032544	4.39231555161752	0.0504156455598323	0.107669583469536	15360	Hmgcs2
15361	443.2	433.2	0.0292708257258343	4.55490128115683	0.253762245663926	0.61906485637882	0.727772544457053	15361	Hmga1
15368	43.6	35	0.339227029783735	2.06145017798635	5.93380378176125	0.0240003555380831	0.059523187877051	15368	Hmox1
15369	2885.8	2917.6	-0.0173234855542314	5.66728190009576	0.257663554509909	0.616397124816986	0.72593078496604	15369	Hmox2
15370	534.6	298	0.826410021265458	6.41701695005027	19.825219480487	0.00093219538847662	0.00432550630659424	15370	Nr4a1
15374	3703.6	4273.2	-0.206720527628762	6.16050639263218	15.3693916923507	0.000840808337394901	0.00397938562825996	15374	Jpt1
15381	7517.6	6273.2	0.260546581824203	7.46776105904754	62.9412373387792	3.85329812831245e-08	1.21177493368844e-06	15381	Hnrnpc
15382	1528	1533.8	-0.00887343057653452	6.31575032642554	0.0368075316551147	0.849589947319671	0.901105588153552	15382	Hnrnpa1
15384	7841	7859.6	-0.0032956187398737	6.61136616220725	0.00712047779102592	0.93345706692055	0.958933080687252	15384	Hnrnpab
15387	5141.6	5365	-0.0629031578472262	6.62465521539926	3.08012877658187	0.0921077183525467	0.172206048514773	15387	Hnrnpk
15388	4735.2	5111	-0.109949817321071	7.00509087165298	11.5375305234383	0.0023938946306858	0.0091732112916046	15388	Hnrnpl
15441	15869.6	16630.8	-0.0679996495015616	8.0294570059059	5.95468050149621	0.0224982777268239	0.056495848899151	15441	Hp1bp3
15442	762.6	824	-0.106867781877268	0.673235489338934	0.572794927924525	0.488617957264411	0.615198950722979	15442	Hpse
15444	8599.4	8536	0.0107068770469433	9.00081696594874	0.0910772529595259	0.765430794267356	0.843064596535881	15444	Hpca
15446	199.2	162.8	0.287390129683223	2.74530337313188	7.82756076742324	0.0102351587995857	0.0300200863005705	15446	Hpgd
15451	44.8	36.8	0.278895043920009	0.502621727263044	2.80011882396992	0.107339107434981	0.194396624340962	15451	Hpn
15452	8143.8	8661.8	-0.0907463541858344	6.36068044269099	5.44932437114251	0.0283407072038704	0.0680685579801833	15452	Hprt
15460	1243.2	996.6	0.318178322205796	5.67054637691699	43.9390312246604	8.2760601627533e-07	1.40237014762528e-05	15460	Hr
15461	2120	2175.6	-0.0357490683378405	6.6487763922875	1.33449373330814	0.25946256082188	0.384111933235113	15461	Hras
15463	1069.8	927.2	0.206299576318334	5.74971701161389	32.7839777525547	6.89738639903963e-06	7.85617202614017e-05	15463	Agfg1
15465	2352	2042.2	0.212499755551361	4.3189656268267	8.48168675755175	0.00831638181696058	0.0254240657323072	15465	Hrh1
15466	146	150.4	-0.0441298079204426	2.73416231132398	0.321246428128542	0.57616110173714	0.691393322084568	15466	Hrh2
15467	4729.2	4416.4	0.0977009260994473	6.46089364623012	7.29403763775195	0.012531303928417	0.0353281581785331	15467	Eif2ak1
15468	2314.4	2198.8	0.0759040050975807	5.95118174600083	3.86450939521176	0.0610766932595248	0.125007437605943	15468	Prmt2
15469	2341	2467.2	-0.0767819765880149	5.71124176211086	4.4032331366164	0.0466571236081576	0.101170022641771	15469	Prmt1
15473	855.2	875.2	-0.0347984814794149	4.5561369291184	0.469567560127051	0.499799913096585	0.62486877812456	15473	Rida
15476	161.2	214.6	-0.410255416991727	3.92066241492123	39.491827738358	1.75835699811172e-06	2.56202540833739e-05	15476	Hs3st1
15478	7.2	6.8	0.0984058897751836	0.337830047938472	0.296721932160629	0.591007837651148	0.703543620082452	15478	Hs3st3a1
15481	27585.4	21084.6	0.385410318199946	9.40935771698368	38.5409520918892	2.38634559267497e-05	0.000215441843825884	15481	Hspa8
15482	302.8	309	-0.0301469849841828	3.53670071451616	0.274982528266153	0.616543954354719	0.72593078496604	15482	Hspa1l
15483	632.8	669.6	-0.0842362103891653	3.45433765904344	0.444975545494389	0.514805175893364	0.638218887757327	15483	Hsd11b1
15488	1606.2	1587.6	0.0145627510769683	5.80637467577392	0.130851741881018	0.720739160248759	0.809276732540416	15488	Hsd17b4
15490	479.6	446.4	0.101687249617313	4.67909249714778	3.78066094433583	0.0637470643937265	0.129065705105326	15490	Hsd17b7
15494	10.8	14.6	-0.387701417095198	1.2258247663562	6.64117348824071	0.0165923513287543	0.044196658882635	15494	Hsd3b3
15499	1246.6	1072.8	0.215525538968195	5.56618992050119	29.7569968058235	1.35203806684888e-05	0.000136564348135805	15499	Hsf1
15500	1834.4	1755.6	0.0637871354488165	4.52938460769158	2.3203097203617	0.140859408808314	0.240965798015706	15500	Hsf2
15502	9274	8109	0.192702696475137	6.91718063774383	25.5597669250248	3.68437795145034e-05	0.000307648751647968	15502	Dnaja1
15504	118.6	168.4	-0.533122738288461	0.0147972009119322	6.529082632868	0.0174263431861506	0.0459635701482885	15504	Dnajb3
15505	34395.8	24594	0.484995949021303	8.80359769616767	126.646469078611	3.94928148515595e-10	3.54552264512076e-08	15505	Hsph1
15507	208.4	134.4	0.660201192816317	0.881924376410455	16.7325849343452	0.000424061519543039	0.00229050269188157	15507	Hspb1
15510	5898.4	5307.2	0.15192178821624	7.04447604246243	17.1171198713512	0.000376843977538734	0.0020885363693807	15510	Hspd1
15511	1197	692.4	0.79114484262333	3.01526980541253	83.4963147680125	2.9662352253376e-09	1.61180315590337e-07	15511	Hspa1b
15512	1343.4	1253.2	0.102814751896727	5.07315345697961	4.35006121084494	0.0478941359760504	0.103322662895199	15512	Hspa2
15516	77329.4	70796.4	0.127484394807371	10.476761153922	17.8584457696651	0.00030116840541493	0.00172263083967843	15516	Hsp90ab1
15519	18825	17514.8	0.102488741602511	8.28005943317054	3.31751276578829	0.0877269041580525	0.16586065045134	15519	Hsp90aa1
15525	20163.6	17753.6	0.184773361279632	8.3018920039147	28.7582642127016	1.70311684856509e-05	0.000163784769987756	15525	Hspa4
15526	9235.8	9431.6	-0.0323604229704269	7.76339718681819	0.867828464041125	0.360902152054421	0.494265653382093	15526	Hspa9
15528	916.4	801.2	0.193571382223449	4.20756891561736	11.9760357820468	0.00204589179742529	0.00811952774299428	15528	Hspe1
15529	1422.6	1406.8	0.0154747697810826	5.53854258784718	0.129274652236341	0.722352727780185	0.810439053584941	15529	Sdc2
15530	172	186	-0.114403118878621	3.66586650054057	2.57934079733388	0.12144159846838	0.21382834258277	15530	Hspg2
15531	3984.6	3585.8	0.150263490429765	6.99676230575768	13.1489973513861	0.00139706377350504	0.00595406297483019	15531	Ndst1
15547	746.2	754.6	-0.0165053524526763	5.29143093655636	0.15618187650247	0.696212715775195	0.79041124167642	15547	Trmt2a
15550	2378.6	2807.6	-0.238246285139645	4.60834250486513	10.1475326220433	0.00483254169216108	0.0163773874838209	15550	Htr1a
15551	51.4	28.4	0.842089335576763	1.58351661846157	40.6943270342571	1.3983647140225e-06	2.12981702597273e-05	15551	Htr1b
15557	55.6	48.8	0.179782337213096	1.38141904100476	2.01828834165349	0.16837079433504	0.27545347609719	15557	Htr1f
15558	659.2	485.8	0.433572971896819	5.38103537567834	36.4164233511217	1.4950897441109e-05	0.000147710370207648	15558	Htr2a
15560	341.8	360.8	-0.085586899960997	4.67155799022253	2.77125181394472	0.109069761831643	0.196717536500446	15560	Htr2c
15561	33	42.4	-0.344851184346188	2.9732452693589	7.10987816964632	0.0161567987755536	0.0433587763649929	15561	Htr3a
15563	1026.2	977	0.0702706758236829	4.62991728472409	2.37199561141396	0.136707277966108	0.235430358122497	15563	Htr5a
15564	8.8	1.8	1.83179312339723	-0.369434852136068	25.0723314070973	9.49891713433557e-05	0.000662430250363162	15564	Htr5b
15565	78.8	77.2	0.0329313453243738	2.11003390030775	0.109035139039783	0.744131444892016	0.826737736813737	15565	Htr6
15566	566.2	670.2	-0.265622832794621	3.03663966676498	7.45765127421496	0.0119906166160833	0.0341031823236653	15566	Htr7
15568	5802.8	5351.4	0.117859982435138	6.31133809525557	11.5527826294016	0.00238075871743105	0.00913256011192896	15568	Elavl1
15569	2966	3186.2	-0.103027445538169	6.26841515871059	6.72862328504235	0.0159723325136577	0.0429195192698287	15569	Elavl2
15571	7658.4	7032.2	0.122879277674268	8.02661232482772	15.9658170321709	0.00053862424725888	0.00276384748166448	15571	Elavl3
15572	5560.6	5365	0.051117615835416	6.91406031143206	1.56854730149521	0.222641624624802	0.341385583696132	15572	Elavl4
15574	264.4	242.2	0.132533177578974	3.77908932541874	4.14200202188177	0.0531030150025618	0.112231463495691	15574	Hus1
15586	35.6	28.4	0.305515213191579	1.65504890857508	8.25874624362365	0.00839560481546365	0.0256326323409228	15586	Hyal1
15587	39.6	45	-0.189716010768524	2.8550973171593	6.87129186390432	0.0150150601613488	0.0408462410099667	15587	Hyal2
15893	2899	3257.6	-0.16644770395589	5.79032980447051	11.5930875545765	0.00243829064527937	0.00930878314497307	15893	Ica1
15894	42	51.6	-0.309619348235195	1.14278623747816	6.31335320854232	0.0191652324729916	0.0494933482516742	15894	Icam1
15896	36.8	49.6	-0.422024957492592	1.05534867761261	8.57780096623854	0.0073795131004732	0.0230225517708266	15896	Icam2
15898	5192.8	4613.4	0.170835545502613	7.83829359633048	24.0033740746663	5.46821906552797e-05	0.000421984187790397	15898	Icam5
15900	92	90.6	0.0207670435136603	1.74491782433342	0.0393295837980322	0.844479711788979	0.897958003801263	15900	Irf8
15901	58.2	46.4	0.323997231012679	2.95242083700107	14.5185991841662	0.000858125600306159	0.00404281206871748	15901	Id1
15902	3367.2	3473.6	-0.0434238789877787	6.77990364784881	1.49809421038375	0.232931870516277	0.353878206479112	15902	Id2
15903	185.4	213.6	-0.205101667302823	4.08168520771343	12.3924869803653	0.00176601434125193	0.0072238533201599	15903	Id3
15904	614.8	523.4	0.237131951717664	4.99800127848276	22.2899311974946	8.58320562893597e-05	0.000608896524615502	15904	Id4
15925	1564.2	1189.4	0.381025109490935	6.53578920542553	5.21846053638339	0.042784282063699	0.0944993907317704	15925	Ide
15926	1553	1821.2	-0.228222641393133	5.09201428128208	27.8871479884389	2.09092272480535e-05	0.000193113080283301	15926	Idh1
15929	3276	3284	-0.00494127538439416	7.03728187921079	0.0248163501321458	0.876153087547324	0.92020903410907	15929	Idh3g
15931	24061	22870.4	0.0725160247221738	9.29778072166043	4.2471979980405	0.0503935652133087	0.107638331844712	15931	Ids
15932	284.8	335.6	-0.241788624333941	3.90714448858866	12.0600733483678	0.00198573120904288	0.00792866267831652	15932	Idua
15936	211	170.4	0.283153942362491	2.52028391915152	2.1807691365849	0.162280869599291	0.2683068502446	15936	Ier2
15937	204.6	159.4	0.365670747016523	3.06509941805067	20.117557892299	0.000156113234351296	0.00100198076790126	15937	Ier3
15939	12409.2	9761	0.34874865008085	6.42034497655963	14.0341981759442	0.00271348148449035	0.0101634261147509	15939	Ier5
15944	567.8	609.8	-0.100900207309288	2.85129700190369	2.12908631850463	0.157587029260251	0.262566330942671	15944	Irgm1
15957	6.6	5.8	0.126970349359408	1.08882038607279	0.571914344420423	0.45715652655525	0.587406919266565	15957	Ifit1
15958	586.6	736.2	-0.332941992256098	3.42497876459956	18.6748352683952	0.000236470467913263	0.00141295747962724	15958	Ifit2
15959	45.2	56.8	-0.322399972553821	2.49947952665278	6.61924753315865	0.0180887094109387	0.0472706935139591	15959	Ifit3
15975	1895.8	2002.4	-0.0786741986288856	5.55224885651611	4.22080880826827	0.0510582789064809	0.108768808152436	15975	Ifnar1
15976	245.4	277.4	-0.18479484307871	3.93984251286523	9.23596743326641	0.00568399409422456	0.0185748249237897	15976	Ifnar2
15979	329.2	296.8	0.148953952094972	3.81738126382516	6.71745135793117	0.0160500948881864	0.0430884233866727	15979	Ifngr1
15980	1287	1246.6	0.0473249191663755	5.32071639383531	1.1326946927527	0.297869846756308	0.426109537313507	15980	Ifngr2
15982	2562.2	2101.8	0.284751212350184	5.42868019499827	62.4439021939212	4.13045626045663e-08	1.27840716892163e-06	15982	Ifrd1
15983	170.2	165.4	0.0440082212964962	2.83077923905444	0.306954325241871	0.584718597467076	0.698415222526165	15983	Ifrd2
16000	210	217.4	-0.0599660630176966	3.32203120531793	0.576677155586567	0.455066572643741	0.585394190099311	16000	Igf1
16001	3351.4	2475.4	0.441340401772944	6.55822910062486	96.4479034935164	1.30946182222151e-09	8.41198274595095e-08	16001	Igf1r
16002	1158.4	1226.2	-0.0767665628127846	5.73575923921344	0.731977455610386	0.407496798081957	0.540511950029972	16002	Igf2
16004	2200.6	2169.4	0.0210420492842876	5.69235957634529	0.194891344754477	0.662893071212228	0.763401836610752	16004	Igf2r
16007	59	35.8	0.61498729143311	1.84183477719203	6.65511230643889	0.022166260671502	0.0557881127887672	16007	Cyr61
16008	439.6	462.2	-0.0612057393149957	4.8378585485758	0.621449361056541	0.44116825093876	0.572307117130572	16008	Igfbp2
16009	499.8	326.6	0.614914688671961	3.74500756639541	102.514965909023	4.16767554292434e-10	3.67314526203832e-08	16009	Igfbp3
16010	3680.2	2952.2	0.319271190335764	6.2773015488963	46.763952951037	7.04634448024171e-07	1.22266342277808e-05	16010	Igfbp4
16011	2838.8	3326.2	-0.223098968050301	7.30174712281259	11.1374044130037	0.0047911749318674	0.0162572926837617	16011	Igfbp5
16012	1175	1158.6	0.0237067260071946	5.38941435390156	0.232218681105735	0.634280946165228	0.739601768886073	16012	Igfbp6
16019	1156.8	1386.4	-0.272359018912954	5.36507934044956	10.0768402235805	0.00665733543240523	0.0210973747730728	NA	NA
16068	87.4	76	0.207784515555193	2.62395825683849	7.01418589881568	0.0141194196557273	0.0389172562364382	16068	Il18bp
16145	167.6	235.6	-0.513475132504595	2.38012678082491	17.470320349719	0.000399876751027163	0.00218766788771635	16145	Igtp
16149	116.8	181.8	-0.657260833258911	1.83512221091751	20.6141021015912	0.000157354588293213	0.00100815745531476	16149	Cd74
16150	2150	1956.8	0.138064850684578	5.93112828545718	13.1991092853222	0.00133550733637429	0.00575362832785514	16150	Ikbkb
16151	1108.8	1134.2	-0.032227399986263	5.21756480355908	0.6490873515884	0.42840769044426	0.560735738266896	16151	Ikbkg
16154	118	120	-0.0336385958466129	2.72540273671102	0.140585750748219	0.711016570455655	0.801782033486033	16154	Il10ra
16155	286.6	305	-0.0961598284280725	3.04177779169588	2.04572380024967	0.165619693507747	0.272401803591371	16155	Il10rb
16157	456.6	380	0.265356899323797	4.62025181779817	36.716714414474	3.03646316319103e-06	4.00082393443602e-05	16157	Il11ra1
16159	54	41	0.393760521591863	1.44188220773432	7.61730992086803	0.0109466056443327	0.0316634456640354	16159	Il12a
16162	859.8	931.2	-0.128202927559989	2.51630627097967	1.80660872686748	0.191576238472682	0.304458521747119	16162	Il12rb2
16164	430	430.2	-0.0161940971840019	2.43518180665099	0.0307575327623543	0.862264487896425	0.910839661541339	16164	Il13ra1
16169	151.2	168	-0.150132709564571	2.47371102567836	3.35361090647101	0.0795926996087811	0.1536599212967	16169	Il15ra
16170	51.6	40.6	0.341126710125353	1.64249116045208	8.4875931368117	0.00765235874166441	0.0237201786944065	16170	Il16
16172	1525.6	1427.8	0.100515690788324	4.62935786182104	3.41921645553263	0.0768885462903704	0.149374603236695	16172	Il17ra
16173	462.4	474.2	-0.0359506878888038	3.99179686207338	0.3536786620241	0.557644603020489	0.675629999934097	16173	Il18
16177	96	55.2	0.76837866061191	2.43995068145518	65.8448856880737	2.58914623515783e-08	8.76429032388086e-07	16177	Il1r1
16179	973.8	1163.6	-0.2573049089499	5.81795743656029	36.8931458889282	2.93056587856935e-06	3.88966016610113e-05	16179	Irak1
16180	637.2	513.4	0.3083428199345	4.87939195410235	42.109663631508	1.07386483844293e-06	1.71131668962007e-05	16180	Il1rap
16188	7.4	9.8	-0.355345462299466	1.35634634226016	5.41967272047517	0.0287326419225617	0.0688155105797359	16188	Il3ra
16190	511.2	478.4	0.0966971177593156	3.02051711544294	1.24671706751582	0.275315496527371	0.401961595404521	16190	Il4ra
16194	99.8	87.4	0.180057168162063	2.14647209697587	2.41520853403533	0.133346875156661	0.230715314042898	16194	Il6ra
16195	1929.6	1842	0.0700795624726553	6.21960525515881	2.14106027760703	0.157651692911391	0.262599227322843	16195	Il6st
16201	1752.2	1916.4	-0.128774891116405	6.51614041941941	18.0357627247629	0.000285631506930997	0.00165024910691	16201	Ilf3
16202	2324	2138.8	0.11635396059201	6.03712170490465	7.83327638510249	0.00999771210615476	0.0294972302066464	16202	Ilk
16206	652.4	722.2	-0.143095393310902	4.68631488187416	6.60073390685436	0.0168880313091273	0.0448222665815802	16206	Lrig1
16210	14772.6	14061.4	0.071667046917329	7.91699252693777	5.14576512166829	0.0326533459743799	0.0763337316373423	16210	Impact
16211	9636.2	9967.6	-0.0480100474173519	7.37247860566234	2.86489262404238	0.103570836943456	0.188945207267539	16211	Kpnb1
16319	747.8	758.2	-0.0210825397701495	4.51056773537582	0.178631690282361	0.676342145268646	0.774447387127704	16319	Incenp
16322	461.6	446.6	0.0493000357914217	4.93352121702232	0.982900181430339	0.331447028876155	0.462843342352268	16322	Inha
16323	40	34.4	0.189980739323566	2.17844891296238	1.52774877602036	0.232151220047992	0.352989031619364	16323	Inhba
16324	123.8	122.8	0.0178250305696604	2.81769901015375	0.0429999028512128	0.83748772889186	0.892570980194878	16324	Inhbb
16328	882.8	835.2	0.0802551267696521	6.03107188340395	3.73286456936765	0.0653285289165065	0.131548977007409	16328	Cep250
16329	834.8	875.4	-0.0725910110509008	4.40050404251209	2.23377390203184	0.148152213468938	0.250168393653003	16329	Inpp1
16330	4048.2	3911.4	0.0514168854419768	5.71691071945167	2.0195576864772	0.16824229653129	0.275305576142111	16330	Inpp5b
16331	592.8	596.2	-0.00905355254068954	4.35522251434489	0.0278913854199304	0.868773860372515	0.914797577505249	16331	Inpp5d
16332	1033.6	1004.8	0.0393740903995865	5.55582127755907	0.72804423215674	0.402015399451448	0.534910299518662	16332	Inppl1
16337	2652	2513	0.078479622799084	6.05956263909796	5.03495790677067	0.0344063430870341	0.0796475738607487	16337	Insr
16341	3912	4186.2	-0.100040266865681	5.47400827803231	6.92721985205698	0.0146572448600294	0.0400852923403538	16341	Eif3e
16348	572.8	638	-0.153797168361483	4.25947781414218	8.85347701887348	0.00660979376597037	0.0209835183600562	16348	Invs
16351	544.2	548.2	-0.00539216996624578	3.17360188512707	0.00612310822794033	0.938282478057483	0.961702945528496	16351	Ipp
16353	44.6	29	0.43187910572744	2.05323201262445	0.838177622152266	0.379188479635835	0.512734293903614	NA	NA
16362	337.8	423.2	-0.324735452797004	3.07288738594356	21.1919918511119	0.000115680725272757	0.000777763522278202	16362	Irf1
16363	559.8	464.4	0.272763470871872	4.94475413775435	18.7971599513961	0.000295083690657697	0.00169386007337822	16363	Irf2
16367	1077.2	996.2	0.114304675859966	4.33586475772822	5.32769116889879	0.0299874198115521	0.0711954937510142	16367	Irs1
16391	179.8	127.8	0.504723093387767	3.39699521518451	43.8191732230155	7.86652026516457e-07	1.34420680449393e-05	16391	Irf9
16396	3036.4	2559.8	0.245463088400515	6.15258451058694	46.1026752723774	5.25554741724029e-07	9.67917032615762e-06	16396	Itch
16399	57.2	69.2	-0.286347651685684	1.57532160609341	6.35936911005727	0.0187787836972061	0.0486343916071343	16399	Itga2b
16400	435.4	502.4	-0.20835409206344	4.50767077205658	9.46901094603702	0.0055649905785905	0.0182726882832683	16400	Itga3
16401	32	33.8	-0.0670425717280808	2.93949767245496	0.675228565024546	0.419382502637246	0.552478534204035	16401	Itga4
16402	19.8	17.2	0.194689731656762	1.96545817279813	2.54098466485107	0.124107612134439	0.21772683891142	NA	NA
16403	319.2	318.6	0.0138883471059192	4.19160050527951	0.0399507086502274	0.843333616109526	0.897279653091431	16403	Itga6
16404	173.6	135	0.362690003521198	4.00945190775821	35.6157753923848	3.79868763250237e-06	4.81211490273351e-05	16404	Itga7
16409	553.8	653.2	-0.233797858615594	4.60120870392231	11.8917651766441	0.00239258342191443	0.00917061808017798	16409	Itgam
16410	2615.2	2744.8	-0.0675417088770943	6.34320337589771	2.31015460345494	0.142072529960262	0.242512151008413	16410	Itgav
16412	1336.6	1323.2	0.0135232640854381	5.96008671638447	0.177580266993502	0.677238839283816	0.774855956828015	16412	Itgb1
16413	463.6	429.4	0.107567585677164	3.74629670585345	3.44663920336652	0.0757895271051153	0.147640942712441	16413	Itgb1bp1
16414	88.8	82	0.115774966391162	2.50360133983957	2.1126921365521	0.159129024288923	0.264441229902872	16414	Itgb2
16416	227.8	284.4	-0.329479073590202	2.77990370891217	14.7381225308612	0.000798587079799424	0.00381075524972627	16416	Itgb3
16418	1165.8	1223.6	-0.0719687663008291	4.88994732077217	3.20050585986113	0.0863390264913851	0.163810714752185	16418	Eif6
16419	1034.2	874.6	0.245252896700413	5.31165575377808	27.9865865555529	2.0421531730248e-05	0.000189643497490217	16419	Itgb5
16423	5270.8	4791.4	0.139502240734799	5.63669731106154	12.0089354961781	0.0020221057472624	0.00804195247362441	16423	Cd47
16425	26.2	23.6	0.10904053310531	2.2014081811355	0.801644240224701	0.379845088700756	0.513254268681007	16425	Itih2
16426	221.8	246	-0.145565629603738	4.35440106752198	3.53679228120932	0.0749006890249082	0.146417982034896	16426	Itih3
16430	1293.8	1300.4	-0.00802764951978224	4.89700767724443	0.0322462875958904	0.859006744651807	0.908205945958395	16430	Stt3a
16431	1520.4	2136.2	-0.488442351155205	5.51696281202854	64.8716089226757	1.27877860762952e-07	3.14116538790325e-06	16431	Itm2a
16432	23635	24037.6	-0.0240709891018988	9.1517570659215	1.03581394458822	0.319021844642622	0.449867487069703	16432	Itm2b
16434	989.4	963.8	0.0379720556077311	3.65957112377218	0.43914488876449	0.513896117157034	0.637857834039311	16434	Itpa
16438	9988	9440	0.0803916045572211	10.006415984701	1.6505139410137	0.220022148480327	0.338175258840349	16438	Itpr1
16439	113.4	105.4	0.122365176493386	4.11242739786687	1.37591664855853	0.258210623065699	0.382787317517088	16439	Itpr2
16440	218.6	249.4	-0.19885999326601	2.76421387766795	7.8039251894147	0.0101200459311945	0.0297730803764472	16440	Itpr3
16443	7279.2	6413.8	0.184431585318558	7.56852977874238	28.0741970667715	2.00020718251214e-05	0.000186642960723244	16443	Itsn1
16449	182.8	207.8	-0.195853699090111	2.58759780993727	2.5060092657716	0.129038705369806	0.224659774441721	16449	Jag1
16450	990	1109.2	-0.162288813605955	5.46118013156599	17.2388479995438	0.000363114264649203	0.00202642995414655	16450	Jag2
16451	7079	6939.2	0.0280036860723152	7.85016520660116	0.731260373550218	0.400993244198342	0.533995391282421	16451	Jak1
16452	2181.6	1700.6	0.360110040205922	5.90359909824771	49.0554711611099	6.26956630740616e-07	1.1187692766327e-05	16452	Jak2
16453	129.2	121.8	0.0857663781464381	3.05070546742213	1.13688812314013	0.296997611922706	0.425282690977887	16453	Jak3
16456	164.6	163.8	-0.00132384991568906	2.69702209275144	0.000252463330421346	0.987455186711751	0.99168253561281	16456	F11r
16467	11251.6	10251.8	0.134416347211802	8.08098391433951	20.5147675298491	0.000139610075686931	0.000909463458599825	16467	Atcay
16468	1476.8	1544.8	-0.0595399949660322	5.42149397019735	1.225294896436	0.280096835682247	0.407127800866053	16468	Jarid2
16469	278.2	315.8	-0.177566814049341	2.75342169871413	5.65119917569419	0.0258253714724058	0.0631393638806077	16469	Jrk
16475	70.6	81	-0.23710799908919	0.968311493491891	3.29956290208955	0.0819026123163662	0.157213859020021	16475	Ajuba
16476	3486.4	3048.2	0.190580696868772	5.73169539689275	11.3751856448055	0.00302429297622084	0.0110958803237473	16476	Jun
16477	374	202.2	0.872457788766428	5.1222639253221	27.2894293275718	0.000262066408723193	0.00153605347594689	16477	Junb
16478	4324.4	4409.2	-0.0282615982905238	6.3890375475487	0.255202801607902	0.619491995399196	0.728082099862643	16478	Jund
16480	934.4	831	0.168236248899262	5.39891482512639	14.0725437824311	0.000994566851608071	0.00455496491544457	16480	Jup
16485	12868.2	11762.4	0.129088345264573	7.97445390961683	16.2961110881269	0.00048559897205199	0.0025513804224062	16485	Kcna1
16490	7500.6	7348.2	0.0306337504034233	8.51724072273099	0.439598621699219	0.515291074076229	0.638711704373365	16490	Kcna2
16491	40.8	39.8	0.0624216301782025	2.19303244432845	0.327121654232272	0.572716551055505	0.688460165415525	16491	Kcna3
16492	902.4	1069.8	-0.24739172650409	4.44014639113955	19.5592244767574	0.00018300184215904	0.00114259551903532	16492	Kcna4
16493	21	12	0.740972054363965	1.77991238421096	32.1916513802993	7.907799670028e-06	8.75186343266345e-05	16493	Kcna5
16494	11508	12303.4	-0.0955408405635142	7.19830932349174	9.26770471324208	0.00561382421403204	0.0183912545760696	16494	Kcna6
16497	2593.4	2604	-0.00551994050578345	6.58566136584701	0.0229196645597975	0.880940830530044	0.923693780520947	16497	Kcnab1
16498	16116.6	15648.2	0.0433082839031009	8.77543551549251	2.08515802072031	0.161759873577423	0.267860629251618	16498	Kcnab2
16499	1383.4	1542.8	-0.159219951909263	5.97274586901892	7.00390408137189	0.0165358659940397	0.0440895419807876	16499	Kcnab3
16500	19437.8	16843	0.206489887376298	8.90944100694164	28.8287374037224	1.9603237171484e-05	0.000183990383166643	16500	Kcnb1
16502	11520.2	11491.4	0.00375790351934192	7.91866284787163	0.0102787462856843	0.920093964093441	0.949592156873017	16502	Kcnc1
16504	2181.2	2128.8	0.0336533330846386	7.05973807305618	0.429185104776488	0.520417705593875	0.643245896755077	16504	Kcnc3
16506	176.2	200.6	-0.191118034893648	3.14783835764186	6.73852163115262	0.0159037828755082	0.0427671214293202	16506	Kcnd1
16508	3904.6	4270	-0.129480053796325	6.51473856844445	12.1056198655224	0.00195393496384125	0.00781682146896248	16508	Kcnd2
16510	10517.4	10043.6	0.0673347653308467	7.28321934051359	2.59018458827578	0.121315179650986	0.213683841905356	16510	Kcnh1
16511	1048.8	1177.2	-0.166984368851513	5.28367436361801	14.2301888676866	0.000943818038157221	0.0043683489850646	16511	Kcnh2
16512	7583	7628.4	-0.00817710630673488	7.7048841052255	0.044962013976212	0.833890756410978	0.890221521601773	16512	Kcnh3
16513	6416.8	6740	-0.0690998064212978	7.37248424842061	2.22309301207363	0.151357762679796	0.254801432771229	16513	Kcnj10
16514	1568.4	1786	-0.1946071323225	5.6330011214935	4.97098431323261	0.0433902802182732	0.0954876842684107	16514	Kcnj11
16515	862.2	610	0.500023852576509	4.19721900250884	65.0119707571017	2.89800833585361e-08	9.67385969663466e-07	16515	Kcnj12
16517	548.4	583	-0.0897387548387906	4.55091666435623	2.68500172980463	0.114438043397052	0.203855987091568	16517	Kcnj16
16518	910.6	946.8	-0.0441834098131055	4.56648195038315	0.257504917712899	0.618588855632601	0.727272109916513	16518	Kcnj2
16519	2464.8	2878.2	-0.227596799067953	5.96997805357273	18.6946367144511	0.00031162548973938	0.00177401923146633	16519	Kcnj3
16520	3345.2	3640	-0.120731921986166	6.93075662708071	12.4539836517236	0.00172835396877383	0.00710152522077566	16520	Kcnj4
16522	256.4	194	0.403565859254515	5.07233184732869	26.3013172052371	9.67534069367369e-05	0.000671052660203261	16522	Kcnj6
16523	40.6	43.2	-0.0867815691346379	1.78990703171654	0.657477156940924	0.425478574475497	0.558165485157818	16523	Kcnj8
16524	4040.2	4209.4	-0.0594184821464646	7.42051652534655	4.32022225087912	0.0486044849167186	0.104544065332954	16524	Kcnj9
16525	5016.8	3733.4	0.428408480837333	6.69309257639345	167.940329084394	2.79239302140587e-12	7.91397033949029e-10	16525	Kcnk1
16526	2681	3000	-0.163260839960594	5.84114641465178	20.1197429301816	0.000156016848402304	0.00100180698658681	16526	Kcnk2
16527	1321	1337.4	-0.0169672816149888	4.43852236262347	0.0909540836962602	0.765584519176438	0.843105420203903	16527	Kcnk3
16528	227.6	197.4	0.19952834966481	4.35480828248273	10.5003226601018	0.00350395279039032	0.0125954075186028	16528	Kcnk4
16531	214.6	188.2	0.178000479190764	5.66359200780636	5.87521684501489	0.0279506203439244	0.0672345058507879	16531	Kcnma1
16532	138	133.6	0.0497047203440986	2.52833352444287	0.3749424463656	0.546122992503529	0.665938487119114	16532	Kcnu1
16535	143.4	134.6	0.100392753144959	0.461839205737128	0.348782416945613	0.56036438776293	0.678168540574231	16535	Kcnq1
16536	6315.2	5064.2	0.318393759053943	8.01512695835025	91.4021671332405	1.2608903791779e-09	8.17260517517373e-08	16536	Kcnq2
16538	416.6	402.6	0.042463826748157	3.78808506445705	0.280240428978432	0.601798718841526	0.713100400240648	16538	Kcns1
16539	3089.2	3413	-0.143524101023765	5.15738150994807	7.98469199334132	0.00939193788482956	0.0280709408989509	16539	Kcns2
16541	81.8	106	-0.375741233821121	0.904973445460722	8.13714478564055	0.00882256579705593	0.0266892771098046	16541	Napsa
16542	402.6	578.4	-0.514112566865673	3.94038952506193	22.0978782415473	0.00024758533097788	0.00146724000572131	16542	Kdr
16543	33.2	38.2	-0.224725301826083	1.39675693181038	3.33468110188446	0.0803931120079149	0.1549129504016	16543	Mdfic
16548	178.8	202.8	-0.187544526947135	2.74461325236013	3.80709361051233	0.0628911890059796	0.127726464225436	16548	Khk
16549	4671.8	4256.8	0.135500617452352	6.41733453199774	19.4855424321102	0.000186911195734038	0.00116248469154035	16549	Khsrp
16551	54	42.2	0.325754750929087	1.23759959059095	4.78843622083111	0.0386969775620759	0.0872855982650194	16551	Kif11
16553	620.2	663.4	-0.0940352432309238	5.09381525222301	4.572280206317	0.0429569829817119	0.0947794584059936	16553	Kif13a
16554	435.6	443.2	-0.0181475267635109	5.08157758450696	0.0917750326918801	0.764839323218209	0.8426699883982	16554	Kif13b
16558	373.6	475	-0.350308206071567	4.37544597975113	41.2314416804362	1.26415533265114e-06	1.95214756176705e-05	16558	Kif16b
16559	805	660	0.285086745770736	5.63266606965728	62.4777596885156	4.1109180246394e-08	1.27509032463815e-06	16559	Kif17
16560	93836	95283	-0.0217735099262372	10.8358516954847	0.601837496722557	0.445511111891608	0.576492176479973	16560	Kif1a
16561	29278.8	31888.4	-0.122090012397146	10.0896801426212	4.11810585272406	0.0615440079949369	0.12575022498711	16561	Kif1b
16562	1429.4	1394.8	0.037456104276968	6.65512488338225	1.16889070150076	0.290452322675055	0.418438938696825	16562	Kif1c
16563	6021.6	6215.8	-0.0470964842973203	6.55305687685062	2.68671100763948	0.114328698316544	0.203736531311468	16563	Kif2a
16564	7902.6	7671.2	0.042066869958283	8.20169715843402	1.41752371797873	0.245539776324047	0.368609461605168	16564	Kif21a
16565	3500.2	3571.8	-0.0297710961488868	7.66041313687475	0.606129107201788	0.443930200381853	0.57480669321144	16565	Kif21b
16568	7676.6	7778.4	-0.0190686694873237	7.96479524622058	0.387735084016243	0.539407472427257	0.660113081573412	16568	Kif3a
16569	5982.2	5449.2	0.13392502021776	6.895712835292	16.4540007398517	0.000462283180737953	0.00245655922587734	16569	Kif3b
16570	7479.6	7183.4	0.0580941805074316	8.12590340162425	3.96896340035378	0.0579259164884524	0.119865437484439	16570	Kif3c
16571	16.2	19.2	-0.226858350431409	0.73226463378349	2.71501516853633	0.112535683782779	0.201390528365365	16571	Kif4
16572	74640	73407.6	0.0255897712084448	11.6914197559564	0.338124477834264	0.567748909258786	0.684252708615567	16572	Kif5a
16573	1949	1881.4	0.0520930146048818	7.3945746128889	1.99726504688181	0.17051639989141	0.27786291364492	16573	Kif5b
16574	32321.6	34209.4	-0.0813522297801525	10.08667184513	8.8142675624617	0.00671368124969106	0.0212386843473483	16574	Kif5c
16576	320.8	483.4	-0.599674894486051	2.00966337176567	43.2309480339158	8.74764299400933e-07	1.45834408114661e-05	16576	Kif7
16578	119.6	131.6	-0.134475494576211	2.77618502212048	2.48797803941234	0.127906197194611	0.223144981804576	16578	Kif9
16579	26299.8	25990.6	0.0166812653210519	8.59908486812767	0.304269529018647	0.586355312267717	0.700196603066555	16579	Kifap3
16580	29.2	25	0.226168457376799	1.45077157553519	3.37204970741938	0.0788218237651055	0.152495066349998	16580	Kifc5b
16581	7596.6	8302.6	-0.127816260100882	9.15625339746455	17.5662623306638	0.000328813745431999	0.00185578831568688	16581	Kifc2
16582	1029.8	1097.4	-0.0923698031894877	5.79080047257827	7.12344833142858	0.0134743609743172	0.0375257058810752	16582	Kifc3
16588	314.6	289.8	0.115363970130318	3.46550681240784	3.01396981330626	0.0954671446454859	0.176885285053949	16588	Kin
16589	116.4	139.6	-0.256044650274145	4.98783278494721	5.30602467560048	0.0384014202382875	0.0867678799631401	16589	Uhmk1
16590	1763.2	1909	-0.113665729734743	5.38197833267139	7.55841768236567	0.0112103514451807	0.0322584948812744	16590	Kit
16591	324.8	210.4	0.631412994387752	1.63176503512861	34.4239004179658	4.86480970999665e-06	5.88910883989041e-05	16591	Kl
16592	608.6	674.6	-0.146681587277579	3.32186140652293	3.26925807802088	0.08323142278675	0.159193725679461	16592	Fabp5
16593	23703.8	23836.2	-0.00817111485894713	9.66045930630575	0.0733888047204029	0.7887984266099	0.859242780783744	16593	Klc1
16594	6877.2	7207.4	-0.0683515556141214	8.23543960968079	3.28909016547441	0.0825362509320903	0.158136130828796	16594	Klc2
16597	32	33.6	-0.073797147477933	4.13763996100274	0.337198903952173	0.570916701218743	0.686861007248784	16597	Klf12
16598	133.6	73.2	0.848022167954157	2.47071985499387	61.4796172994986	5.21259856716035e-08	1.53116963036501e-06	16598	Klf2
16599	194.6	202.2	-0.050302488135335	3.8503489042874	0.58915056528536	0.450288606713478	0.580957914972473	16599	Klf3
16600	43.4	24.8	0.785908251081519	2.54599101432278	64.3964747054738	3.15186821159166e-08	1.03304088730943e-06	16600	Klf4
16601	12673.6	9061.8	0.482020911051758	7.72899755575804	169.652770907983	2.51035508941602e-12	7.40503519641207e-10	16601	Klf9
16646	9346.4	8851.6	0.0773960115162519	7.15332673359993	6.18731147942102	0.0202696456576823	0.0518544174046264	16646	Kpna1
16647	131.4	123.8	0.0839706361145805	2.05937006176506	0.782942738244193	0.385086158799997	0.518332769836734	16647	Kpna2
16648	4956.2	4964.2	-0.00423844639987742	6.82664423013987	0.0181464439743015	0.893973780926885	0.932825370308778	16648	Kpna3
16649	6166.8	5436.2	0.182420552151241	6.45196386454174	19.1294899400047	0.000207126541481885	0.00126641583357833	16649	Kpna4
16650	7554.2	6788.8	0.153500416220236	7.12741132333549	27.0828330511202	2.53521512960283e-05	0.000225779417641893	16650	Kpna6
16651	228.6	277.8	-0.270925187739283	2.78808252430406	9.27502237290626	0.00559778029689562	0.0183553349390493	16651	Sspn
16653	3248.4	3175.6	0.0313202827833186	7.01483207374565	0.945803083314472	0.340561269787268	0.473087226670367	16653	Kras
16656	903.4	623.4	0.537343100365929	6.55348653423896	26.1612118448746	0.000282560860946761	0.00163627190870372	16656	Hivep3
16658	1708	1517	0.177050109489669	4.28565192034005	8.727923502891	0.00694883279348789	0.0218371067707103	16658	Mafb
16661	88.2	92.6	-0.0713851867540586	2.16598502152046	0.66433477716591	0.423107425621187	0.556075276384309	16661	Krt10
16678	7.8	9.4	-0.268258561990511	0.755025825828391	2.58972033907162	0.120731760530736	0.212818619821969	16678	Krt1
16706	981.8	711.8	0.461590297788694	5.55431491455762	109.655859853217	2.15285742558354e-10	2.30499268365811e-08	16706	Ksr1
16709	3194.4	3281.2	-0.038321834671017	6.74414179694612	1.60310730724578	0.217704408339238	0.335540575616906	16709	Ktn1
16716	26.6	12	1.09866755003157	2.18469165891108	122.903822525189	6.91244394650083e-11	1.03002541033735e-08	16716	Ky
16728	7469	7566.2	-0.0197043441800014	7.95529997828265	0.36485670610055	0.551530312117006	0.670576979419515	16728	L1cam
16763	9.8	6.6	0.464414484744803	0.863842109290331	8.96427122568145	0.00632565639889788	0.0202537204696481	16763	Lad1
16764	4608.8	3217.6	0.517964562601098	6.43378771209034	143.246984683177	1.94918195730971e-11	3.75646346812727e-09	16764	Aff3
16765	2435	2059.6	0.23839706650517	7.09298164787371	2.24084056687134	0.162024503615014	0.268013524290617	16765	Stmn1
16768	72	66.6	0.110808384406846	2.35421309292745	1.42573421862424	0.244215730659946	0.367047329828311	16768	Lag3
16772	142.4	119.8	0.249995005944589	2.35631136101511	4.91890913510184	0.036427157520118	0.0831256922633069	16772	Lama1
16773	199.6	233.4	-0.223311064051983	3.72608950891513	9.21823351806053	0.00572362164374854	0.0186663418859976	16773	Lama2
16774	24.6	38.4	-0.621847876469737	3.42065474248826	49.2106964265409	3.85841515368673e-07	7.5262527167865e-06	16774	Lama3
16775	271	419.2	-0.603956648281645	3.49059525427802	29.5777068824065	3.83994209542503e-05	0.000316433996848765	16775	Lama4
16776	298	366	-0.304280998989727	4.31290126104045	16.0371519181647	0.000686337072746217	0.00338000546830454	16776	Lama5
16777	261.4	226.2	0.210709795800408	4.68247915522722	9.45892955796887	0.00588754256190562	0.0190803901770816	16777	Lamb1
16779	553.8	543.2	0.0276535163401576	4.93606433431285	0.374893849090964	0.546148804919744	0.665938487119114	16779	Lamb2
16780	30.8	30.8	-0.00358552001238569	0.875671224478364	0.000885107444250411	0.976513660462856	0.985271302922163	16780	Lamb3
16782	1642.4	1967	-0.264951344731176	4.35997282304346	8.63431868696366	0.00917140550734213	0.0275053921154186	16782	Lamc2
16783	9843.6	9822.8	0.00337598265258468	8.20800266288487	0.0134256187445821	0.908727532823681	0.942031683241303	16783	Lamp1
16784	1794.6	1794	-0.000995692914157961	5.73005415232167	0.000667532735474543	0.979602824624542	0.986977500845053	16784	Lamp2
16785	693.6	768.4	-0.149106676246569	6.25651504195873	15.8339763726159	0.00056152342662853	0.00285742498109138	16785	Rpsa
16790	114	110	0.0259033661359739	2.51825997373749	0.0790384027227046	0.78103206864745	0.853807103330075	16790	Anpep
16792	558.6	547.2	0.0270863967362001	4.87570557078356	0.380893738406791	0.542979346766166	0.663304891663131	16792	Laptm5
16795	15882.2	14259.2	0.156144926400685	7.77015523085565	20.3839049955797	0.000144827395570787	0.000939428258484234	16795	Large1
16796	8859.6	9636.8	-0.122512296797117	7.14055093637934	13.5876921935109	0.001170232977135	0.00518215301823202	16796	Lasp1
16798	1236.4	1102.4	0.166397673166142	5.35590305480247	21.5686773306259	0.000104331116106083	0.000714016075851006	16798	Lats1
16800	6956	6896	0.0117703876402174	7.48341452492429	0.149945597675899	0.702025000367818	0.795287197689195	16800	Arhgef2
16801	1876.2	1947.4	-0.0534164665744905	6.19401740765539	1.67469908750967	0.208035108258972	0.324023648143878	16801	Arhgef1
16803	4.2	2.2	0.519936255120793	0.780602174072896	14.6489414285185	0.000822213389824973	0.00390416305405064	16803	Lbp
16816	465.2	377.6	0.301368287881644	4.14795614344314	17.5639061746437	0.000363310376237195	0.00202674186728383	16816	Lcat
16818	5.2	6.4	-0.246989576102873	0.408673128347606	2.73516301686574	0.111279369205301	0.199656405473364	16818	Lck
16822	154.6	135.6	0.173708953574425	1.59293221636253	1.69373708530662	0.205554409308827	0.321267672161525	16822	Lcp2
16825	917.6	986.8	-0.106359913428008	6.489507294086	7.25639468651098	0.0127329643990693	0.0357780457667472	16825	Ldb1
16826	2128.8	1890.8	0.168948710147624	6.43196967820804	5.22777676615576	0.0384370281844852	0.0867940642678564	16826	Ldb2
16828	22554.2	21003.8	0.10450256121166	8.09829382924221	11.8281957172207	0.00215661661066011	0.00843619390811398	16828	Ldha
16832	4521.4	4684.4	-0.0524808551765849	8.20130427745024	1.720908903677	0.202881515592626	0.318156604792862	16832	Ldhb
16834	1734	1546.6	0.162258267987847	5.95546118360833	16.53050709277	0.00045142618849466	0.00241014738423229	16834	Cog1
16835	393.8	469.6	-0.253009486023862	4.69832304241276	20.430184581482	0.000142958454702112	0.000929033925477458	16835	Ldlr
16842	54.8	71.8	-0.354296598546966	2.1460701298252	6.6212367355573	0.0178041176287582	0.0467297469050428	16842	Lef1
16847	195.2	262.8	-0.411950315274872	2.00966047984291	15.7157258403332	0.000582965944429962	0.00294931388197083	16847	Lepr
16848	469.8	288.8	0.700816230901194	4.02425294846757	142.266340828625	1.56301108941515e-11	3.11348476156566e-09	16848	Lfng
16852	252	290	-0.196943970305273	3.45257800107743	4.06885863870395	0.0572335948967888	0.118892552549322	16852	Lgals1
16855	40.2	35.8	0.160627751025725	1.50353654731027	1.76174817514854	0.196986736291516	0.311259823911854	16855	Lgals4
16859	77.6	77.4	-0.00217071357758092	2.41028852447126	0.000460716984303147	0.983054029188067	0.989626893570436	16859	Lgals9
16865	767.4	849	-0.144557438439016	5.13187751093336	12.7765831060354	0.00154463010355402	0.0064694533517154	16865	Eif2d
16870	1173	1110.8	0.0811971502582318	5.71945581044719	4.34489380600054	0.0480163095065843	0.103539868358671	16870	Lhx2
16874	983.4	926.4	0.0869706548024661	4.37297096269233	2.60482763291683	0.119707288107799	0.211341045842205	16874	Lhx6
16880	3611.2	3252	0.152644013851997	5.70838293218271	11.93890411701	0.00207310520944931	0.00820275463930475	16880	Lifr
16881	682.8	954.2	-0.484612316747651	3.54627202032172	65.0326211420523	2.88988493537842e-08	9.66907334628697e-07	16881	Lig1
16882	1397.6	1361.6	0.0394419625990483	5.22395245158455	0.772652162934614	0.388177809791202	0.521636487794908	16882	Lig3
16885	4205	3945.4	0.0892153269377469	6.3315268434337	3.53043451892203	0.0738209631690779	0.144698698351756	16885	Limk1
16886	5815.8	5504.4	0.0815449275205795	6.86448016316792	4.82701748905872	0.037987589528599	0.0860480518800141	16886	Limk2
16889	1111.6	869	0.35916329685246	3.9685863847129	44.6124544478714	6.8273228250105e-07	1.1984897061075e-05	16889	Lipa
16890	80.8	78.2	0.0455139411425674	3.12841103851519	0.49643606120742	0.487901451165165	0.614671626875386	16890	Lipe
16891	94.8	79.6	0.243902116225665	2.93706402472389	7.82161120682715	0.0100461357467685	0.0295857469608379	16891	Lipg
16897	825.6	829.4	-0.00692253767263386	5.85879312090343	0.0297269088004977	0.864567654036729	0.912150428572765	16897	Llgl1
16898	1567.6	1687.4	-0.107590366541996	4.84129039202087	7.00603965320546	0.0141688617488103	0.0390136763265492	16898	Rps2
16905	868.2	979	-0.172402352456381	5.53870728457532	11.3715887229816	0.00263885896188542	0.00994059615196558	16905	Lmna
16906	196.6	204.2	-0.0549430780781833	3.09025547573803	0.396328639406734	0.534982658818733	0.656297290611028	16906	Lmnb1
16907	489.8	467.4	0.0686308301514045	4.60565083515201	2.22148029506388	0.149224418530297	0.251649719453613	16907	Lmnb2
16909	335.2	494	-0.5707035707392	3.60222783793025	60.0669645911681	5.78977066867505e-08	1.65059852554298e-06	16909	Lmo2
16911	13608.8	15305.2	-0.169839045991724	8.31749727973946	25.5424909376797	3.70029166051557e-05	0.000307857850118171	16911	Lmo4
16912	24.8	42	-0.764237729760438	-0.0365492746885288	10.1175371090125	0.00404713944718431	0.0142018338357859	16912	Psmb9
16913	43	60	-0.486974155161461	1.05245812164678	10.7277041598039	0.0032194231989334	0.0116977232069842	16913	Psmb8
16918	404	486.6	-0.28039701432505	3.62404718100588	15.7899295509837	0.000569408410334759	0.00288678679865963	16918	Mycl
16922	2071.4	2238	-0.116416492685294	5.19978104331182	6.4710426275793	0.0178763298519901	0.046835842596945	16922	Phyh
16923	506.4	472.6	0.0985444897739041	4.13161947705487	2.94801064588696	0.0989583837290344	0.182023985545872	16923	Sh2b3
16924	1560.4	1506.8	0.0513749687977393	5.36354964143323	1.32201191001585	0.261642983078245	0.386646322197418	16924	Lnx1
16939	68.6	67.4	-0.000883940981750903	0.235121567979744	3.20278414786398e-05	0.995531667233701	0.996596630006368	16939	Lor
16949	11.8	13.6	-0.285884155547103	0.941109736471046	2.22341348659447	0.150293018937231	0.253185931901951	16949	Loxl1
16950	58.2	63.8	-0.142298534051649	2.01028273445588	1.84777524620821	0.186771251516724	0.298462318344138	16950	Loxl3
16952	20.2	21.8	-0.157059104900813	0.786774432967635	1.13636921521025	0.297105359080298	0.425323783398959	16952	Anxa1
16956	171.6	183.6	-0.0849589205450074	3.36501058475499	1.25691151362575	0.273410463428982	0.399803013494176	16956	Lpl
16969	4812.2	4043.6	0.251050711776745	6.89998705749181	31.3744422759257	1.29552032634857e-05	0.000131869371810156	16969	Zbtb7a
16970	54.4	52.2	0.0820597716982484	0.198592794409327	0.199297129546553	0.659320252805496	0.760425215245816	16970	Lrmp
16971	17814.8	15850.6	0.168303104602909	9.43230198302739	23.7522843797559	5.83534050307682e-05	0.000444617878921836	16971	Lrp1
16973	114.4	85.4	0.416411342262925	3.44330857317185	42.4849541954246	1.00223438356965e-06	1.62767368315907e-05	16973	Lrp5
16974	374	355.6	0.0720287358808332	5.36822143104099	2.44119579459495	0.13137308900868	0.227927815212034	16974	Lrp6
16975	2651	2276.4	0.219888419425894	6.85603615758614	11.7849145257634	0.00361104957599767	0.0129257331776796	16975	Lrp8
16976	5088.4	4821.2	0.0780833915105554	7.43313839490338	6.87767864046307	0.0149737148490321	0.0407742509751956	16976	Lrpap1
16977	14.4	12.6	0.236281803680905	0.445786842808204	2.40228843490518	0.134341233546649	0.232102341582987	16977	Lrrc23
16978	4770.6	4706.4	0.0209835454043284	6.41408173053946	0.459431487067384	0.504420031739584	0.629361787072158	16978	Lrrfip1
16979	1613.8	1386.6	0.216429392850408	5.92370812154002	29.7626074976735	1.35030308821237e-05	0.000136484481377773	16979	Lrrn1
16980	2969.4	2330.2	0.349249514789167	6.85993469763324	94.0509764772775	9.59289376121968e-10	6.89829285694872e-08	16980	Lrrn2
16981	4240	4028.4	0.0733329138921342	5.93818466945816	2.02222467334598	0.169635442581839	0.276770593416627	16981	Lrrn3
16985	46.8	64.4	-0.467983668659155	2.76598661871767	17.0413946655561	0.000473488129745122	0.00250138794858772	16985	Lsp1
16987	395.8	483.2	-0.278445646245432	4.38554626130114	26.2804850376812	3.08240328749837e-05	0.000266306378466834	16987	Lss
16988	34	52.8	-0.648120333386682	0.606998539926578	18.6416207275246	0.000238784902556212	0.0014220836347538	16988	Lst1
16993	1522	1634.6	-0.102402289081487	5.32478573332389	7.8385675099254	0.00997583273430275	0.0294753013181658	16993	Lta4h
16997	12.8	18.2	-0.559316399336961	0.110800662977879	4.7501597438188	0.040487971581478	0.0905622316989605	16997	Ltbp2
16998	718.6	802.6	-0.160647307667937	5.22371772350085	11.4951529696608	0.00243080999146915	0.00928758329809547	16998	Ltbp3
17000	62.8	63.8	-0.0338446933331034	2.52448661788165	0.167826526027092	0.685710890835286	0.782200711556565	17000	Ltbr
17001	21.8	23.6	-0.0961332694593943	0.828990324791886	0.447782659098876	0.509823090492849	0.634302703137124	17001	Ltc4s
17005	2828	3318	-0.234099962944755	5.64465379838769	24.6526003069677	4.63024421843598e-05	0.000367319154408747	17005	Ltk
17022	91.2	95.8	-0.0827711117914215	0.910767912909185	0.349190842757386	0.560136525034244	0.678018033066323	17022	Lum
17025	334.6	372.6	-0.160522143732322	3.95803082696771	9.35703461516835	0.00542136854650293	0.0178946017289686	17025	Alad
17035	210.4	254.2	-0.269562597643563	4.41989121743968	14.3921167865834	0.00104219725578296	0.00471631782563774	17035	Lxn
170439	1431.6	1338	0.0999262472049617	5.86454407945498	3.94797691101083	0.0596071396002386	0.122502715168754	170439	Elovl6
170441	180.6	299	-0.748298856666639	0.141342041243015	14.9463708867665	0.000746247188212442	0.00360744376535874	170441	Slc2a10
170459	497.6	586.6	-0.236903969911636	4.17192988758954	17.0566098392526	0.000383878285805275	0.00211446093970451	170459	Stard4
170460	80.8	69	0.213594026921726	2.22119559177146	6.13398699949416	0.0207579801555045	0.0528697524524516	170460	Stard5
170472	881	853.8	0.0462005358731463	4.90077649674409	0.737662702681653	0.398970044405161	0.532180972852732	170472	Recql5
170571	1127.8	1137.8	-0.0109609518280145	5.05455818006019	0.0373610923025695	0.848435256673247	0.900692863666913	170571	Cntnap4
17060	351.4	222.6	0.654693582409795	4.05563047637665	104.106664803178	3.58554064593199e-10	3.34357448363232e-08	17060	Blnk
170625	622.8	700.6	-0.173280227938063	4.28880350309735	12.4082922043075	0.00175625047717708	0.00719117405017494	170625	Snx18
170638	71962.4	62709.4	0.198901873796733	10.4005603282327	44.6395288266218	6.79459138423122e-07	1.19621222737732e-05	170638	Hpcal4
170639	33	58.8	-0.829065022465252	2.28056659630851	18.733929958428	0.000631426684186099	0.00314820327465535	170639	Olfr78
17064	517.2	729.6	-0.496800464779869	3.1284667931036	21.2063717419347	0.000171139282119372	0.00108255894256167	17064	Cd93
170643	319.8	288.6	0.158310611671152	3.18593127272832	4.07543342710973	0.0549025025788012	0.115197637795695	170643	Kirrel
170644	3163.8	2793.8	0.178922739684772	6.4421339407884	27.3264040341689	2.39071915909915e-05	0.000215701964579396	170644	Ubn1
170658	1579.6	1532.4	0.0434186997542412	5.53634001183686	0.3372049007127	0.569776057233513	0.685780925243834	NA	NA
17067	1432	891.4	0.688195766861332	4.67890708796278	194.629764372844	5.86736162954291e-13	2.135541146484e-10	17067	Ly6c1
170676	947.8	753.2	0.336217788665392	4.42161491301388	30.5529841203348	1.12844340985569e-05	0.000117028376965948	170676	Peg10
170677	74.8	73.4	0.0239159142965238	2.52658119092238	0.00545918559400709	0.942393414555529	0.963782979994745	170677	Cdhr1
17069	9491.8	9285.8	0.0311020958121689	7.46755524718645	0.716097882797632	0.405846780738154	0.538966314662741	17069	Ly6e
170707	3590.6	3947.2	-0.135603919647704	6.86292497000551	18.4536964206872	0.000252352626583999	0.00149150688518209	170707	Usp48
170711	2239.6	2110.8	0.0838848185042515	5.89032789460271	6.15220054037159	0.0205897323490252	0.0525245307752931	170711	Otud7a
170716	263.2	302.2	-0.218758855413927	2.92007219019687	6.35765087895577	0.0187930575271624	0.0486539232487202	170716	Cyp4f13
170718	6816.8	6654.8	0.0342839443561784	7.77562299929989	1.25986879790642	0.272861075777467	0.399183602154606	170718	Idh3b
170719	27838.2	27620.2	0.00945859225825725	8.79625399772904	0.0803828453922053	0.779228482087634	0.85268232520599	170719	Oxr1
170721	56.8	67.6	-0.25614310111024	2.60775387878034	4.61349375088235	0.0434744828125095	0.0956002091239939	170721	Papln
170722	50.8	76.6	-0.607036345042582	1.46579783382771	26.6688423029784	2.80304417458173e-05	0.000245695576103119	170722	Nxf7
170728	498.8	514.2	-0.0479631780691415	3.18573684304872	0.581172840127235	0.453335092326338	0.583846157398636	170728	Rtn4ip1
170729	2434.6	2466.4	-0.0184620046425907	6.92768404063359	0.0976710102372267	0.758585650197373	0.837909824966216	170729	Scrt1
170731	7220	7297.4	-0.0160059950446262	7.69775079477221	0.31557262078355	0.579527568471022	0.694128176244632	170731	Mfn2
170732	412	479.6	-0.153317268367087	1.04414317820787	0.712142902722154	0.407723869490313	0.540763517123599	170732	Trhr2
170735	129.2	183	-0.545826643160596	1.6445106984341	13.8309029229808	0.00112369355636745	0.00501292180979481	170735	Arr3
170736	352.6	291	0.278707593622613	4.55745108748388	27.1368750688776	2.50235540304785e-05	0.000223956934957608	170736	Parvb
170737	6927.8	5614.4	0.302667809782833	7.40704041817553	91.5345902803913	1.24358772196395e-09	8.17260517517373e-08	170737	Znrf1
170738	44.4	57.2	-0.35849776778594	2.11905275701038	7.41414583805362	0.0123553905345532	0.0349220483449654	170738	Kcnh7
170740	737.2	688.6	0.0975827260079775	3.87030436295163	3.61843834757741	0.0692993833742643	0.137684300658641	170740	Zfp287
170742	26.4	19.4	0.461200728082627	0.984039983547768	13.8511130429768	0.00107094106596345	0.00482825395116524	170742	Sertad3
170743	147.2	85	0.770602957113676	2.25724642735887	89.0856980648134	1.6098863002801e-09	9.84277087064706e-08	170743	Tlr7
170749	6693.4	6249.6	0.100576622655759	6.92906313929836	9.26799427945849	0.0056131883846307	0.0183912545760696	170749	Mtmr4
170750	592.6	577.8	0.0359831544318795	5.24744194813185	0.685807046933025	0.41581350782183	0.548573242246872	170750	Xpnpep1
170752	91.6	83	0.155785666365641	1.8503756339047	2.30915926219133	0.141774717991855	0.242166364199275	170752	Bco2
170753	1316.4	1333.8	-0.0213133312988117	6.34189859133492	0.343062682538329	0.563574638739124	0.680697570680646	170753	Zfp704
170755	1192.4	1144	0.0620545581338498	4.17650375910945	1.38119605405941	0.251509838097022	0.375162352926146	170755	Sgk3
170756	213	236.8	-0.175909566406266	2.42730104442403	2.58859525749388	0.120849285923776	0.212992998261464	170756	Slc8b1
170757	904	659.2	0.466036902364764	4.32955620727724	22.557331734463	0.000235328685982873	0.00140788113708462	170757	Adgrl4
170758	316.8	368.2	-0.217679679795687	4.03338461334797	13.8792202945528	0.00106090144197041	0.00479195920070009	170758	Rac3
170759	1940.6	1926.4	0.0114099108985705	6.02171465679767	0.0828982117980332	0.77589747518967	0.85028929059018	170759	Atp13a1
17076	14.2	11	0.344545709944502	0.492877187347294	3.69350143233589	0.0666645302249699	0.133360977858514	17076	Ly75
170760	1877.8	1792.6	0.0666231908662849	5.30264439335065	2.83458396244669	0.105314567986141	0.191570194521983	170760	Acbd3
170762	569.2	546.8	0.0550940156702671	4.3942791590646	1.44631239695417	0.240937147225951	0.363366603297569	170762	Nup155
170763	311.6	279.6	0.170616580408786	2.1490085805145	3.38280822132998	0.0783759951863092	0.151754405147075	170763	Zfp87
170767	1354.8	1318	0.0410974919711875	4.30094464991905	0.631755634100391	0.434559302267304	0.566581287657551	170767	Rfxap
170768	1426.8	906	0.657700049698432	5.3946133457466	50.8794232895988	6.44491492641818e-06	7.41678346707392e-05	170768	Pfkfb3
170770	208	276.8	-0.408199108008835	2.32955382947969	16.0854636020664	0.000518721333803848	0.0026833480497239	170770	Bbc3
170771	152.2	176.8	-0.223111852523006	2.35358085911978	6.47738443462406	0.0178265410509005	0.0467716145125641	170771	Khdrbs2
170772	3050.6	3046.8	0.0020974840546084	6.17067965268007	0.00342432734467655	0.953824295146546	0.97102242302072	170772	Glcci1
170787	347	363.8	-0.0710502213493848	4.25043196342109	1.68181603682856	0.207103417690696	0.322816003375534	170787	Hdac10
170789	329.6	308.6	0.0915269916637234	3.47201959385216	2.403993227304	0.134209527581246	0.232013456722801	170789	Acot8
17079	170.8	451	-1.49241140214738	1.08290861276721	81.7113525713683	3.63013780770053e-09	1.8475356293135e-07	17079	Cd180
170790	3755	3690.4	0.0276581642101186	6.92188915421864	0.560806097913351	0.461265918130366	0.590662577198946	170790	Mlc1
170791	10254.2	9648	0.0883677929006362	7.42488105671654	7.83127949116782	0.0100059832051092	0.0295095860531826	170791	Rbm39
170799	155.8	175.6	-0.19402112660747	1.6311300911937	2.87848582100811	0.102799707306194	0.18794410705305	170799	Rtkn2
170822	6611.4	6133.2	0.107531769820384	7.5421780132438	14.4717234987704	0.000871455945520793	0.00408829089145003	170822	Usp33
170823	536.6	623.8	-0.219551601601486	3.29825337480441	12.3094258510353	0.00181831011304128	0.00738461769426769	170823	Glmn
170826	62.6	60	0.0676874337242679	3.21256193108816	0.564287348257184	0.460142362698833	0.590097569610279	170826	Ppargc1b
17083	410.8	506.4	-0.308230720393242	2.84340007396222	14.1931713210401	0.000955475783482389	0.00440384150971124	17083	Tmed1
170833	455.4	569.4	-0.323444762664128	4.27903420143354	41.8418285359113	1.12837539507282e-06	1.78246316506913e-05	170833	Hook2
170835	1521.8	1429.6	0.0892627000846893	6.34763183017616	5.11980572038962	0.0330548932986845	0.0770487846126919	170835	Inpp5j
17084	201	238	-0.249931891277783	3.12408474408981	11.8309350819777	0.00215450641406148	0.00843478757010958	17084	Ly86
17089	247.8	231	0.103863481673664	3.10414740714347	2.12192556157312	0.158258331904235	0.263290277318579	17089	Lyar
170930	34.8	35.6	-0.0347764173332523	1.59823711829983	0.0750746582180482	0.786448161750759	0.857522761764142	170930	Sumo2
170935	103	97.6	0.0907296014577475	2.17628706627829	0.66413099450992	0.42317759175088	0.556105910643442	170935	Grid2ip
170936	0	0	-0.168937652011384	1.71746593391276	1.19131230577592	0.286350818557489	0.413850088134182	170936	Zfp369
170938	118.2	108.2	0.121178537562934	2.71689621323956	2.0124191898141	0.168966484750591	0.276053076815309	170938	Zfp617
170942	0	0	0.0833639705974458	3.2913208154753	0.0365100425314681	0.851885911958487	0.902525762035328	170942	Erdr1
17095	10.6	15.4	-0.492105628129917	1.03153699390235	13.0373206086862	0.00141168846140439	0.00600486904683317	17095	Lyl1
170952	0	0	-0.0302871069275371	0.51900214721438	0.0286842636536056	0.866939962989158	0.913919497122405	170952	Prima1
17096	164	163.8	0.00789523905933017	2.76118178784559	0.0103042603112308	0.919995207595075	0.949592156873017	17096	Lyn
17101	1169.6	829.6	0.49540284270598	5.71239939960513	111.093377763657	1.97688004645499e-10	2.19744891929634e-08	17101	Lyst
17105	144.8	179.4	-0.298730678859839	2.56921356197509	9.5682871610495	0.00499439905458624	0.0167881497523231	17105	Lyz2
171095	9.6	9.6	-0.0303794034991818	1.58924360912439	0.0540529125482716	0.818140933810303	0.879670390336541	171095	Il17rc
17112	152.4	170.2	-0.164549053733726	2.61533976951939	3.67080243275208	0.0674490730847605	0.134618738244563	17112	Tm4sf1
17113	4102.2	4093.6	0.00176490094467782	6.43429644598127	0.0029036532717742	0.95747566571269	0.973505435580417	NA	NA
171167	115	129.2	-0.161017264210635	2.9094513268238	3.95280651240474	0.0584010013851207	0.120555280494221	171167	Fut10
17117	369	367.4	0.0052237466391091	3.2770283383844	0.00795136061452495	0.929691876231923	0.956349934015734	17117	Amacr
171171	417.8	452.2	-0.115783647746566	4.34588035568458	3.17672800711811	0.087583928151452	0.165685447884301	171171	Ntng2
17118	20725.4	20149.6	0.0415832453059871	7.07246194779601	0.556942305368857	0.465598254328173	0.594714906506499	17118	Marcks
171180	3277	3023.4	0.117661156014257	5.22679093660557	9.20227886287877	0.00575953239428224	0.0187496128889539	171180	Syt12
17119	1622.6	1387	0.22227639541066	4.9724206029636	21.7606850016011	9.90165564139075e-05	0.000684358319472681	17119	Mxd1
17120	274.8	304	-0.146699413569219	3.88346186492068	6.89315070224244	0.0148740757271303	0.040556478128644	17120	Mad1l1
171207	188.6	145.8	0.377180755732606	2.6509576273768	17.5817731939988	0.000327278741577418	0.00185146259520939	171207	Arhgap4
171210	359.6	270.4	0.433027406305072	1.72064839795263	15.4738979755444	0.000629647034506966	0.00314258226407586	171210	Acot2
171212	338.2	336.8	0.00196724438201106	3.43939364947599	0.00103503855138403	0.976245318366079	0.985174183597242	171212	Galnt10
17122	907.2	701.6	0.368287265225378	5.06160743582222	65.7079807604569	2.63735994588962e-08	8.90663566773098e-07	17122	Mxd4
17125	661.2	640.2	0.043869320818143	4.62767887070732	0.841973154999456	0.368029484921512	0.501602845361201	17125	Smad1
17126	1399.4	1520.8	-0.120176870871392	5.29178359121778	8.10738282653276	0.00893066548971827	0.0269654980130328	17126	Smad2
17127	3401.4	2812.6	0.276395449166526	6.58893928870543	19.8666014118637	0.000399584502479775	0.00218689678108393	17127	Smad3
17128	627	598	0.0713585208152658	5.15133237649712	2.34508659279696	0.138850571374682	0.238241471824507	17128	Smad4
171281	283	256.4	0.170631079040576	1.56136216946058	2.71497049974444	0.112538487450329	0.201390528365365	171281	Acot3
171282	400.6	381.8	0.0678869797029702	0.960174811447891	0.269254055466091	0.648809990495199	0.751152548293762	171282	Acot4
171285	37.8	33.6	0.154412480991794	1.47005277074282	1.86260031900635	0.185077135188851	0.296377676935481	171285	Havcr2
17129	1425.8	1257.2	0.184248373060999	4.84894377845877	16.126769825352	0.000512037278319969	0.00266014697423635	17129	Smad5
17130	73.6	60.8	0.359048605544945	0.44170435674878	4.03301157722321	0.0560852115739865	0.117112922289859	17130	Smad6
17131	539	444.8	0.276295775411885	4.30456796640705	24.218261022147	5.17391846427064e-05	0.000401200737567424	17131	Smad7
17132	435.4	414.4	0.0785589609115645	3.94207027048612	1.48258769926488	0.235293159123865	0.35683942482944	17132	Maf
17133	7	2.6	1.31293978358091	0.0426809014764598	42.3412206791727	1.02903659567362e-06	1.6569220533581e-05	17133	Maff
17134	579	466.8	0.316522293866486	5.2597791016272	36.5481485357356	3.43640387595191e-06	4.42295473045493e-05	17134	Mafg
17135	86.8	66.8	0.376656102952752	3.1829191382757	30.0358923338143	1.26865283411594e-05	0.000129682518135161	17135	Mafk
17136	393.6	450.4	-0.193785168001495	6.56590472505236	4.34362083603264	0.0588926330490942	0.121344849335938	17136	Mag
171429	240.8	207.8	0.195368741365661	3.01137812052965	4.04492776445411	0.0563147133535614	0.117473353559298	NA	NA
171463	442.2	491.2	-0.150977184328448	2.88501183757325	3.75735106416569	0.0645128255403246	0.13019664623846	171463	Il17rd
171469	6279	6750.8	-0.103254162891449	7.08381725145881	7.38621366587634	0.0120522131194345	0.0342319595192015	171469	Gpr37l1
171486	5338.4	5173.8	0.0451838264171403	6.60322988278596	1.50652753912122	0.231660284379945	0.352427928684109	171486	Cd99l2
17149	309.2	303	0.027420283625841	3.94828416787833	0.19028550607073	0.666606620220555	0.766507935349156	17149	Magoh
17150	60.4	63.6	-0.0756899763048378	2.0708119487868	0.535485400237109	0.471447271841588	0.600061541669453	17150	Mfap2
171504	13	18.8	-0.534551752043319	0.55214125002571	10.9150394326877	0.00300395926460101	0.0110509613668982	171504	Apobr
171508	1303.2	1129.4	0.207668477641629	6.24326162136936	41.8229362263481	1.13233218136292e-06	1.78676084600651e-05	171508	Creld1
17151	1879	1877.6	-0.000744591033384988	5.45994857033618	0.000361622356322321	0.984986413455295	0.990486921548475	17151	Ccndbp1
17152	214.4	224.4	-0.0661117013731824	2.49831776709198	0.493137489671243	0.489335840738319	0.615743253885405	17152	Mak
17153	1884.8	1617.4	0.223145218421538	6.85185915159603	5.84715072864505	0.0323053773694973	0.075654880832585	17153	Mal
171531	208	141.2	0.56642019493216	1.29965188135502	13.6695241477797	0.00114744275899472	0.00509684623187147	171531	Mlph
171543	99	97.8	0.013277664257463	1.94014269449194	0.0113917430162322	0.915895194894278	0.946934737215881	171543	Bmf
17155	849	810.8	0.0632801742616172	5.08827352083801	0.770155597881085	0.392083155602649	0.525272956815339	17155	Man1a
17156	5591.8	5315.8	0.0729343176586639	7.40449195091925	5.01982409750178	0.0346538279308101	0.08005217019529	17156	Man1a2
171567	11171.4	12419.4	-0.151673350140056	5.47882964959726	8.83333660342598	0.00677041140794449	0.0213760433574551	171567	Nme7
17158	1618.8	1782.4	-0.139929492665715	5.16140455646846	9.11425306265055	0.0059621579228174	0.0192962450999558	17158	Man2a1
171580	111.2	147.4	-0.403850709069811	3.43807066214989	36.4796899767528	3.18531702846306e-06	4.16656763162037e-05	171580	Mical1
17159	1640.2	1687.6	-0.0408935455993639	5.6811493768793	1.05961423512231	0.313641173184208	0.443969201567383	17159	Man2b1
17160	437.8	549.4	-0.327709057258189	4.73777501798357	40.3156350938507	1.50225176357641e-06	2.24545470431577e-05	17160	Man2b2
17161	963	1245.4	-0.372507562805088	4.95636184192038	58.1810375238443	7.62212637504174e-08	2.05158686452241e-06	17161	Maoa
17164	1202.8	1142.8	0.072361495449214	4.98919345207083	2.03673091698655	0.16651542908713	0.273501592275611	17164	Mapkapk2
17165	839	802.4	0.0656368579719898	5.18332130681448	2.79085966962247	0.107890707822365	0.195126663021078	17165	Mapkapk5
17168	890.8	1040.2	-0.223499229034806	4.78108585264103	26.892923448128	2.65445672871193e-05	0.000234807328988998	17168	Nprl3
17169	3524.2	3313	0.0890775885149846	6.43130941208242	9.16404040467543	0.00584660970942009	0.0189647434335633	17169	Mark3
17171	879	937.4	-0.0930585845227203	4.44381511807515	1.55978953096912	0.226045080463907	0.345339350282772	17171	Mas1
17172	38.4	39	-0.0341622316429763	1.66517372096193	0.0717712348003137	0.791080967585741	0.860756120557385	17172	Ascl1
17174	177.4	163.2	0.118349157021337	3.29172763560788	3.71213237439097	0.066028350201981	0.132570325575696	17174	Masp1
17175	10.6	6.8	0.611744899286287	0.22208015762347	15.497816559946	0.000624853278228354	0.00312081177730222	17175	Masp2
17179	2914.2	2973.8	-0.02856726642932	7.614773641014	0.82344586291728	0.373262343381187	0.506585343777623	17179	Matk
17181	1926.2	1162.4	0.732319440373815	5.47133541697617	228.444590773053	1.12306407942762e-13	6.24337238617187e-11	17181	Matn2
17183	251.2	230.2	0.135303702711968	2.55581531148014	2.55966717902273	0.122800544601294	0.215774253356784	17183	Matn4
17184	29046.6	28968	0.0034933021244266	8.93464444809909	0.0123463210749098	0.912456753572496	0.944745695998342	17184	Matr3
17187	1100	1042.4	0.0756859767050125	5.80243496999378	5.03491471584919	0.0344070465744095	0.0796475738607487	17187	Max
17188	4025.2	3741.8	0.105294565473385	7.2669803909102	10.5131911235284	0.00348713571721264	0.012556816057945	17188	Maz
17190	861.2	786.8	0.130527120533248	5.04273246060355	12.4200745573673	0.00174901013421146	0.00716761907567123	17190	Mbd1
17191	1202.2	1223.4	-0.0277923848564459	5.17197840454783	0.585393344169769	0.451719265716366	0.582329475950136	17191	Mbd2
17192	1914.2	1869.4	0.0345784101794014	6.18431827011057	0.704342144977973	0.409671210703152	0.542599439155444	17192	Mbd3
17193	346.6	312.4	0.150948023449243	3.1505710114806	3.82607619938114	0.0622845972112942	0.126958337059942	17193	Mbd4
17196	5421.8	5410.6	0.001876456139825	10.2838121065408	0.00057016243649346	0.981339259327984	0.988451404482695	17196	Mbp
17202	49.2	15.6	1.59105760291815	1.72804503004958	119.227266944479	2.14852673909184e-10	2.30499268365811e-08	17202	Mc4r
17207	6069.2	4749	0.355267798987927	7.81588663136214	102.955229533983	3.99703741621379e-10	3.56624560579964e-08	17207	Mcf2l
17210	2368.6	1996.6	0.248113921273079	5.62970915542601	33.5794062915474	5.81540303998588e-06	6.82271392369772e-05	17210	Mcl1
17215	24.4	27.8	-0.173661408860588	1.18539214451549	1.61468589581129	0.216103077951418	0.33360609726688	17215	Mcm3
17216	30.8	35.4	-0.199495169197874	2.20562938961707	4.30485956776414	0.0489748364852658	0.105230011380709	17216	Mcm2
17217	245.8	226.8	0.111707996659325	3.32737609685298	3.41927807245853	0.0768860565050117	0.149374603236695	17217	Mcm4
17218	86.4	94	-0.136250979217324	2.84634493094532	2.19572019799825	0.151501364912969	0.254954095756439	17218	Mcm5
17219	231	281.8	-0.294940596670056	3.01402972834288	19.7389599309323	0.000173833543942913	0.00109672197474939	17219	Mcm6
17220	204.4	182.2	0.162499871695164	3.68921305645456	7.31568575596066	0.0124169281614505	0.0350467251797708	17220	Mcm7
17221	47.4	62.4	-0.395059438323198	1.0318676907151	9.93585966899593	0.00433667459768784	0.0150236914498959	17221	Cd46
17222	1025.2	1056.8	-0.04348546919428	6.16149676556008	1.24340409833002	0.275938343132369	0.402463452233628	17222	Anapc1
17237	10122.8	10256.6	-0.0201288676486016	7.73726768215413	0.409751164309238	0.52820461093038	0.650201792402292	17237	Mgrn1
17242	98.4	100	-0.0244828101439231	2.7985065665306	0.10325697631311	0.750757756015357	0.831911423293926	17242	Mdk
17245	87.6	77.4	0.182441961396041	2.84476700815107	5.81608517529449	0.0239546195976733	0.0594199539496773	17245	Mdm1
17246	1700.2	1350.8	0.333994101649157	5.42604214174564	77.6389139650284	5.83201816942524e-09	2.74579774009356e-07	17246	Mdm2
17248	41.4	42.8	-0.0582737527133714	4.00924410918886	0.70006378212687	0.41107666242641	0.543813113555861	17248	Mdm4
17250	626.4	697.6	-0.151623438735346	4.9893121363968	10.0904261135851	0.00408896822315935	0.0143208012351697	17250	Abcc1
17252	1295.4	1414.8	-0.130500362990509	4.32664077902165	7.78700353025046	0.0101913226482611	0.0299279515558648	17252	Rdh11
17254	4624.4	4651.8	-0.00941976698021809	6.80632757648236	0.0797525085016019	0.78007203670542	0.853273892730448	17254	Slc3a2
17256	1032.6	1076.8	-0.0615765035014531	5.85769544449594	2.41722997287936	0.133192090229387	0.230475095435839	17256	Mea1
17257	2863.4	2636.2	0.1183822812369	7.18171853322012	12.8176299525399	0.00152282525667326	0.00639480425913867	17257	Mecp2
17258	1410.6	1481.8	-0.0737955965318155	6.11187664500603	3.07209378824388	0.0925083427919476	0.172733109432632	17258	Mef2a
17260	35104.8	42721.8	-0.282956184741503	9.5133342866622	72.0396710645805	1.15620932701472e-08	4.65511131272166e-07	17260	Mef2c
17261	1725.2	1472.8	0.224528504676124	7.17053163432888	24.1739391737817	7.51384682129056e-05	0.000542483226548121	17261	Mef2d
17263	193011.4	208393	-0.110477787538872	12.5363485863376	10.2178929276719	0.00389633226765107	0.0137695810749703	NA	NA
17268	4.8	4.6	0.0821825181680108	0.706594342437553	0.256167130193657	0.617417348589871	0.726483034212213	17268	Meis1
17274	454.4	433.6	0.0648772726334672	4.54670527395042	0.808838961090849	0.379124231144747	0.512719461030585	17274	Rab8a
17279	33.4	37.4	-0.205814546628472	0.953563993348559	1.41907776526359	0.245363306584707	0.368427304526839	17279	Melk
17281	1244.8	1189.8	0.066656596656031	6.01820512347722	2.12205203794907	0.158459247463922	0.263503217078179	17281	Fyco1
17283	1432.4	1390.4	0.0433656715272603	6.06486623441511	1.70845249018086	0.203662098399432	0.319138331555224	17283	Men1
17289	2025.8	1178.6	0.782227119129455	5.44288942741145	254.808371133594	3.19510519786236e-14	3.10260715132166e-11	17289	Mertk
17293	199.6	163.8	0.203295384136631	0.60902675857545	0.324286003707175	0.578229324222281	0.69304682635352	17293	Mesp2
17294	1398.8	1459.2	-0.0588619574397436	5.10190215385393	1.32450522613453	0.26120553600942	0.386273968244876	17294	Mest
17295	75	73.4	0.0265269633416704	3.20405599179811	0.0379025823570976	0.848241455083338	0.900645118032364	17295	Met
17299	126	127.4	-0.0186033868068995	2.61890541978725	0.0631069133258195	0.861504852065356	0.910114832024021	17299	Mettl1
17300	89.6	87	0.0477240414529176	2.22713766608654	0.280141504345695	0.601506023968705	0.712870455103612	17300	Foxc1
17304	5793	5980.4	-0.0437103568520824	7.16438291602307	0.831948946457682	0.372573799397456	0.505983434791959	17304	Mfge8
17305	36.8	37.4	-0.0155593266788132	1.55580618865913	0.0172702509193734	0.896549469156776	0.934966378999174	17305	Mfng
17306	68	65.6	0.0693441362050111	1.6999949006024	0.333970026195736	0.568753249274482	0.685063288751114	17306	Sypl2
17308	2167	2154.4	0.00902979936942799	5.81356285280106	0.0387440617730563	0.845629795128981	0.898598225172349	17308	Mgat1
17309	8340.2	8486.2	-0.0247788323497782	7.69614999276496	0.844019902289786	0.367457921247472	0.501012809519003	17309	Mgat3
17311	2622.4	2074.2	0.34088769843021	5.87293538442279	20.1461889365114	0.000479034346621192	0.00252239069073323	17311	Kitl
17313	38.6	28.4	0.41453624837009	3.78375134503583	25.6431202918282	4.6009017980576e-05	0.000365289066447936	17313	Mgp
17318	8	7.4	0.111352709641837	2.29889745374888	0.511351556525285	0.483972154634271	0.611480203066761	17318	Mid1
17319	658.2	638	0.0456936489638973	5.44359768353374	0.598827374490594	0.448028742431798	0.578765523559675	17319	Mif
17330	5068.4	4932.4	0.039564783459865	5.92419963388298	1.27622875936769	0.269847808305711	0.396138555885714	17330	Minpp1
17342	266	265.2	0.00468368622649229	3.01774863876803	0.00416893549670181	0.94905725291891	0.967941965402902	17342	Mitf
17344	2951.2	2521.8	0.226390971922841	6.28330379465969	38.8485424406545	1.991283739519e-06	2.85252875827627e-05	17344	Pias2
17345	5.6	5.6	0.0197674063258794	1.15235830725362	0.013643688230461	0.908001022587065	0.941631690481762	17345	Mki67
17346	689.2	718.4	-0.0609453051364182	4.97771376483007	1.50424543475357	0.23200351220268	0.352809583348856	17346	Mknk1
17347	647.4	553.2	0.226475363972675	5.30463643953961	17.1646295538088	0.000418986112316336	0.0022707256345783	17347	Mknk2
17350	236.6	277	-0.234982317940597	3.67849035043928	15.5569212105327	0.000613177163529494	0.00307418061798658	17350	Mlh1
17354	834.2	895.6	-0.0984461653311959	5.22992103503163	5.76122682954778	0.0245597548071693	0.0606607477756024	17354	Mllt10
17355	631	434.8	0.530237541050462	4.70695720015971	87.4514067055256	1.91865598633357e-09	1.14124500520434e-07	17355	Aff1
17356	3364.6	3111	0.113322093129561	7.0319494769862	13.8355514804213	0.00107654401686983	0.00484595677976845	17356	Afdn
17357	2138	2254.2	-0.0735568404257699	5.86792935989564	0.945546652506703	0.346634387828785	0.479416416454917	17357	Marcksl1
17380	17.6	16.6	0.0755787281224707	2.68547418314223	0.294705480587476	0.594094422109629	0.706171116543797	17380	Mme
17385	2.8	4.4	-0.652180811309127	0.0171487226223921	9.98413909236517	0.00425758152679391	0.0147946225411595	17385	Mmp11
17387	169.6	202.8	-0.259406447011163	3.52057315828008	11.4930121081551	0.00243269134624768	0.00929231520049261	17387	Mmp14
17388	145.2	141.8	0.0350574067859606	3.8076932219598	0.270242858225142	0.607965906344218	0.718191341422793	17388	Mmp15
17389	324.4	323	0.00980770457526069	3.45139672081366	0.0159987100367485	0.900408672249392	0.937037004009843	17389	Mmp16
17390	73	94	-0.40639857669302	1.43012270924575	7.34655876346846	0.0123430070311144	0.0348994177675523	17390	Mmp2
17391	1526.6	1306	0.227023414444111	5.49259368068462	25.5549414980601	3.68881538022009e-05	0.000307661724699577	17391	Mmp24
17395	358.8	366.2	0.00843207432971473	0.115718350465941	0.00208608789921581	0.963951011469268	0.977544932279295	17395	Mmp9
17420	421.2	426.2	-0.0168953591278559	3.68428693316092	0.065712687004581	0.799885191910579	0.866798312950273	17420	Mnat1
17423	627.2	613.4	0.0269498626391357	4.36679957973115	0.206160227038864	0.653903251559479	0.75557739212093	17423	Ndst2
17425	2124	2084.8	0.0264109015254418	6.50067202547743	0.676585233047776	0.418922159576595	0.552069738741803	17425	Foxk1
17427	46	43.4	0.105658860130621	0.494392554971442	0.374577713956367	0.546316776495076	0.666040751586739	17427	Mns1
17428	530.2	519.2	0.0274411300466493	5.53333948217409	0.434246170646445	0.516231922372015	0.639439215525333	17428	Mnt
17433	309.2	228.2	0.434512194427221	6.7227347269536	35.0094703938007	4.00746720104923e-05	0.00032670011801447	17433	Mobp
17434	1706	1640.4	0.0548469630937439	5.44493258585956	1.79595572288958	0.19284432151114	0.306024501430451	17434	Mocs2
17436	5275	5072.8	0.0616797739306026	5.61649992857448	2.10100099603962	0.160239756839782	0.265852323847821	17436	Me1
17441	380.4	421.2	-0.14806656381197	4.93090416207659	5.35425881274994	0.0309432874959127	0.073033030285095	17441	Mog
17448	10219	10275.4	-0.00909432259648136	7.9660123357768	0.0783643273117202	0.781942599631807	0.854350165173342	17448	Mdh2
17449	48595.2	50199.6	-0.0465150847011256	9.39227084496765	3.1909615053204	0.0867808989225569	0.164480869791062	17449	Mdh1
17454	584.6	524	0.15965079327052	3.90128245623289	6.47141950253889	0.017873366751089	0.046835842596945	17454	Mov10
17463	4129.8	3923.2	0.0753452500380159	6.56227311193611	5.29319174045722	0.0304737120430979	0.0721832627746396	17463	Psmd7
17470	7228.4	7571.6	-0.0653366238158691	6.73781157634574	2.74969835275387	0.110383188328833	0.198442612450865	17470	Cd200
17472	426.2	1111.4	-1.49775369318425	1.31806056367124	66.6961495057844	5.7846226902274e-08	1.65059852554298e-06	17472	Gbp4
17475	3493	2898.8	0.270477397690231	6.64232537286809	32.5834833265897	1.13786469907333e-05	0.000117897464949146	17475	Mpdz
17476	798.6	894.8	-0.162461457360849	4.91511771421198	10.1507525979269	0.00399652970683306	0.0140583695260562	17476	Mpeg1
17524	1605.8	1774	-0.145356779092213	5.26812794080381	13.1342182605552	0.00136550988322111	0.00585995981187864	17524	Mpp1
17527	1097	1072.2	0.0352036768750793	4.569343374916	0.480525097968356	0.49488764602383	0.620229431685463	17527	Mpv17
17532	11509.2	9557.6	0.268231767233548	8.14951083829205	58.4661898773819	7.30872891558003e-08	1.98634420546816e-06	17532	Mras
17533	39.2	33	0.242695666825007	2.79737325488466	7.88657401550201	0.00977971190220407	0.0290318249814043	17533	Mrc1
17534	101.8	106.4	-0.0740853179585844	3.45064107650269	1.10079716535152	0.304618613337456	0.434214639874082	17534	Mrc2
17535	155.8	160.8	-0.0593971246682211	2.99105243139339	0.792664554043943	0.382198605907898	0.515531487621017	17535	Mre11a
17536	2818.2	2758	0.0297412592867446	7.49423064915628	0.261038306245785	0.616463769532094	0.72593078496604	17536	Meis2
17537	561.2	579.2	-0.0485939499762727	5.10159755870965	1.26427679032073	0.272044867585044	0.398433125552157	17537	Meis3
17540	127.4	115	0.158910262756097	1.42265888447667	1.81800758080019	0.190230709727046	0.302918880510601	17540	Mrvi1
17681	84.2	89	-0.0726081224561871	1.20808955016737	0.393145520810555	0.578808419778749	0.693591187156528	17681	Msc
17684	446.4	391	0.189456299802474	4.53298427823434	10.8462331199054	0.00308120709464028	0.0112634717617427	17684	Cited2
17685	1758.8	1849.4	-0.0742777954113733	5.04160092133385	2.78639276132326	0.108157998241118	0.195414463322139	17685	Msh2
17686	851.6	904	-0.0848464705778028	4.63045954303476	2.60512191824207	0.119687433274337	0.211331805588476	17686	Msh3
17688	1068.4	1058.6	0.008014784474803	4.43374657841808	0.021474004067625	0.884727988461455	0.926522123259083	17688	Msh6
17690	361.2	413.2	-0.193860697623033	3.76892150677425	10.7709381501618	0.00316823782221618	0.0115349394161997	17690	Msi1
17691	138	66.6	1.0263849732797	3.67792700478163	69.7492835953488	5.48059072325985e-07	9.9393297759094e-06	17691	Sik1
17692	944.6	973.2	-0.0387002223557408	4.44721451888255	0.671719830327946	0.420576703223936	0.553644414243968	17692	Msl3
17698	554.6	566.8	-0.0298187945480511	4.78716954266288	0.45704598314125	0.505518256962883	0.630308291002122	17698	Msn
17705	5110.6	5455.2	-0.0968017725450259	8.34432850149785	3.82994859626949	0.0663093144968743	0.132931322016341	17705	mt-Atp6
17706	226.2	223.4	0.0176707845870106	5.60442227972093	0.0240279955126415	0.879435248624962	0.922784543275877	17706	mt-Atp8
17708	929369.8	1045070.6	-0.169419365928138	14.4167775063634	19.1848158029112	0.000231439908255392	0.0013875982222661	17708	mt-Co1
17709	4080.6	4190.6	-0.0449433863761457	8.49320343377891	0.355596730739415	0.561557054350007	0.679111919643156	17709	mt-Co2
17710	5640.2	5924.2	-0.073205538225148	8.3111622005982	1.09655044898445	0.313811016395934	0.444079149303586	17710	mt-Co3
17711	292994.4	321452.6	-0.13612586464126	13.432010170701	8.93599926122911	0.0076976101046379	0.0238348878432811	17711	mt-Cytb
17713	1899.2	2025.2	-0.0944534949134183	5.14283897988534	5.56086029143989	0.0269188744681144	0.0652320098687764	17713	Grpel1
17714	1590.8	1499	0.0853880981994955	4.52207167605134	2.88811405190271	0.10225754250334	0.187068791209122	17714	Grpel2
17716	232610.4	270004.6	-0.215049731020196	12.9187675547478	24.1506139679886	9.24082485388545e-05	0.000648470314771384	17716	mt-Nd1
17717	105606	110836.4	-0.070486141260043	12.4404589616091	2.86944412315071	0.105669501849201	0.192067647731695	17717	mt-Nd2
17718	1611.2	1584.4	0.0233215170231942	5.73801708426368	0.0637132300562147	0.80470648313005	0.870062676702268	17718	mt-Nd3
17719	152037.4	168817	-0.151412379246633	12.2932217479818	19.8315470647731	0.000169306611304572	0.00107237412786866	17719	mt-Nd4
17720	361.6	379	-0.0693585085706207	5.91849662805012	0.971717903188855	0.339434140047599	0.471748178869999	17720	mt-Nd4l
17721	89632.8	99399.4	-0.151120969306007	12.7062743380055	11.2606978538698	0.00339928184211366	0.0122863765306104	17721	mt-Nd5
17722	82620.2	104453	-0.338235121605127	11.0122708001331	20.9499982318847	0.00058354849618816	0.0029512281189306	17722	mt-Nd6
17724	238583.8	193968.6	0.299927582926992	11.7211675689279	18.2711457972022	0.000941438556720173	0.00436279349112965	NA	NA
17725	279914.6	223986	0.321866794392393	11.9473037573618	18.2683363080683	0.00102288096310345	0.00464782189270584	NA	NA
17748	2976.2	2026.8	0.557524425725203	6.34236906201816	33.6551496569205	8.05268026903575e-05	0.000575920042595956	17748	Mt1
17749	30	23.8	0.313600241817074	0.949558612242462	5.14020992381069	0.0327388148437444	0.0764599875035249	17749	Polr2k
17750	4252.4	2137.8	0.991013269480087	5.74145345494544	75.2522968165839	1.85800689798515e-06	2.67753057861191e-05	17750	Mt2
17751	1613.4	1381.6	0.223836302919818	6.95761404759423	34.8141336216744	4.48375220964003e-06	5.51558761175635e-05	17751	Mt3
17754	71061.6	75032.2	-0.0778253427569953	10.7919232780845	5.73785091050104	0.024822759439719	0.0611848848809172	17754	Map1a
17755	21036.4	20528.4	0.0320610177001197	10.2322406059647	0.180019871128921	0.67866337776516	0.775998770842309	17755	Map1b
17756	39497.6	38332.8	0.0434176540633295	9.87745279623607	2.48825923140266	0.127885687760471	0.223136133617799	17756	Map2
17758	15156.4	16427.6	-0.115123291665927	8.52363673296472	16.5616424230447	0.000447087526939887	0.0023925224414621	17758	Map4
17760	7115.6	7150	-0.0065887528935838	7.47394201755226	0.0355195960059115	0.852107217913171	0.902561756391395	17760	Map6
17761	2642.4	2571	0.0410417561587645	6.61769449883191	0.768579109775079	0.390384575592409	0.523871382008419	17761	Map7
17762	26738	26325.2	0.0218605486948611	9.4601059795809	0.60963200674735	0.44261601019882	0.573876194062948	17762	Mapt
17763	461.2	426.6	0.121257585104115	2.71237725513998	2.11606971562139	0.158809859098715	0.263964777301384	17763	Mtcp1
17764	1381.6	1163.4	0.245740051077829	5.20886045246234	31.8587809706875	8.43835875167041e-06	9.22602400882331e-05	17764	Mtf1
17765	1031.4	1068.4	-0.0538850087142583	5.82271810007384	1.32670923859817	0.261022590075235	0.38608478478791	17765	Mtf2
17766	551.2	544.6	0.0368026449722175	1.57206078913489	0.138845180917231	0.712726214437723	0.803306511498174	17766	Nudt1
17768	238.8	189	0.338594409514391	2.4248184801866	11.2586341428229	0.00264861217442399	0.00996834794984475	17768	Mthfd2
17769	2013	1852.2	0.120429064581956	5.67103832724012	5.96307814258969	0.0227076806606198	0.0569142433173436	17769	Mthfr
17772	358	376.8	-0.0662559751405934	2.76227321816148	0.425776645840231	0.520464253831294	0.643248424529929	17772	Mtm1
17775	6248.4	6355.2	-0.0238529103719256	7.2147578695286	0.7118437180932	0.407224491121816	0.540328121480233	17775	Laptm4a
17776	10637.2	9306.8	0.193342947572744	7.69504029137766	38.6215861299525	2.08128239087322e-06	2.95509387796478e-05	17776	Mast2
17777	1039.4	1110.2	-0.0977102005671592	3.70051139576378	3.07559117593596	0.0923337161881156	0.172528142992218	17777	Mttp
17826	497.8	433.2	0.200060745749542	4.34393435909457	16.5583328662429	0.000447546545307668	0.00239409243740823	17826	Fam89b
17827	758.4	747.2	0.0179050529299367	5.06294372681612	0.181359284407814	0.67403043428503	0.772718583213501	17827	Mtx1
17828	429	637.4	-0.573201205098677	3.6631290968642	81.4729927488224	3.73035706645819e-09	1.88490358218753e-07	17828	Bloc1s5
17829	5	3.6	0.394441221837074	0.0914568516511991	5.05567893583529	0.0340706894093252	0.079020819114632	17829	Muc1
17846	821.8	803	0.0389420733072571	3.83448155930326	0.442071072446296	0.512509845958716	0.6364104221209	17846	Commd1
17847	3603.6	3744.2	-0.057937877826165	6.60598698246453	1.87713415186287	0.183548936583314	0.294233312470447	17847	Usp34
17850	1002.8	1063.4	-0.0813278940419055	4.74295940643523	4.04073459858046	0.0558677658749046	0.116793851309788	17850	Mut
17855	394.4	471.2	-0.252745396927454	4.01995765285513	13.9581662859176	0.00103324753509646	0.00468314828230926	17855	Mvk
17858	46.2	56.4	-0.274422005359637	0.236202218679862	2.90464253860168	0.101334550928819	0.185615207087206	17858	Mx2
17859	1975.2	1857.4	0.0883424064947801	6.37910897523504	5.48936915047447	0.0278208187541832	0.0669980197055923	17859	Mxi1
17864	111.4	163.6	-0.541723600669541	1.62921989921936	23.1691162655401	6.79558946126498e-05	0.000500884498078144	17864	Mybl1
17865	680.6	437	0.713888472050405	0.406413347077945	15.965620022668	0.000538657697235979	0.00276384748166448	17865	Mybl2
17868	29.2	39.4	-0.455216811461673	0.369331372527624	5.51252067771203	0.027525102091976	0.066374345284855	17868	Mybpc3
17869	32	25.6	0.302388672582623	1.88601593850139	10.4384910392702	0.00358600447493955	0.012861565429473	17869	Myc
17872	425	369.4	0.192129172038753	4.03924748974945	8.09722567236744	0.00896789051906563	0.0270383582733781	17872	Ppp1r15a
17873	219.8	147	0.581653166598587	3.20016245057825	53.5423357659205	1.54225269499198e-07	3.67850172498583e-06	17873	Gadd45b
17874	498.8	418.6	0.258643985246224	2.68183996136855	10.8275170908245	0.00310259332350706	0.0113244656308008	17874	Myd88
17876	1061.4	1024	0.0477542809454337	5.37977268250908	1.38311759931677	0.251189408960166	0.37484165976604	17876	Myef2
17879	200.6	213.8	-0.0775698429763984	1.17523942032702	0.263437177646923	0.612495620088669	0.722576860329874	17879	Myh1
17880	96	115	-0.235987591127842	3.15715297448873	4.91456915290815	0.0386594228087344	0.0872281138428734	17880	Myh11
17882	41.4	63.6	-0.655041405839336	0.90779134827838	17.0707738235083	0.000382219001470576	0.00210781894210443	17882	Myh2
17883	74.2	105.6	-0.499610615670175	2.48819086182782	22.8271159820081	7.43766778610019e-05	0.000538867419450086	17883	Myh3
17886	2151.4	1876.2	0.198329905650426	7.09770311530219	26.4228237076621	2.97665223293727e-05	0.00025825048844463	17886	Myh9
17888	208	187.8	0.14729339324877	2.18236078188188	1.63779929278889	0.212950314686294	0.330077751994249	17888	Myh6
17896	6715	7982.6	-0.233800219860258	5.02132202670322	6.46222935794155	0.0230845932058878	0.0576875363412693	17896	Myl4
17904	667.8	660.8	0.0162158608700189	5.91348006725957	0.247245534511857	0.623579284602692	0.730939500417429	17904	Myl6
17909	1206	1324.4	-0.131730631091555	5.43052101457149	10.3275447958383	0.00373855489101439	0.0132997963068477	17909	Myo10
17912	623.8	896.2	-0.521232699670585	5.52768260832698	108.791536720705	2.71497234098944e-10	2.72515348726815e-08	17912	Myo1b
17913	561.4	540.2	0.0533743068862355	4.58834762420835	1.34750190169308	0.257215190951085	0.381742311326315	17913	Myo1c
17916	62.4	70.8	-0.189392154148306	1.6855169208018	3.40902607991746	0.0773015871314497	0.149975455086976	17916	Myo1f
17918	9676.8	9696.2	-0.00255917059677822	9.16479854925882	0.00971194680780547	0.922320693653279	0.950871847793473	17918	Myo5a
17919	268.2	242.4	0.143448575703447	5.17457797405374	7.17341173319273	0.0133454882504262	0.0372313621253928	17919	Myo5b
17920	2009.8	2096	-0.0586284186287193	6.60519843835748	2.85413219402904	0.104186037713354	0.189827932573909	17920	Myo6
17921	1164.8	1189.6	-0.0343214670482654	4.92450920779828	0.473302860360815	0.498115907024127	0.623410452864035	17921	Myo7a
17925	1398.6	1227.4	0.19028548078482	6.74653842458906	25.8300300293654	3.44486581449773e-05	0.000290882949069546	17925	Myo9b
17926	184	237.8	-0.363773818968483	4.26527133978903	22.2613698807642	0.000125170654183064	0.000831823740488276	17926	Myoc
17929	94.6	100.4	-0.086534907894965	1.44720652290547	0.527048336532535	0.474922708000219	0.603210265503968	17929	Myom1
17931	2492.8	2486	0.00249112643538784	6.49528713866909	0.00447039026856094	0.947250326914771	0.966508275111259	17931	Ppp1r12a
17932	174.2	194.4	-0.156201307455659	3.35024157249565	4.80291628135344	0.0384290086594107	0.0867895142442378	17932	Myt1
17933	4579.2	3877.6	0.239683714973386	8.16879543777274	63.715538384474	3.46112261695508e-08	1.11171258456597e-06	17933	Myt1l
17936	967.2	959.4	0.0121443240789002	4.81024612249553	0.0660162564206192	0.799433954863575	0.866583049617378	17936	Nab1
17937	592	493.4	0.266259147955013	5.30163842828107	25.5274739405157	4.06209910388797e-05	0.000330594484502234	17937	Nab2
17938	1170.6	1281	-0.131607884874676	4.49857750118697	7.32733774028481	0.0123558430355717	0.0349220483449654	17938	Naca
17939	385.4	428.4	-0.151973750931796	4.03046871965983	8.825940004436	0.006682568339157	0.0211680567114125	17939	Naga
17951	164.6	187.4	-0.156092335277898	0.647137142726266	1.06685375467138	0.31202906188937	0.442293621707262	17951	Naip5
17954	5469.6	5395.6	0.0189546610752338	6.8166504376115	0.2749339557732	0.604885886130038	0.715526687791437	17954	Nap1l2
17955	7482.6	7529.6	-0.00884401651528225	6.78159454983789	0.0962408382858967	0.759085894864941	0.838055875678113	17955	Nap1l4
17957	32307.2	33281.4	-0.043798716138543	8.77569563256696	2.2272839813853	0.148717090121718	0.250940558092378	17957	Napb
17960	116	171.4	-0.574134915980044	0.25524688786045	7.40186641391585	0.0119728811957627	0.0340795637659617	17960	Nat1
17965	1741.6	1456.6	0.259647490721639	5.75232708728329	48.2852454062037	3.61915183527909e-07	7.14634161572733e-06	17965	Nbl1
17966	7678	7620.6	0.0109199000204646	7.74644693922915	0.140860959910288	0.710747362873069	0.801712375758338	17966	Nbr1
17967	14462.4	13938.6	0.0540297695510049	8.00518233512975	3.13462051081616	0.0894430092866519	0.168225017076027	17967	Ncam1
17968	503.8	746.2	-0.57234918320789	5.24376652925429	46.0249680286379	6.06696374722512e-06	7.07192693567676e-05	17968	Ncam2
17969	59.2	41.4	0.483761656187405	2.35728189427782	29.7146135777484	1.36522256645705e-05	0.000137241704907501	17969	Ncf1
17970	199.2	172.4	0.213733408260014	1.49580646770354	2.69212570386688	0.113983118077021	0.203338177071383	17970	Ncf2
17973	643	565.4	0.180509264037354	4.23228146323438	9.88018980575315	0.00442987861149089	0.0152596438156552	17973	Nck1
17974	990.2	963.2	0.040832595050663	5.09003209855061	0.750893054987875	0.394837281269486	0.527935066000846	17974	Nck2
17975	6890.2	7361	-0.09583411979528	7.57092655676348	8.43115902947811	0.00782867732802527	0.0242096067820448	17975	Ncl
17977	8414	8148.4	0.0452240917809464	7.46394038065996	2.53515748440651	0.12451863815674	0.218241829968453	17977	Ncoa1
17978	3206.2	3266.8	-0.0255520664435349	7.01050340309012	0.671384675473032	0.420691047695344	0.553744504452099	17978	Ncoa2
17979	1892.6	1772	0.0953270164073299	6.02168279966319	7.24629493006096	0.0127876779861066	0.0359108408026393	17979	Ncoa3
17984	47005.8	37705.4	0.319664597766374	7.04399782494672	1.46073760131303	0.251714777377918	0.375351840732532	17984	Ndn
17986	194.4	273.2	-0.503717024166132	2.69673512731856	35.8133420944021	3.64789225077673e-06	4.66194823985206e-05	17986	Ndp
17988	1473.6	1244	0.240470392131484	6.24806985592009	11.4763521463222	0.00418211182082113	0.0145763791314561	17988	Ndrg1
17991	2277.2	2225.6	0.0335731213208401	5.24934152044737	0.475577713412348	0.497095145581613	0.622294581174141	17991	Ndufa2
17992	12712.2	12917.2	-0.0223375498335448	7.34958600091352	0.498269568696264	0.487107248572773	0.614099273516866	17992	Ndufa4
17993	6009	5753.2	0.0636599374792479	5.62766305707261	2.5780578156115	0.121529679289987	0.213931309762206	17993	Ndufs4
17995	4664.6	4730.2	-0.0186054317652323	7.00108313037731	0.34679296638917	0.561476909394443	0.679071813939192	17995	Ndufv1
17996	44.8	51.8	-0.205478662730876	1.96975502240921	2.77535556109876	0.108821758293953	0.19634373915626	17996	Neb
17997	78	72	0.123316610765217	1.59157616960967	1.27038420097004	0.270919264683887	0.397146759811451	17997	Nedd1
17999	17584.6	16766.6	0.0682225599043432	8.91153335975307	6.49065764931472	0.0177228307002667	0.0465840689110121	17999	Nedd4
18000	1442.2	1488.2	-0.0422309436220168	5.79739810105532	1.05380580449286	0.314942820655839	0.445201323203863	18000	Sept2
18002	244.4	249.4	-0.0348714168300914	5.14194452379383	0.100585599169908	0.756381672719014	0.836252332158575	18002	Nedd8
18003	196.8	157.2	0.325031834550988	3.72900516470337	27.7141761901396	2.17879665298834e-05	0.000199824408770897	18003	Nedd9
18004	1038.8	1130.2	-0.123171910322771	5.62409833465988	13.1761768643949	0.00134602722710045	0.00579032069658033	18004	Nek1
18005	144.6	144.2	0.00430147201783896	0.458930007711109	0.000646218781016625	0.979931027349257	0.987239358005587	18005	Nek2
18007	3909.8	3901	0.00402999805918829	7.02182005870888	0.0144730608796068	0.90525113606607	0.939978442578949	18007	Neo1
18008	96.4	118	-0.296265254629794	3.82024106218405	6.49071903537241	0.0222515983552659	0.0559833947131443	18008	Nes
18010	1966.4	1838	0.0978579389097074	5.8892216781688	8.87611945878592	0.00655060616969444	0.0208459844951042	18010	Neu1
18011	9997.6	9182.6	0.123943922160913	7.63636646738618	11.6015351647877	0.00233929597837838	0.00901898748239027	18011	Neurl1a
18012	170.4	148.8	0.187096488714092	3.48847150409007	6.67253538007064	0.0163669857929702	0.0437603427028471	18012	Neurod1
18013	3655.4	3332.2	0.134128845742722	6.30927613795163	6.42396178125535	0.0199887584730306	0.0512537723911981	18013	Neurod2
18015	4153.4	4174	-0.0068565980330893	6.85871368780539	0.0457484160211477	0.832453769200378	0.889172833285713	18015	Nf1
18016	9784.2	9695.6	0.0135985701247129	6.82449349654123	0.0126643386106121	0.912368182968827	0.944721664634388	18016	Nf2
18018	43.8	40.8	0.100340435197113	2.39655750048972	1.58396416754607	0.220384699577878	0.338660477110211	18018	Nfatc1
18019	184	163.8	0.164068121308619	3.72769854491237	4.6950012450401	0.0405734601382783	0.0906973078933923	18019	Nfatc2
18020	422.4	458.4	-0.116235095305141	2.71041222439382	2.29129885122268	0.143255618605023	0.243917624139122	18020	Nfatc2ip
18021	386	471.2	-0.286232022840833	3.77064588372448	15.8501612412603	0.000558656054116892	0.00284625118301218	18021	Nfatc3
18023	12027.8	11853.2	0.0206050336246665	8.7450395812199	0.698070860150648	0.411733849478078	0.544333765696162	18023	Nfe2l1
18024	277.4	250.6	0.150342471686435	3.80317653307497	6.09915789237156	0.0210839774527004	0.0535208658414703	18024	Nfe2l2
18025	348	401.8	-0.191879825249783	2.22908188480181	2.05327217411921	0.166667077201731	0.27365738201452	18025	Nfe2l3
18027	3383.2	3320.2	0.0286274675581736	5.25270069289698	0.437859970561051	0.514506959857517	0.638125305323953	18027	Nfia
18028	4827.4	5108.6	-0.0822581515919003	6.64221299672379	4.32577947250848	0.048471294215345	0.104365274331684	18028	Nfib
18029	1660.4	1692	-0.0266411930947504	6.91062984951126	0.494542756880374	0.488723877811408	0.615278715258783	18029	Nfic
18030	1174.2	705	0.719946353533143	3.34051721859101	67.920652246674	2.55504596753246e-08	8.68956103875627e-07	18030	Nfil3
18032	3364.2	3710.2	-0.140933449630982	6.65019217504789	7.25919021050149	0.0143766072699745	0.0394680876505624	18032	Nfix
18033	603.4	595.2	0.0194537856639246	4.18203255577585	0.143545515508597	0.708137019861472	0.799603487394351	18033	Nfkb1
18034	29.6	28.6	0.066665464027882	1.3261226469312	0.330486444607381	0.570762399609213	0.686796513815482	18034	Nfkb2
18035	1660.2	950.8	0.815138743560351	4.29619281684901	54.7755240747144	3.02101509411002e-06	3.98410147538925e-05	18035	Nfkbia
18036	235.6	239.8	-0.0217101665512146	4.43167833633208	0.16582465638836	0.687485268350064	0.783488989969614	18036	Nfkbib
18037	200.4	208.4	-0.0281224292694803	1.1350105398185	0.0440997095218399	0.835453772729462	0.891130250838826	18037	Nfkbie
18038	231.4	244.6	-0.083648058213803	3.34801055925867	1.39267739271246	0.249603041039435	0.37316532428465	18038	Nfkbil1
18039	15291.8	14196	0.106809588595773	8.26495419373294	8.67880585292147	0.00708662667655832	0.0222046611712495	18039	Nefl
18040	15278.4	13763.2	0.15115693085462	7.2218284304531	5.13527675115042	0.0393977425264271	0.0885897589416579	18040	Nefm
18041	2058	2018.8	0.0325349240081467	5.19566914047646	0.548480639619376	0.466176174170332	0.595325848610649	18041	Nfs1
18044	1188.2	1285	-0.111138123810301	4.78723280413946	4.8419727405595	0.0377165387418818	0.085554747485116	18044	Nfya
18045	1394.6	1584.8	-0.186076893360894	5.53027136025467	16.0240554376561	0.000528834485154988	0.00272394224605823	18045	Nfyb
18046	618	631.6	-0.028951531059563	4.61534800187094	0.324512057567399	0.574241381051864	0.689776857119891	18046	Nfyc
18049	7.6	7.6	0.0136723370239268	0.71703634685923	0.00633449979210347	0.937228465082799	0.960827025626412	18049	Ngf
18071	3	2	0.405463940211564	0.107696396524102	5.4088824952552	0.0288767629831131	0.06909507104892	18071	Nhlh1
18073	94.4	80	0.235433395102872	3.25608563265807	10.4233308995389	0.00360644172874475	0.0129205118376547	18073	Nid1
18074	64.4	100.2	-0.654882956753983	1.69891801275992	37.4009222985805	2.64752473565234e-06	3.60332603852344e-05	18074	Nid2
18080	1098.4	1015.4	0.116340155783945	6.15064954645252	10.8428908511913	0.00308501434523949	0.0112745378877602	18080	Nin
18081	92.6	95	-0.0411011120048868	3.12192195592649	0.389376507914676	0.538557035057328	0.659407317638172	18081	Ninj1
18082	4784.6	5353.4	-0.161784223167684	6.16048610954473	25.2372706387614	3.9941132397909e-05	0.000326163348971399	18082	Nipsnap1
18087	4568	3866.8	0.241394133721379	7.64800816340743	32.1804144453178	1.09588666183893e-05	0.000114131793576348	18087	Nktr
18088	22.2	26.8	-0.249637503398598	1.0982704706049	3.69741617480791	0.066530278749579	0.133171118826536	18088	Nkx2-2
18095	57.2	88.2	-0.638356246579359	1.08481357049394	17.9893472822661	0.000289612448829423	0.00166908227088536	18095	Nkx3-1
18099	10853.2	9837	0.142611082406351	7.302503637969	24.4829835635739	4.83479444630135e-05	0.000380207393508377	18099	Nlk
18100	722.4	758.4	-0.0653962134945918	4.1467097770249	1.6050527871199	0.217434309904296	0.335160020833602	18100	Mrpl40
18102	5860.4	5730.8	0.0349608223738257	6.1360439895313	1.05231788993435	0.315277441643119	0.445587185050322	18102	Nme1
18103	1964.6	2032.6	-0.0527520499133541	4.24718360895991	0.643967752141185	0.43022797727617	0.562450349696008	18103	Nme2
18104	68.4	71.4	-0.0653130511609508	1.59453488134083	0.338586621689605	0.566112210577373	0.683077543341293	18104	Nqo1
18105	397.4	382.2	0.0652098903920535	2.94567342722638	0.467132943111002	0.501034663233179	0.625999408839581	18105	Nqo2
18107	4520.2	3985	0.180638490880797	7.00236802091035	28.0085175505975	2.03156422686018e-05	0.000188959004729968	18107	Nmt1
18108	2678.8	2448.4	0.12850310954323	5.90651596633121	10.9058550474591	0.00301414683587939	0.0110769781690791	18108	Nmt2
18109	217.6	215.8	-0.00326115496219567	2.79593856180825	0.00166548583219043	0.967787163714661	0.980246440631142	18109	Mycn
18111	491.2	389.6	0.338631926550641	5.36886978554252	7.22527581634591	0.0201950573561747	0.0517002052827044	18111	Nnat
18114	8244.6	8637	-0.0674211908980161	7.88175805769528	5.47058003475425	0.0280634166362091	0.0674586103541937	18114	Rrp1
18115	441.4	357	0.299400342200328	5.09199124607123	2.88720590311732	0.116733777494764	0.206823978905286	18115	Nnt
18117	1883.4	1641	0.198735611933092	5.18738714202625	17.7894796455584	0.000307457736159422	0.00175513195831291	18117	Emc8
18120	2041.4	1897.2	0.106722228162795	4.80716412853569	6.46743921751727	0.0179046883886363	0.0468915321560696	18120	Mrpl49
18121	443.4	440.4	0.0166826619523255	2.82912944570853	0.0498900097344068	0.825158910280338	0.884387282306985	18121	Nog
18124	32.4	21.8	0.529469785448624	3.03288901701157	6.94102510821279	0.0216541575568571	0.054689707028973	18124	Nr4a3
18125	325.2	259.6	0.323105536581783	4.68605131200992	11.0485450503782	0.00491230974837591	0.016601011246908	18125	Nos1
18127	118.8	109.4	0.122325225180686	3.6808469644955	2.87368911680959	0.103071055503075	0.188294873134662	18127	Nos3
18128	417.4	414	0.0147739742087912	4.83156846111702	0.0688359665947478	0.795307093339068	0.86359918316602	18128	Notch1
18129	349.2	381	-0.120870653963152	4.52133884189358	6.41014199046026	0.0183623716012331	0.0477527382375356	18129	Notch2
18130	1193.8	1157.2	0.0422946335316416	4.5840021942951	0.701072868136681	0.410744514860277	0.543582724179658	18130	Ints6
18131	256.4	307.4	-0.257694488992017	4.07868338864873	14.4272362762351	0.00088431603286918	0.00413921759685593	18131	Notch3
18132	106.2	57.2	0.883687040461799	3.33616768911265	126.57891913485	5.1370848562025e-11	8.15949719907152e-09	18132	Notch4
18133	2793.6	2923.2	-0.0664066506891397	6.78096517299864	1.86593342019235	0.18688517425348	0.29859362272433	18133	Nov
18139	6036.4	5658.2	0.0944802545673361	6.73046204208245	5.91179604921704	0.0229381147002538	0.0573909485680228	18139	Zfp638
18140	2.4	2	0.144894165978021	0.111308405523218	0.457211104236231	0.505442104050512	0.630287306698827	18140	Uhrf1
18141	1864.4	1643.6	0.181652275155981	5.39409865564696	23.2507166591675	6.65145866895753e-05	0.000492773878016977	18141	Nup50
18142	1142.8	1225	-0.101358105628395	3.86120822297884	3.2880709691174	0.0824036230311681	0.157986731302892	18142	Npas1
18143	2073.6	1836.8	0.173848107460498	6.03691721720963	25.8469920932383	3.43040825898212e-05	0.00029055234330412	18143	Npas2
18145	2450.8	2414	0.021808117984824	5.73768578241441	0.260154145493101	0.614707386703133	0.724476562900121	18145	Npc1
18146	3080.8	3081.2	-0.00120135474665809	7.37197286820049	0.0012531669207979	0.972055647871384	0.982936360314326	18146	Npdc1
18148	2262.6	2367.2	-0.062370875209089	5.59602817377816	2.2422470413443	0.147418571545625	0.249185830092441	18148	Npm1
18150	76.6	72.4	0.0854412957294585	1.39618737646143	0.53227872811025	0.472763172678737	0.601207011956578	18150	Npm3
18155	71.6	67.4	0.100003486653469	2.5364311937606	1.25314127531887	0.274112983788801	0.400488129756731	18155	Pnoc
18159	23.6	26.4	-0.164793543299502	1.93720096084272	2.23037829972239	0.148447443185157	0.250544061629876	18159	Nppc
18160	76.4	89.2	-0.209900961154194	1.89078941709584	3.83716835617042	0.0619332231047863	0.12643824954189	18160	Npr1
18162	1370.8	1286.6	0.0860649308644834	4.03261383671184	1.27342105873439	0.271272603259559	0.397584081070135	18162	Npr3
18163	12549.6	12370	0.0203532942917368	8.11953001964231	0.58190666969548	0.453053474838166	0.583639476409167	18163	Ctnnd2
18164	30949.4	22056.2	0.487089087547561	9.16876605638524	211.255315770077	2.43934627176196e-13	1.16713829120008e-10	18164	Nptx1
18166	979	1227	-0.324250054386289	4.99729777515813	46.3467803573157	5.0378129163489e-07	9.38357575939523e-06	18166	Npy1r
18167	463	414.2	0.165667733340296	1.84942858004488	2.47163322012668	0.129105043672799	0.224748199596126	18167	Npy2r
18168	717.8	741.2	-0.0426598819144391	2.53577198857371	0.24480831255695	0.625286854153172	0.732347150954538	18168	Npy5r
18173	116.8	117.6	-0.032700399109283	1.0103483958659	0.07854982421045	0.798752237144613	0.866025632059266	18173	Slc11a1
18174	850.8	971	-0.193158035117032	5.44653502251767	7.33688475830868	0.0151913310784639	0.0412658333787102	18174	Slc11a2
18176	1702.6	1621.4	0.0737279120931025	5.36427934626433	3.83859702425298	0.0618881300511854	0.126364038954631	18176	Nras
18181	991.2	790.6	0.327166918415441	4.51709526066084	55.9923856334496	1.05736556693509e-07	2.70474207257884e-06	18181	Nrf1
18183	2083.8	2227	-0.0969778052547274	5.38364219314285	5.16099414849326	0.0324203170389594	0.0758871680131367	18183	Nrg3
18186	3744.4	3419.6	0.136944008409486	5.16724684124065	2.90512459230076	0.108078009294484	0.195314989437258	18186	Nrp1
18187	968.6	1067	-0.141146273686886	4.82449522830001	9.40396248906414	0.00532317354988219	0.0176228013032518	18187	Nrp2
18189	13177.8	13015.2	0.0176645605073934	8.71024519535142	0.216312473470198	0.646236569936738	0.748873838039414	18189	Nrxn1
18190	10820.6	9787.6	0.142390821993055	8.61952867994505	11.1126177537033	0.00324334254777236	0.0117787118556537	18190	Nrxn2
18191	7993.6	8600.6	-0.106842425726889	8.14781776444983	9.925199338668	0.00435435479125722	0.015064108222315	18191	Nrxn3
18193	4369.6	4396.6	-0.00789834275768265	7.48553156196554	0.0573429738613939	0.812794057349078	0.876268017074929	18193	Nsd1
18194	1243.2	1415	-0.19002491810455	4.75583507091199	16.0131833008517	0.000530647258886567	0.00273050034885954	18194	Nsdhl
18195	61166.6	60263.4	0.0206425514025511	10.0663990067247	0.466807286167728	0.50105072373496	0.625999408839581	18195	Nsf
18196	12884.8	12548.8	0.0378721046045112	8.16152910513379	2.1333975280892	0.157184514721401	0.262137414997477	18196	Nsg1
18197	10468.6	10302.2	0.0216283856349085	8.60999788194385	0.380473885183948	0.543200002947958	0.663406239341765	18197	Nsg2
18201	1810	1870.8	-0.0523842355402309	5.39997970339677	1.36056428020887	0.254983733760134	0.379404456224931	18201	Nsmaf
18203	1985	2073.8	-0.0673723479433365	4.92243045544607	1.99140424888495	0.1711204393767	0.278595948496375	18203	Ntan1
18207	78.2	63.2	0.316918515025552	1.34003581227396	7.03110461793753	0.014017342291561	0.0387171155135148	18207	Nthl1
18208	86.2	94.2	-0.132321683589083	3.09532316762738	3.22484057271034	0.0852240795419524	0.162189446438365	18208	Ntn1
18209	764	911.4	-0.244716260037559	3.63274969633619	11.9635440654066	0.0020550030432881	0.00814897503091527	18209	Tbc1d24
18212	13231.6	12377.6	0.0949466214358257	9.11447790322265	8.30877248122371	0.00822659552617926	0.025176204051534	18212	Ntrk2
18213	3854.8	3875.2	-0.00874305358718673	6.81848471555821	0.0289392548372309	0.86672015251301	0.913754418995116	18213	Ntrk3
18214	221.4	242.8	-0.137481811804718	3.77267937025456	3.91931265468732	0.0594000078817	0.122198649860816	18214	Ddr2
18216	374.8	502.2	-0.421916444362373	3.17236991328421	31.4185181390275	9.29963255428869e-06	9.96418746773082e-05	18216	Ntsr1
18217	1199.6	1051.6	0.190363150896838	6.24878277550057	22.2152568214171	8.7570778469333e-05	0.000618645176928514	18217	Ntsr2
18218	12392.4	12725	-0.0395663403282917	7.36324181730591	1.09860877847033	0.305089148039385	0.43471594496858	18218	Dusp8
18220	1091	1100	-0.0133291885550634	6.36759279479032	0.0796706098068887	0.78043183364968	0.853473687188656	18220	Nucb1
18221	1266.2	1337.8	-0.0825993647403538	6.33609087536235	2.47596601291535	0.131718724222332	0.228417809227305	18221	Nudc
18222	1218	1182.8	0.0411542823993337	5.74032306208733	1.09204677970829	0.306505974390642	0.436042049226975	18222	Numb
18223	2175.2	1848.8	0.232173124381503	6.74410022556562	29.5104001823906	1.59297737040232e-05	0.000155363663372437	18223	Numbl
18226	889	837.4	0.0886285793091457	4.71100884757938	3.37448155768827	0.078720795115287	0.152319996331507	18226	Nup62
18227	190.6	210.8	-0.133820553962851	4.25438560976269	0.856914093554925	0.372473769412625	0.505895119628837	18227	Nr4a2
18230	834.6	512.4	0.711710036519968	3.11110977675057	72.7471348662852	1.05809281978164e-08	4.4201368835618e-07	18230	Nxn
18231	3631.2	4238.8	-0.228601796999153	4.7725628010507	23.8686436962739	5.66198526339756e-05	0.000434386066863845	18231	Nxph1
18232	39.2	43.6	-0.159882047774646	1.54331649182913	2.2951269124865	0.142936669528321	0.243517989316637	18232	Nxph2
18242	2882.6	2893	-0.00474754053437386	6.1483214016312	0.0185252745273044	0.892879806383938	0.932020273089727	18242	Oat
18245	3265.2	3235.6	0.0155947271005749	4.75275464532357	0.0634224666073412	0.803442124681878	0.869298036541048	18245	Oaz1
18247	9303	9744.2	-0.0667353795481978	6.92170007268347	5.38671208272251	0.0291754208400744	0.0696174320299245	18247	Oaz2
18260	220.4	205.8	0.106509884613129	2.75646491666163	1.23996682928342	0.276586518430814	0.403083437930932	18260	Ocln
18263	1048	1097	-0.0637026646224431	4.91759573642757	1.89303134468731	0.181658193267031	0.291943304990382	18263	Odc1
18286	1590.8	1718.8	-0.111143778566273	6.86800581811202	10.2742492585013	0.00381434994941587	0.0135195228467035	18286	Odf2
18292	12.2	8.2	0.595345882319685	2.4572664840685	25.5665220518301	4.84959213450762e-05	0.000380956547348767	18292	Sebox
18293	10651.4	10882.4	-0.0311280324931451	8.276996706202	0.878612472656544	0.357987850451763	0.491485219455716	18293	Ogdh
18294	52.2	63.4	-0.296123667340468	2.26049078936384	6.10677879697599	0.0212130224940409	0.0538011979520736	18294	Ogg1
18295	313.4	308.2	0.021375857318679	3.34049732927505	0.0248037469281942	0.876949680532013	0.920978760619757	18295	Ogn
18301	112	108.4	0.0442026720455628	4.40742111544902	0.561353448198988	0.461049831424752	0.590571983641737	18301	Fxyd5
18377	3705	4776	-0.367546715452379	7.25237485850994	81.6446248613589	4.22720936694568e-09	2.10689945482182e-07	18377	Omg
18378	0	0	1.7451684710792	-0.599822790019193	24.4116018701964	6.26918835231005e-05	0.000469750380737633	18378	Omp
18383	78.2	66.6	0.236301512213567	1.73595258138916	4.45820340184612	0.0454159611914985	0.0990856306508558	18383	Tnfrsf11b
18386	1185	1001.4	0.246491298013862	4.72423550604272	19.0907991276258	0.000209462626672987	0.00127683958934702	18386	Oprd1
18387	183.2	215	-0.222816355797827	3.4399107698657	2.08562970974269	0.172036719367923	0.279583847733748	18387	Oprk1
18389	3655.4	3592.8	0.0257518799697792	5.67716261485336	0.504998788303513	0.484211195807763	0.611514951874653	18389	Oprl1
18391	971	997.2	-0.0386846366690271	5.3376422948965	0.649952682051031	0.428104129505305	0.560490678249065	18391	Sigmar1
18393	2772.2	3000.4	-0.115766272286229	5.14491964088102	8.47692672780315	0.00768534677459138	0.0238071157908152	18393	Orc2
18399	118.8	162.6	-0.457118531247535	3.06795980557236	25.2609594349704	3.97042530817013e-05	0.00032459574323694	18399	Slc22a6
18408	1004.6	899.2	0.155482077831207	3.44755282781646	4.38087486144884	0.0471728365281152	0.102056006462712	18408	Slc25a15
18412	19760.4	20059.4	-0.0219265800017992	8.73419224281307	0.587885415566061	0.450769529292332	0.581340037291886	18412	Sqstm1
18414	43	35.8	0.257218438974651	2.05182699753564	5.57931425492162	0.0266913763994239	0.0647745390324501	18414	Osmr
18415	5206	4443.2	0.229436530917746	6.78988553248741	32.0088554738966	8.16488495575122e-06	8.96409668892893e-05	18415	Hspa4l
18417	334.8	293.4	0.189726520086242	6.02380064251185	3.4654359906215	0.0873125589983304	0.165336791269732	18417	Cldn11
18423	92	95.2	-0.0600864481449397	2.67549338112627	0.368888700367012	0.549356400976524	0.668496162629624	18423	Otx1
18426	284	333.4	-0.185671305639061	0.366546842833865	1.18799447800665	0.286636612232191	0.414062546375484	18426	Ovol1
18430	302.8	218	0.491135423574433	2.63741846620326	28.7872978494407	1.69161617206915e-05	0.000163044307220791	18430	Oxtr
18432	2463	2570.6	-0.063302337109502	6.12582835199221	4.43468401116325	0.0459423937951648	0.0998833417163614	18432	Mybbp1a
18438	1005.6	1149	-0.192337007676146	3.88866762436374	12.4120321645938	0.00175394870531232	0.00718582046104997	18438	P2rx4
18439	170.4	183.8	-0.101661386924974	2.91486637010657	1.43744694776645	0.242342678962846	0.364991255780866	18439	P2rx7
18440	267.6	249.6	0.0997483421599559	2.94259156335155	0.818720103160612	0.376236629395067	0.509760427566207	18440	P2rx6
18441	123	92.2	0.447177773265202	0.714976271287224	10.3434537535456	0.00371625042729688	0.0132367382149209	18441	P2ry1
18451	1913.4	1236.6	0.638586073284304	5.66361652725517	60.7135327976144	1.83850540619867e-06	2.65207157097761e-05	18451	P4ha1
18452	231.6	161.4	0.522876852249797	3.94955905309964	72.2538733124171	1.12549972354546e-08	4.58252760679608e-07	18452	P4ha2
18453	2624.2	2345.4	0.161201759218204	6.09771949021011	14.3520125706682	0.000906534330064616	0.00422678942153354	18453	P4hb
18457	1649.8	1697.4	-0.0446142516056283	4.82299208691178	0.9791033267605	0.332364153782007	0.463795276961298	18457	Bloc1s6
18458	2075.2	1916	0.114422457821352	6.86008480302978	13.0130962953535	0.00142349747665126	0.00604442788704973	18458	Pabpc1
18472	38188.4	38972.6	-0.0288318590858683	9.30727347972841	1.20555582917838	0.283187481557678	0.41029245432411	18472	Pafah1b1
18475	9330.2	9183.8	0.0221241598050873	7.3335394650419	0.587935982356343	0.450750291429591	0.581340037291886	18475	Pafah1b2
18476	167.2	178.8	-0.0930693178331479	2.76737938470522	0.952480536985458	0.338895121335702	0.471180269698561	18476	Pafah1b3
18477	3230.2	3500	-0.117702891714944	6.09529153861791	10.9072547228955	0.00301259184008154	0.0110769781690791	18477	Prdx1
18479	39735.4	37717.4	0.0742581604709854	9.36335336408185	3.38077242143731	0.0800224700841183	0.154363376831155	18479	Pak1
18481	9641.2	9544.8	0.0149576216558157	6.6883128462315	0.128830771508502	0.722821029428609	0.810712746128743	18481	Pak3
18483	5507	5465.4	0.0122677481276983	7.8017967588883	0.13007688390457	0.721530553412993	0.809768042474679	18483	Palm
18484	15433	15194.2	0.0229410912158204	8.00449424827611	0.606349961316193	0.443831388799755	0.574760500763145	18484	Pam
18488	1737.6	2066.8	-0.24832309126908	5.04958740104349	19.4933198977944	0.000199055918872722	0.00122275998783949	18488	Cntn3
18508	67.6	93.6	-0.457278292255491	2.89071964608626	30.8285721227474	1.0606657667792e-05	0.000110772131452504	18508	Pax6
18514	5956.6	5986.4	-0.00617652939474838	7.53880402810269	0.0332391104446245	0.856877242668659	0.906551285721914	18514	Pbx1
18515	1141.6	1130.6	0.0151674190688244	5.55352757261731	0.164614690058763	0.688563826180538	0.784402706779121	18515	Pbx2
18516	24.2	24	0.0068803709010185	2.91377013043332	0.00730409858697829	0.932606679855171	0.958425541790044	18516	Pbx3
18518	1256.4	1237.8	0.0183443567800877	4.94725111739942	0.162075525928395	0.690842398624852	0.786211140389281	18518	Igbp1
18519	515.6	488.2	0.0769989681044131	4.25586250791802	2.05819463096771	0.164387149737228	0.270983064874922	18519	Kat2b
18521	7920.4	7551.2	0.0687578301083291	7.19416341988816	5.79637843128952	0.0241700734950028	0.0598619332242582	18521	Pcbp2
18526	5062.6	5458.2	-0.110192980009151	7.94909755283495	10.035573402952	0.00417505436086549	0.0145630427171854	18526	Pcdh10
18530	1653.4	1384	0.257574728099488	4.94575669379598	21.9856352390495	9.45535757115634e-05	0.000660230619968569	18530	Pcdh8
18536	2536.2	2736.2	-0.110131401130242	6.71116786930442	11.1279174601592	0.00277807138269808	0.0103677365777222	18536	Pcm1
18537	9881.6	10284.2	-0.0577789495834328	7.13809603858734	3.80933639785798	0.062819171848288	0.127651948530178	18537	Pcmt1
18538	1126	1167.4	-0.055400707789158	4.66813974281891	1.05426670788834	0.314839265179945	0.445098468203338	18538	Pcna
18541	1076.2	1037.8	0.05235379631531	5.45963935893352	1.88128492155172	0.182968683562775	0.293613606300395	18541	Pcnt
18542	121	129.2	-0.0976886507813489	2.58054462485929	1.27973715338365	0.269207291803429	0.395433185895067	18542	Pcolce
18546	7654.2	7939.6	-0.0533188634727864	7.70251081455859	2.86406656720754	0.103617914718538	0.18900078302409	18546	Pcp4
18548	1381.6	1207.8	0.188841870801933	5.12841999277948	5.63607701016017	0.0305687946379384	0.0723262985262337	18548	Pcsk1
18549	14157.6	16089.2	-0.184372845659935	9.26537745308993	38.2916978864041	2.22006082452484e-06	3.09260119736993e-05	18549	Pcsk2
18550	637.4	513.6	0.309059640754	5.16290779406494	52.8121101739082	1.72998626106957e-07	3.98807359130776e-06	18550	Furin
18551	131.4	191	-0.555193090329637	2.32290883606927	44.4053160738475	7.08347524616865e-07	1.22705842139738e-05	18551	Pcsk4
18552	812.8	1004	-0.28257871584289	4.15842983217505	4.13931225815405	0.0633806188565107	0.128503782431197	18552	Pcsk5
18553	298	333.6	-0.167308568398072	3.76068720806504	4.56875344683624	0.0434138931203884	0.0955105648648546	18553	Pcsk6
18554	860.6	759.6	0.177773113882949	5.03393375411519	15.1519204056128	0.000698230673360602	0.00342690191944114	18554	Pcsk7
18555	8819.2	8832.2	-0.00205637264349763	8.33737697213539	0.00529874400968176	0.942578954282947	0.963782979994745	18555	Cdk16
18557	1866	2110.6	-0.179994035314935	5.7552294346246	14.2612687321474	0.000958392876524837	0.00441306487330041	18557	Cdk18
18559	14.2	14.4	-0.0180702475069884	0.524197211275077	0.0125797124179509	0.911636755408131	0.944302541398103	18559	Pctp
18563	2601.4	2822.8	-0.118632465285506	6.13787362120319	12.2590992515206	0.0018508171043204	0.00748299592331386	18563	Pcx
18567	269	275.4	-0.0371125974112717	3.28085063706654	0.349779072239888	0.559808666907344	0.677734690633952	18567	Pdcd2
18569	3834.6	3843.8	-0.00280660496881741	6.09131208088366	0.00581760495140331	0.939838640135507	0.962735062561467	18569	Pdcd4
18570	1979.4	1834	0.109523469901324	5.60661145821728	8.50858429361132	0.0075878927718559	0.0235506553842399	18570	Pdcd6
18571	3785.8	3514.4	0.107164430501014	6.62910485002402	11.2013849030315	0.00270448042904199	0.0101375933924722	18571	Pdcd6ip
18572	629	590.4	0.0941324456134463	5.14713540005848	4.77145140311991	0.0390139729216029	0.0879045930801011	18572	Pdcd11
18573	10254.8	11118	-0.118839296870795	8.10719985440267	7.07350526123956	0.0150170834874058	0.0408462410099667	18573	Pde1a
18574	1641.2	1713.4	-0.0630660459296457	7.52279293187764	0.765651741176665	0.397025686903799	0.530321530219713	18574	Pde1b
18575	19.2	19	-0.013766449695118	2.61461053811283	0.0167880397515006	0.898001557740811	0.935542346517636	18575	Pde1c
18576	778.6	778.8	0.00459672967287686	3.92662811678597	0.00801244096429411	0.929423095861723	0.956335072742787	18576	Pde3b
18577	9524.2	7640.2	0.316515728048356	7.55506326984626	70.0973394228175	1.48004970449512e-08	5.62964169178222e-07	18577	Pde4a
18578	5311	5672.4	-0.0961869520353587	7.12527974926678	6.93668462975529	0.0145976284136538	0.0399761502635378	18578	Pde4b
18582	1433.2	1529.6	-0.0940591426635919	4.85010003283216	3.11239686907603	0.0905188824448357	0.169828650942063	18582	Pde6d
18583	602.8	553.2	0.121334312234591	4.67233174393339	8.19501733348444	0.00861646074004846	0.0261707707780588	18583	Pde7a
18584	155	165.6	-0.0912669765496616	3.73046062041598	1.67072430128973	0.208557723677587	0.324697688284774	18584	Pde8a
18585	537.4	532.8	0.0157283437258993	4.11442024588362	0.0521882729535748	0.821273895291444	0.881923691125002	18585	Pde9a
18590	620.8	622.4	-0.00330013203436138	4.57025706570589	0.0049417364351237	0.944543645074443	0.964972706100226	18590	Pdgfa
18591	583.6	467.6	0.317997314754615	4.74652328158781	36.9135508469906	2.91857936677335e-06	3.88445176494861e-05	18591	Pdgfb
18595	1135.8	1078.4	0.0781330623303265	5.69550191874596	1.87533797386013	0.18609589019742	0.297580484225413	18595	Pdgfra
18596	716	874	-0.289834899183672	4.85504439277528	38.1659952247277	2.27555662609746e-06	3.15348949890822e-05	18596	Pdgfrb
18597	8032.4	8175.6	-0.0250327011451665	7.67894226201351	0.849380772228551	0.365966929595465	0.499451043373889	18597	Pdha1
18600	108	124.4	-0.203486416184858	4.12325309782584	13.0092970267072	0.00142535932561096	0.00605055615047894	18600	Padi2
18604	2453.2	2404	0.0283009314499519	6.67639502824612	0.496558549188349	0.487848325389772	0.614658271895377	18604	Pdk2
18605	14.6	16.2	-0.182172336577742	1.26006138155629	1.74642098848564	0.198878395651711	0.3134432810762	18605	Enpp1
18606	9768	10028.4	-0.0378561428793898	8.07417555002414	1.19406899830918	0.285437278873392	0.412694851339002	18606	Enpp2
18607	3972.2	3729	0.0901784410597727	7.14857891324755	9.90794358789542	0.00438314108715953	0.0151419505912533	18607	Pdpk1
18610	218	220	-0.0199836092696699	3.58626661292578	0.0819030676826875	0.777208663065332	0.851365973167587	18610	Pdyn
18611	17764.2	17540.4	0.0188877799368921	8.94808849166826	0.319001303226447	0.577488456189103	0.692468736167022	18611	Pea15a
18612	254.6	264.2	-0.049507495842485	3.30995476489219	0.480890064342632	0.494725471195801	0.620079948028451	18612	Etv4
18613	280	285.6	-0.0239595080244242	4.4640390633942	0.142853339637891	0.708887121826522	0.800113576361124	18613	Pecam1
18616	541.4	606.4	-0.167108190789499	7.65785140520046	4.17832930108332	0.0626848195057866	0.12748005155823	18616	Peg3
18618	28.6	33	-0.210552955293628	0.740923695309685	2.40327761582225	0.134264794452919	0.232025745937649	18618	Pemt
18619	9.2	10.6	-0.178638363417314	6.13314921423067	1.6977709906563	0.218511325639631	0.33646135088902	18619	Penk
18624	1311.4	1083	0.27862132805894	4.55280864893177	27.2106736819587	2.45822763673034e-05	0.000220827981735863	18624	Pepd
18626	1106.6	635.6	0.794738254813092	6.79322343069767	158.12989153825	1.49242665730614e-09	9.37994029425427e-08	18626	Per1
18627	627.6	359.8	0.806099364666251	5.78461585209334	19.6401366860519	0.00096374040216783	0.0044334512326333	18627	Per2
18628	1058.4	924.8	0.197179215737029	5.98221151860651	15.5775617566457	0.000714711719256952	0.00348935249130749	18628	Per3
18632	2403.4	2470.8	-0.0379582405727142	5.31251854539433	1.04299458018328	0.317385275918761	0.447996755676736	18632	Pex11b
18633	277.4	276.2	0.00622257991428489	4.11647903664387	0.0145900879384663	0.904870773298168	0.939786028400641	18633	Pex16
18634	1816	1876.8	-0.0429347207018905	4.54299020566186	0.790502201583575	0.382838102862362	0.516284935507798	18634	Pex7
18636	393.4	260.8	0.597538636776747	4.14511635467667	116.123084220706	1.21975474434248e-10	1.54652062059002e-08	18636	Cfp
18637	384.8	369.4	0.0541229962240306	5.55455507800963	1.48061141498199	0.235596282584903	0.356985463671085	18637	Pfdn2
18640	1953.6	2015.4	-0.0419429808826465	6.00811433703162	1.31531796775052	0.26282213771953	0.387920839838805	18640	Pfkfb2
18641	5366.2	5245.8	0.034407580026768	7.74009550507262	1.27963915948736	0.269225155240716	0.395433185895067	18641	Pfkl
18642	18075	19028	-0.0741990026194653	8.72217478480127	8.07307659038553	0.00905708186090732	0.027244757797618	18642	Pfkm
18643	1275.4	1241.2	0.0388392792672102	6.09995751656621	0.569670664620691	0.458884254153465	0.589103207170636	18643	Pfn1
18645	30815.6	30484.6	0.0139810310197258	9.0606567360257	0.189165101816656	0.667526877333388	0.766844180970974	18645	Pfn2
18647	17377.2	16590.8	0.0666204821554305	8.0456686460603	6.62780178062672	0.0166894819528021	0.0443600169447963	18647	Cdk14
18648	41678.8	43600.2	-0.0667565170323703	5.96222353826007	1.07717443340807	0.314144567483828	0.444333650886706	18648	Pgam1
18654	66.8	64	0.0598036091671614	1.08095361417141	0.211168964654569	0.650018530989181	0.752110778651747	18654	Pgf
18655	2722	2697	0.0194091576824202	5.02019745776111	0.212164884823611	0.649252807767515	0.751492682926294	18655	Pgk1
18667	1657	1514.2	0.132423693010993	5.02589659682504	7.97079188514146	0.00944582912623531	0.028197028953037	18667	Pgr
18669	78.4	100.4	-0.365667777438197	1.9718375002911	14.0210619051871	0.0010117782456367	0.00461041701211628	18669	Abcb1b
18670	62.4	74.8	-0.262674343262196	2.42594938783052	9.0384884189647	0.00614283175552806	0.0197999956916514	18670	Abcb4
18671	449.6	417.2	0.108361559197819	5.10490962950052	4.31602351266776	0.0487053902991597	0.104713329076908	18671	Abcb1a
18673	951.4	820.6	0.213038815127228	4.38831230176886	21.1002157244493	0.000118644847729571	0.000795035989375625	18673	Phb
18674	16897.4	15868.2	0.0894786153032321	7.57348645329256	7.63962198720731	0.0108360281205882	0.031412745779178	18674	Slc25a3
18675	1	0.8	0.44694510615629	-0.136753556023284	6.822717331878	0.0155412102881248	0.0419874118700104	18675	Phex
18676	1841	1641	0.1663196409764	5.88450931771994	18.0778235210346	0.000282075435378968	0.00163411556832369	18676	Phf2
18679	736.2	685	0.109476018320459	4.6632427958819	3.96510149920238	0.0580390740814943	0.119996678125292	18679	Phka1
18682	198.6	221.6	-0.154069270966845	3.623409418634	4.62567617696958	0.0418577025216054	0.0928216066657386	18682	Phkg1
18685	6256	6053.2	0.0480126732854083	5.93810285259444	1.45343876097051	0.23981486802782	0.362089637780644	18685	Phtf1
18693	659.8	680.2	-0.045911860472802	5.57023605080917	1.53441271844516	0.227517817174507	0.347318205116138	18693	Pick1
18700	462.4	414	0.1611679835556	3.02247234348427	4.65664591069225	0.0412346148282458	0.0916789913440185	18700	Piga
18701	228.2	187.8	0.272291014348534	2.43178927147939	8.79371553514838	0.00676884997527479	0.0213757827272497	18701	Pigf
18704	586	516.6	0.18775617331189	4.48546865537539	9.98618026399616	0.00425427260105282	0.0147886618988979	18704	Pik3c2a
18706	3424.4	3033.2	0.175161967299096	6.37598764950385	33.4957607962666	5.92000377906688e-06	6.92856150790548e-05	18706	Pik3ca
18707	2347	2195.8	0.0949134411874973	5.39162552778351	4.09884768928248	0.0542618196021761	0.114096645407311	18707	Pik3cd
18708	12810.6	10591.2	0.275432243085696	7.6995015951129	71.4270413194555	1.24916747926839e-08	4.97395778108686e-07	18708	Pik3r1
18709	3561.8	3607.4	-0.0190861651135223	7.29381926413378	0.381510949627697	0.542655274854088	0.663077127630483	18709	Pik3r2
18710	4286.6	4106.2	0.0617847674876122	6.23967724097315	3.47958166800955	0.0744929860381146	0.145741253423595	18710	Pik3r3
18711	1453.2	1336.4	0.119725040476695	5.73545401084312	9.1804354445436	0.00580909901432971	0.0188684757647464	18711	Pikfyve
18712	98.6	84.2	0.229461402643953	1.50793188626877	3.51217843964324	0.0732349594263567	0.143686453583353	18712	Pim1
18715	1439	1185	0.282723059460529	5.60720130801035	69.2179363903735	1.65795768782809e-08	6.24065635934043e-07	18715	Pim2
18717	12829	12294.4	0.0611227697532095	9.01564942868309	4.91369861547733	0.0364463227675186	0.0831536999139684	18717	Pip5k1c
18718	3730.6	3884.2	-0.0588964396032241	6.71862408490297	4.06634658951075	0.0551534466024837	0.115601496112572	18718	Pip4k2a
18719	956	876	0.122972842165967	4.17989083066613	6.11277413113361	0.0209558593465551	0.0532517565040624	18719	Pip5k1b
18720	1889.4	1710	0.143414552194072	5.86530032653669	14.4869408324773	0.000867103915988835	0.00407448634645729	18720	Pip5k1a
18738	22637.6	22912.8	-0.0185724149767079	8.71206414218162	0.3472493470402	0.561221314561657	0.678858443602047	18738	Pitpna
18739	5358.2	5480.6	-0.0328478064272194	7.80667064565311	1.21680992853225	0.281005973679432	0.408125034521957	18739	Pitpnm1
18744	7071.6	6327.8	0.158882364502543	7.85199327629483	19.0895571752422	0.000209538086753226	0.00127683958934702	18744	Pja1
18746	35909.8	35855.6	0.00201038753109165	10.2806040972909	0.00576544903304626	0.940108384270326	0.962783456993324	18746	Pkm
18747	6839.4	7118.2	-0.0582209885870173	6.81095110477518	3.31233660112768	0.0813498209647272	0.156416973547164	18747	Prkaca
18749	23718.2	23609.2	0.00638258112263491	9.4177794905547	0.0561397300308693	0.81473021674738	0.877491706502992	18749	Prkacb
18750	8486.2	7762	0.128947653820086	8.22069621611097	23.2171552979664	6.7103319905458e-05	0.000495981356418711	18750	Prkca
18751	54427.4	55717.8	-0.0334688406350813	10.3931740071785	1.05681536941401	0.314267471094689	0.444463994833917	18751	Prkcb
18752	19452.2	17752.4	0.129963271354858	8.64838137181259	7.19920791919942	0.0153061534798202	0.0414997453380831	18752	Prkcg
18753	348.2	229.2	0.60591873305728	3.41970756465698	91.1837275161527	1.29000514224186e-09	8.32398853837673e-08	18753	Prkcd
18754	31919.4	30420.4	0.0693661287061158	9.02623841575572	6.80131845743533	0.0154763963026105	0.0418592500295531	18754	Prkce
18755	41.8	36.8	0.153096012630531	2.14305101776675	1.89286826151931	0.181676309003677	0.291943304990382	18755	Prkch
18759	2409	2407.2	-0.000298948835978754	6.10252886444641	6.50317989536811e-05	0.993632894175212	0.995285506057416	18759	Prkci
18760	561.2	507.2	0.147785614206963	3.21154747626631	5.01834591598914	0.0346781073312621	0.0800954559549477	18760	Prkd1
18761	74.6	72.4	0.0339398243568814	3.05292675482829	0.216141984524888	0.646216643731553	0.748873838039414	18761	Prkcq
18762	9125.6	8672	0.0750811981684407	7.75796390256204	6.25221115871218	0.0196924142667356	0.0506196257889732	18762	Prkcz
18763	4974	4695.2	0.0831573980769789	7.61040694538694	4.37842637024256	0.0475042022320196	0.10266533179749	18763	Pkd1
18764	1011.4	963	0.0757894829389252	5.44007403754927	2.9854902913052	0.0969567760917134	0.179208854428341	18764	Pkd2
18766	3	6	-0.737225207700618	0.663472346144032	5.4214596868867	0.0353546034231959	0.0813284370228657	18766	Pkdrej
18767	16732.6	16981.8	-0.0203275308382284	7.69547993793309	0.226696610015522	0.638774085651783	0.743504641166925	18767	Pkia
18768	363.4	448	-0.302552548191374	2.6187937978202	11.6192246458506	0.00232444718290627	0.00896891606559722	18768	Pkib
18769	1390.6	1447.4	-0.0567146384126	5.58757545795728	2.04023668861434	0.166165542311183	0.2731131167348	18769	Pkig
18771	1353.2	1177.2	0.210082545443873	4.09591847897374	9.31928424151181	0.0055314620383194	0.0181915249833603	18771	Pknox1
18772	14.6	11.4	0.313996355252667	0.353888026365808	3.54002154649441	0.072179595340923	0.142194926217732	18772	Pkp1
18777	723.2	712.6	0.0203531442177529	4.40423880077053	0.116790410446566	0.735538116295145	0.820836004704295	18777	Lypla1
18783	90.6	117	-0.38212434382027	1.45367833429766	7.13229414388466	0.013423578693374	0.0374059006042081	18783	Pla2g4a
18784	42.2	32.8	0.358588990199263	1.41713272052457	7.83611303810011	0.0099859756781455	0.02949270381118	18784	Pla2g5
18786	2074.4	2154.2	-0.0565485061875748	5.44986750572028	1.57915569750353	0.221064449018274	0.33941635289039	18786	Plaa
18789	5667.8	4397.2	0.366560540123286	7.06965530818862	111.097549143005	1.89226060228462e-10	2.13677615198608e-08	18789	Papola
18791	1403.6	916.4	0.614926000984871	5.18947008732664	129.868248594445	5.52613723766497e-11	8.58868684228059e-09	18791	Plat
18792	1187.2	1388	-0.247134997752714	1.70243082492956	6.94934206928065	0.0145183203508256	0.0397966626874327	18792	Plau
18793	5	5.6	-0.178735678260781	0.203960579518745	1.10276872586992	0.304195538216274	0.433808580889775	18793	Plaur
18795	9904.4	10928.4	-0.142274248799746	8.18929870304268	18.50079194119	0.000248875433599889	0.00147367698371684	18795	Plcb1
18796	89.2	90	-0.0222363838079962	2.43883819479865	0.0583773955927636	0.811146689228566	0.875079433207172	18796	Plcb2
18797	261	257.6	0.0249611572926596	4.33724531520574	0.178423586453913	0.676519375602311	0.774527608313331	18797	Plcb3
18798	2144.6	2168	-0.0181810467345717	6.10278185779275	0.104995732801619	0.749483969139461	0.830818413217407	18798	Plcb4
18799	142.4	186.8	-0.393183457076507	3.92947798860463	43.469706780648	8.37771847546015e-07	1.41627535490411e-05	18799	Plcd1
18802	554.2	408.8	0.446960478630829	3.95000789537578	42.3392221720357	1.02941469760314e-06	1.6569220533581e-05	18802	Plcd4
18803	5313.8	4734.6	0.166805355998261	6.83300292788272	12.8361477838418	0.00174296241191604	0.0071509448486615	18803	Plcg1
18805	350.8	252.8	0.472421118228968	3.21433184591763	43.2734677378383	8.68048865706133e-07	1.45217341492089e-05	18805	Pld1
18806	697.6	794	-0.186902318585385	4.4071911062711	15.9442878179746	0.000542293082321539	0.00277757059244349	18806	Pld2
18807	16627.4	17634.8	-0.0849747828240136	9.71927896103861	7.27030681884037	0.0126580203843364	0.0356020678410583	18807	Pld3
18810	10870.8	10833.6	0.00582753338089911	8.38777843208339	0.0270399916058889	0.870773223943213	0.916356474617779	18810	Plec
18813	2633	2623.8	0.00302376491951815	6.17965749850846	0.00574728624852375	0.94020260796048	0.962783456993324	18813	Pa2g4
18817	117.4	103	0.176360257774081	1.07151287311586	1.78452627386305	0.194216338154142	0.307672397159137	18817	Plk1
18822	278.4	217.8	0.352443371057868	4.11439918199508	40.1036458595858	1.56403957604823e-06	2.32100903821366e-05	18822	Plod1
18823	8714	8676.2	0.0069817762566985	9.49823003056712	0.00745188829253091	0.932631468470802	0.958425541790044	18823	Plp1
18824	2.4	2.6	0.030188400033902	0.933874677328137	0.0493951116003456	0.826013433143008	0.884909439864293	18824	Plp2
18826	141.4	179.8	-0.351799276538364	3.33614467154425	30.2410718743099	1.21087579945117e-05	0.000124480788088671	18826	Lcp1
18828	84.4	112	-0.43160964603017	0.314664883654294	5.44128271239315	0.0284464095191728	0.0682632471300013	18828	Plscr2
18830	1676.8	2295	-0.450533571597231	4.86336943243267	23.294606620849	0.000240083190418253	0.00142775159292429	18830	Pltp
18844	5273.4	4162.6	0.340685154972118	7.71781999912192	96.8270725601997	7.25068880180042e-10	5.58029568101272e-08	18844	Plxna1
18845	6727.2	6073	0.148044088014356	8.00929724147862	19.016225292276	0.000214046522152372	0.00129829141048694	18845	Plxna2
18846	1013.4	1137.4	-0.167818360961357	5.60852797396101	11.1680716756044	0.00283285950280766	0.0105314175034933	18846	Plxna3
18854	780	846.2	-0.119250529738141	4.15378414763718	3.49643705205729	0.0738394181851922	0.144710521533902	18854	Pml
18858	340.4	339.4	0.00210579436383974	4.16795876090147	0.00155738098223085	0.968849567650404	0.980792243368745	18858	Pmp22
18861	406.2	489.4	-0.267240895507744	4.0528772556094	25.0662024062227	4.16980109788624e-05	0.000337838032897129	18861	Rsph10b
18933	87.6	98.4	-0.144125069624434	2.7421318437866	2.97554351724638	0.0974833751482229	0.179998046038888	18933	Prrx1
18938	71.2	75.2	-0.0777808403404648	2.11102722102623	0.654117949958336	0.426647616360203	0.55929300261839	18938	Ppp1r14b
18949	2986.8	2990.2	-0.00126873581260098	6.58752135034017	0.00160959995150537	0.968331923671031	0.98061161807196	18949	Pnn
18950	315.6	372.2	-0.236161113722016	3.46700863293879	14.5244152786221	0.000856487197954245	0.0040377253617843	18950	Pnp
18951	19163.2	18979.4	0.0143301349513593	9.57133947044856	0.257751304564052	0.616337415545782	0.72593078496604	18951	Sept5
18952	1639.4	2000.8	-0.289065052886764	7.02455451824077	56.3459231389966	1.00229574746883e-07	2.59162481823157e-06	18952	Sept4
18968	399.6	381	0.0576010675025794	1.97022967513907	0.300848767678471	0.588454480935654	0.701775665630688	18968	Pola1
18969	225	277.2	-0.307461701542358	2.89654679739541	17.021905918889	0.000387977017560955	0.00213144044539188	18969	Pola2
18970	2127.8	1946.8	0.129895561099838	5.57146713782907	12.8550416974141	0.00150324382404432	0.00632543995130616	18970	Polb
18971	167.4	140.8	0.245550225242985	2.7849385245097	10.0633649990925	0.00413119261516012	0.0144441843395076	18971	Pold1
18972	105	105.8	-0.0137067382722853	3.25543310182304	0.0470062126587279	0.830202959280242	0.887700820795991	18972	Pold2
18973	36.8	51	-0.489353924946086	1.08848538771586	13.1244383174283	0.00137009508680948	0.00586766055844275	18973	Pole
18975	1650.8	1637.8	0.0126110897854475	6.02992886993765	0.106240334782093	0.747311492487987	0.82929823055789	18975	Polg
18983	4500.6	4285.8	0.0718390415871098	6.57098629435119	4.73391439246638	0.0397249247243009	0.0891728625508691	18983	Cnot7
18984	1607.2	1461	0.13480503298396	6.14002011139033	7.8578535565336	0.010407262951481	0.0304507244333414	18984	Por
18986	112.2	120.2	-0.0895142547276748	4.22681231381652	2.34596753705598	0.13877977579823	0.23814827013981	18986	Pou2f1
18987	212.8	241	-0.18397889654617	3.60836534291526	7.89024325009183	0.00976489751988268	0.0289997593491646	18987	Pou2f2
18991	988.8	729.4	0.441463457871092	4.36869252044054	60.3492744351972	5.55932229874711e-08	1.60068614553966e-06	18991	Pou3f1
18992	1489.8	1479.2	0.0154328996485426	5.33536146128041	0.0571824788581948	0.81363495799135	0.87693371419683	18992	Pou3f2
18993	2946.2	2700	0.129469160309534	5.95549228703784	7.70798787580955	0.0107005322250201	0.0310947914717411	18993	Pou3f3
18994	27.6	30.8	-0.193324217693238	1.27686261313816	1.83938057660111	0.187738969624296	0.299677423186038	18994	Pou3f4
19009	5045	5569	-0.142617937940006	7.0994277790364	7.01009608060586	0.0165631295207397	0.0441459476475699	19009	Pou6f1
19011	124.4	93.2	0.443632365794929	0.802799057793084	6.21535230159009	0.0200179745312397	0.0513104812687601	19011	Endou
19012	1230.2	1254.2	-0.0272697156902832	4.51524647502703	0.33625247564853	0.567444468275585	0.683942823920556	19012	Plpp1
19013	107.4	92	0.239702479296929	2.68356017185496	4.96529144703746	0.036228018900165	0.0827758117582966	19013	Ppara
19014	3170.8	2877	0.141697751470721	6.00336317045544	15.1339474855579	0.000702291848684321	0.0034384238910017	19014	Med1
19015	320.4	289	0.150553185123704	4.54876098771134	10.0547740253462	0.00414469708533134	0.0144703989544394	19015	Ppard
19016	186	214.8	-0.217657971766889	2.83964099560635	5.81980795250144	0.0239141586415717	0.0593501457770051	19016	Pparg
19017	2156	2000.8	0.112126895415472	5.81449543707065	7.27120280907073	0.0126532104322168	0.035595465859724	19017	Ppargc1a
19018	1918.2	1986.2	-0.0630823361052285	3.6032354344333	0.166701077766654	0.689732715892143	0.785486658958796	19018	Scand1
19023	11.2	3.8	1.26282472958172	-0.0205469661495809	54.8037569710646	1.2679516580952e-07	3.13095814647201e-06	19023	Ppef2
19024	180.6	193.2	-0.102354851044671	3.29076197199536	2.26305934746942	0.145634878594644	0.246892626695635	19024	Ppfibp2
19025	2284	2548.6	-0.158681582736194	6.59653504977814	24.5447663546134	4.75917251368242e-05	0.000376223257325034	19025	Ctsa
19027	768.2	819.6	-0.08932584260563	4.92539505185661	2.00940193794232	0.170962942030143	0.278402249223038	19027	Sypl
19035	1429.8	1302.6	0.137609002296949	5.13664124397139	7.00439061114299	0.0141788935482581	0.0390164556827101	19035	Ppib
19038	9.2	10.6	-0.163569181338195	0.665492529400817	1.10257861175891	0.304236300032892	0.433808580889775	19038	Ppic
19039	62	62.2	-0.0141806150015019	2.02124258475773	0.017481527864179	0.895922415589864	0.934470545399052	19039	Lgals3bp
19042	3225.4	3337	-0.0508260857480155	6.79212467690094	2.45948339685742	0.130004797932203	0.226015076895845	19042	Ppm1a
19043	3637.8	3420.4	0.0899095907116648	6.42824497388265	6.24780933221986	0.0197309835666776	0.0507097504396797	19043	Ppm1b
19044	1030.4	1191.8	-0.20987966539665	4.6205891912173	19.3542928419423	0.000194101779212509	0.00119690576652628	19044	Ppox
19045	5081	5123.8	-0.0123864438535065	7.35044867785169	0.181860167538396	0.673608168845617	0.772355549800543	19045	Ppp1ca
19046	14340.6	13296.2	0.109540279577207	8.04188826775054	6.54192420924292	0.0183228721011955	0.047684334416759	19046	Ppp1cb
19047	612.4	572.6	0.0986619142735347	4.91372734082872	3.16076103026369	0.0882289462566212	0.16663546180494	19047	Ppp1cc
19049	104.6	91.8	0.180267948521159	6.76888394411682	4.51790666402023	0.0539838579488201	0.113685075577254	19049	Ppp1r1b
19052	21727.2	21685	0.00296997372224961	8.60617727920555	0.0132530545977967	0.909313296583098	0.942301002926018	19052	Ppp2ca
19053	8980.6	8730.8	0.0417797801720426	6.68341269433883	2.0622042602414	0.163993216230065	0.270527042614626	19053	Ppp2cb
19054	185.6	179.6	0.0494896375259932	2.95967446143232	0.359411030331432	0.554492787147814	0.672651174606337	NA	NA
19055	18285	18913	-0.049557844740583	9.86693487569153	2.39786720441521	0.134683515341463	0.232554716371462	19055	Ppp3ca
19056	16848.6	16164	0.0604442728564278	8.48096478447281	3.38069226433137	0.0784634507961819	0.151862709936799	19056	Ppp3cb
19057	1342.2	1591.2	-0.240573592620681	4.56917769984097	18.8605807547203	0.000223969119965467	0.00134997900749828	19057	Ppp3cc
19058	79728.8	74747.8	0.0932496526746082	9.94871293359812	8.22863485464822	0.00849917179939038	0.0258843297910637	19058	Ppp3r1
19060	2431	2596.2	-0.0963369393773583	6.75656045930682	9.310241617223	0.00552126258760469	0.0181621141195353	19060	Ppp5c
19062	2986.4	2674.4	0.159929123053474	5.92419878910524	14.8315244747989	0.000774633257906082	0.00371474348093713	19062	Inpp5k
19063	6933.2	7258	-0.0672110076034517	6.7310637762837	4.97024608537638	0.0354786360503981	0.0815405001546278	19063	Ppt1
19069	2841.2	3171.6	-0.158664310148899	5.90918400982551	25.6407031198444	3.61080724882804e-05	0.000302378956978914	19069	Nup88
19070	2283.4	2089	0.129217601192335	5.82581100871422	12.174015918491	0.00190722689542319	0.00767243460797295	19070	Mob4
19072	759.2	815	-0.104737553203335	4.82270587423616	7.00869573348017	0.014152720198333	0.038979309784052	19072	Prep
19073	329.6	373.8	-0.179190816697247	2.25902407729633	3.18052464392027	0.087267075269524	0.165272314720349	19073	Srgn
19075	134	134	0.00241407304102544	2.13808634144284	0.000719664191698889	0.978821521246185	0.986565078231504	19075	Prim1
19076	202.8	195.2	0.0490719474640228	2.92651285096487	0.417346218203743	0.524438784154705	0.646888392743822	19076	Prim2
19079	219.8	314.4	-0.524444985239169	3.97874354232078	59.1515779637091	6.61114457686836e-08	1.85548512066127e-06	19079	Prkab1
19082	1411.6	1350.6	0.0613196507325642	4.61691830388553	1.9758537793915	0.172735761240092	0.280507124233967	19082	Prkag1
19084	31833.6	29865.8	0.0906400214181974	9.60221802262557	8.36923265296454	0.00802730958546702	0.0246917924554885	19084	Prkar1a
19085	61511.4	64616.4	-0.0710568115669561	10.1950174162188	8.70701258987354	0.00700713292018636	0.0219985011356155	19085	Prkar1b
19087	2886.8	2653.4	0.119072225712031	5.97557403098612	7.671873963279	0.0106911966368112	0.0310739103536033	19087	Prkar2a
19088	3117.2	3230	-0.0506514537223397	6.24977214952597	1.47797120879047	0.236002013696028	0.357415455360686	19088	Prkar2b
19089	2453	2232	0.136316239648232	6.13732908551015	15.5420709111613	0.000616088314534903	0.00308663448814124	19089	Prkcsh
19090	690.8	718.8	-0.0608897534561767	4.57292733754564	1.59168968706215	0.219298069035494	0.337385235746571	19090	Prkdc
19091	316.6	287.4	0.130483863273642	3.60987499591589	3.08789308895482	0.0917224924742414	0.171685691041529	19091	Prkg1
19092	725.2	691.8	0.0658035394487223	3.76651386586742	1.20686772821516	0.282932030730822	0.410057111419162	19092	Prkg2
19094	3904.6	2829.6	0.466488811551826	6.60607053550037	124.885808702401	6.3054187176538e-11	9.69558746223064e-09	19094	Mapk11
19099	9783.4	9039	0.114461488434722	8.60395746137938	19.2298123796183	0.000201200188727056	0.0012338343351128	19099	Mapk8ip1
19106	13.8	19.8	-0.504127305647513	1.44246435295222	17.2851168925914	0.000358039204909173	0.00200119824739257	19106	Eif2ak2
19108	219.6	183	0.259767881928553	3.48785577701416	20.0323697575021	0.000159921971969308	0.00102279300125857	19108	Prkx
19122	45857.4	46955.2	-0.0351839680462227	9.83521284113721	1.15635267257056	0.292993458772892	0.421269753246996	19122	Prnp
19125	409.4	283.4	0.527990565326338	4.9485675977273	73.2012160292457	2.46373089716337e-08	8.4989895913125e-07	19125	Prodh
19126	1063.4	984.8	0.118143901819424	4.11042067649329	3.10861981808503	0.0907032148084616	0.170108247935838	19126	Prom1
19128	531.2	543.6	-0.0360486386072161	3.61796794486956	0.463931767265064	0.502359579830452	0.627092613081384	19128	Pros1
19130	34	41.4	-0.275937240156196	2.30942821358109	9.58825096995534	0.00495599706890101	0.0166941445479661	19130	Prox1
19134	3406	3087.6	0.141403799881589	6.75022726866224	25.373707297867	3.85975378491038e-05	0.00031716248554346	19134	Prpf4b
19139	7340.2	7401.4	-0.0148389441342116	6.24109140939756	0.142616507638006	0.709037151796854	0.800220425710294	19139	Prps1
19141	2423.2	2490.6	-0.0414352172720356	6.81679549811495	1.54726272825852	0.225640406376204	0.344893080615481	19141	Lgmn
19142	912	1184.6	-0.379617483504525	5.23672038450231	28.5420281401322	4.96130668347991e-05	0.000387953731971102	19142	Prss12
19144	47	50.4	-0.132937062645645	0.276724365047457	0.222552371213077	0.642636830084489	0.746043265823745	19144	Klk6
19153	262.8	211	0.335151966414275	1.68786581460073	8.68761445480813	0.00706169595088444	0.0221457481610075	19153	Prx
19155	14655.6	14325.6	0.0332788296456305	7.59264625484251	1.4620823479134	0.238462583340314	0.36046205601348	19155	Npepps
19156	78216.6	78652.6	-0.00784041408730195	10.6753478705905	0.102282893629555	0.751894899530838	0.832724609441325	19156	Psap
19157	4702.6	4842	-0.0426349365967559	6.47104280531407	1.32416039994776	0.261265978424634	0.386286666545586	19157	Cyth1
191578	204.8	227.4	-0.141593222968376	3.99315758977288	4.80467619556565	0.0383965815848029	0.0867678799631401	191578	Helq
19158	3031	3119.8	-0.0403449253371876	6.35130500414308	1.14927986547337	0.294440040583981	0.422667230767789	19158	Cyth2
19159	964.6	939.8	0.034827823026052	5.36698206303071	0.422135069846939	0.522423108622894	0.645064653780322	19159	Cyth3
19164	2547.2	2354.4	0.114829812279507	6.17079290809897	11.2406897937375	0.00266598669920884	0.0100233641834355	19164	Psen1
19165	359.2	384.8	-0.107883232203602	3.85602705068812	2.7071557294303	0.113030245937989	0.201995446932207	19165	Psen2
19166	2326	2314.4	0.00668551839244356	5.94523766004473	0.0363948835764712	0.850318712289595	0.901526198740835	19166	Psma2
19167	731.6	681.2	0.101312091218725	3.92020987175086	2.79706590290537	0.107520616730041	0.194642382023288	19167	Psma3
19170	4877.6	4932.4	-0.0175583797319419	6.37264500445913	0.323099793226065	0.575070003152977	0.690586429978055	19170	Psmb1
19171	338	356.8	-0.0802077266923334	4.9059455020874	3.95672523675471	0.0582853689809822	0.120385356280525	19171	Psmb10
19172	7018.2	6749.6	0.0577829273884563	6.27369900685723	2.8572040672396	0.104009978655844	0.189554940296503	19172	Psmb4
19173	1998	1893.6	0.0770666498966166	5.0656193238537	3.46370605556774	0.0751146196437514	0.146678074190189	19173	Psmb5
19175	1207.2	1272.4	-0.0769787544887865	6.09504496422063	4.12911581082916	0.0534460869167427	0.11284103714499	19175	Psmb6
19177	5472.6	5568	-0.0266402682386791	6.59836780473448	0.678292325879321	0.418344014833013	0.551505019879287	19177	Psmb7
19179	5758.6	5718.8	0.00878401323089521	6.71276524469275	0.059034890404551	0.810107631202985	0.874154214364161	19179	Psmc1
19181	4052.8	4044.4	0.0030127362020197	6.29582976623748	0.00530541407165383	0.942542891323778	0.963782979994745	19181	Psmc2
19182	3454.8	3567.2	-0.0467484849195298	7.07590280232106	2.76135153952315	0.109670788133872	0.197505802602415	19182	Psmc3
19183	7.2	7.4	-0.0615216066832046	0.732432162368774	0.161479463737482	0.691380304720272	0.786619247829566	19183	Psmc3ip
19184	7989.8	7754.2	0.0422982569717263	7.26873737141521	1.84186947119479	0.187451415786265	0.299350653383568	19184	Psmc5
19185	3086.4	3179.2	-0.0424825707268506	6.4767265289988	1.93202931774933	0.177388751306611	0.286541910078873	19185	Psmd4
19186	713	793.2	-0.155541159930257	4.52130727385945	7.92273868123125	0.0096347713317246	0.0286899433104135	19186	Psme1
19188	244.6	290.8	-0.253713230080755	2.10514114197702	5.92480128039687	0.0228037281170256	0.0571140333050577	19188	Psme2
19192	4685.8	4604.8	0.024160546735227	6.81026226212899	0.343795341484134	0.563182569594716	0.680337723436859	19192	Psme3
19200	18	21.2	-0.254036666077854	1.62424603987917	5.61132625636759	0.0263017955282622	0.0640657486628754	19200	Pstpip1
19201	911	1222.4	-0.416414794141904	2.35864755515171	12.1715064282426	0.00200304110338769	0.00798454387985815	19201	Pstpip2
19204	7.6	6	0.218073518619288	0.0230857831175451	1.19157231060777	0.28592940915545	0.413282367993288	19204	Ptafr
19205	585.2	595	-0.0263260938526697	4.83477862998849	0.356908222154826	0.555864646046687	0.673862919899254	19205	Ptbp1
19206	326.8	334.6	-0.0266743299827098	4.96245919230158	0.19554715648421	0.662696099307926	0.763235810310499	19206	Ptch1
19207	7.6	9.6	-0.334058463747209	0.935645045296236	7.10679503761959	0.0135705410544361	0.0377499230948459	19207	Ptch2
19210	8028.2	8073	-0.00592793955341701	6.09174583832263	0.0288702389693608	0.866513601415466	0.913603296729094	19210	Ptdss1
19211	12703.8	12612.2	0.0107736289166118	7.39514977805021	0.113744837883434	0.73887362344543	0.823096674626608	19211	Pten
192119	460.4	499.4	-0.11894346656713	6.05000401831238	9.25996855420449	0.00563084055092852	0.0184302919662864	192119	Dicer1
19212	334.6	382	-0.171979393272518	1.02878163824346	1.70211897983549	0.204473886905727	0.320098078775629	19212	Pter
192136	49.2	48.2	0.00349730045781566	1.37661016858692	0.000789212491730988	0.977822042586879	0.986076871802885	192136	Sugct
19214	58.2	63.2	-0.103857618278936	0.271385636933869	0.327794517911505	0.572324703911478	0.688135647307496	19214	Ptgdr
19215	20741	20442.6	0.0293969840392419	9.13006437818822	0.0692543701945896	0.79716530747121	0.864707493747757	19215	Ptgds
192156	155.8	202.4	-0.380905568920703	4.15510476216699	56.3555207503365	1.00084479371242e-07	2.59162481823157e-06	192156	Mvd
192157	10333.2	8314.8	0.314180716020248	7.49732936684544	61.3235898742904	6.03881449674035e-08	1.71820914834419e-06	192157	Socs7
192159	8636	8763	-0.0218284261789785	8.24152193142459	0.39163311120886	0.537391952527261	0.658482814668449	192159	Prpf8
19216	500	444.8	0.168336956824897	4.37056039301042	10.1743798127343	0.00396095131481323	0.0139619112150489	19216	Ptger1
192160	2391.8	2303.4	0.0543683217399187	6.38968764595962	2.45909763417476	0.130033486622107	0.226037764959223	192160	Casc3
192161	262.6	245.6	0.0896926471408203	2.16545927287877	0.637077107388933	0.432655884847846	0.56486389301696	192161	Pcdha9
192163	165.8	158.2	0.0629500869297229	1.63901054995254	0.338429120344512	0.566201912466481	0.683128751485018	192163	Pcdha3
192164	254.8	244.4	0.0587312337027926	3.17174334252693	0.321057981182999	0.577155054954005	0.692235351641981	192164	Pcdha12
192166	350.4	338	0.0545403253761748	3.52066869896687	0.727225917859402	0.402276102132086	0.535158654414833	192166	Sardh
192167	3081.6	3395.2	-0.140052068193125	6.24485962428837	13.4148163678221	0.00124083028741635	0.00543978191517012	192167	Nlgn1
192169	1459.6	1597	-0.13178024475862	5.57654461025192	9.93497135227293	0.00433814486657713	0.0150236914498959	192169	Ufsp2
192170	979.2	927	0.0777568219885963	5.15744695294333	2.20174580525275	0.151015261396791	0.254313711782501	192170	Eif4a3
192173	1680.8	1748.8	-0.0594044158959888	5.64233265281853	2.53511051966691	0.124521957364732	0.218241829968453	192173	Mcrip1
192174	1020.2	940	0.120682821801937	4.59849347296594	6.21638009097445	0.0200088159992418	0.0512961025989785	192174	Rwdd4a
192176	1766.4	2016.4	-0.190367541964508	6.93194537737935	16.3450180663989	0.000591376189510076	0.00298350835713041	192176	Flna
19218	104.2	154.8	-0.612687109200973	1.30606760351146	24.5413600706393	4.76330815625303e-05	0.000376223257325034	19218	Ptger3
192185	3089.6	2528.2	0.289744875985948	6.21175556590152	57.9214841933053	7.92008509886013e-08	2.11602421476755e-06	192185	Nadk
192187	408	267.6	0.601272570675734	4.7001954023733	133.382405556329	3.02158055353454e-11	5.14294936839098e-09	192187	Stab1
19219	60.6	59.2	0.0502907463068606	0.649648678454317	0.104407243685001	0.749422555020006	0.830814052021719	19219	Ptger4
192191	2014	1971.6	0.0320511785578574	5.38325639539659	0.548361418332623	0.466224089089258	0.595325848610649	192191	Med9
192192	280	217.4	0.369199896321169	4.11787448750448	27.5933964401171	2.52320101827361e-05	0.000225222284604693	192192	Shkbp1
192193	1202	1328	-0.139357147942913	4.45333451118652	6.95025918308399	0.0145125924854772	0.0397960561155545	192193	Edem1
192195	1936	1915.6	0.0141543547618606	7.54067184049705	0.10149881038791	0.753178515699711	0.833638170215396	192195	Ash1l
192196	4131.4	4459.4	-0.11078750011187	7.54627802781688	12.9976989160851	0.00143105948882102	0.00607118692439656	192196	Luc7l2
192197	2599.2	2754.4	-0.0853926791338366	5.90877716548684	5.79394041819053	0.024196877689062	0.0599180521017136	192197	Bcas3
192198	5085	5409.4	-0.0894777505198354	6.90881406610837	7.89882900299088	0.00973032932952808	0.0289173621885887	192198	Lrrc4
192199	91.4	112.6	-0.31819032484711	2.27854186680998	7.52073354669972	0.0114222711976906	0.032783460661521	192199	Rspo1
19221	3286.4	3076.8	0.0937670054918338	6.30852403624342	5.73898312521476	0.0248099488616214	0.0611637388445976	19221	Ptgfrn
192216	2203.6	2202.2	0.0034948793522483	6.20696196899075	0.00197976380470043	0.965154509741541	0.97862808023881	192216	Tmem47
19223	248	226	0.132843330411766	2.10601541209859	2.40162485554001	0.134392540616563	0.232159692460868	19223	Ptgis
192231	2524.6	1959.6	0.365601578328827	5.98203010206331	84.0382010118469	2.79169754569081e-09	1.54342992720469e-07	192231	Hexim1
192232	705.4	581.4	0.280552450394859	4.57836062360997	26.6058259644315	2.84643988324073e-05	0.000248745115310529	192232	Hps4
192236	160.6	185	-0.209053328190011	3.74805555949216	16.3369710009373	0.00047944477993862	0.00252363250154145	192236	Hps1
19224	406.8	403.6	0.0170596648686355	4.22608036080654	0.0381975637513191	0.847246688366448	0.899787188365073	19224	Ptgs1
19225	529.8	343	0.621983282034712	4.31571120911292	29.5243526750128	9.39140101854432e-05	0.000657352592358545	19225	Ptgs2
19227	4.6	4.6	-0.0694923875118943	0.961568888268228	0.31257406231308	0.605605830888104	0.716261081716444	19227	Pthlh
19228	219.2	284	-0.371731647330307	2.36148493173295	9.93587693062414	0.00447135297125635	0.0153585485674831	19228	Pth1r
192285	1820.2	1704.4	0.0949728952268324	5.77980430279521	5.59942820196837	0.0264458489982298	0.0643082606696522	192285	Phf21a
192287	1718.4	1796.4	-0.0630768564325088	5.36863839875639	2.10904937933169	0.15947411285013	0.264916541447625	192287	Slc25a36
19229	14835.8	13330	0.153417571039174	8.9493940268551	25.9585858819404	3.33691904359689e-05	0.000284218195970238	19229	Ptk2b
192292	3345.8	3406.6	-0.0262597390863894	6.48087297649571	0.578378097559378	0.454410210366015	0.584813924016595	192292	Nrbp1
19230	2360.8	2263.6	0.0591609976721406	5.73517216279266	2.69130124122164	0.114035658514832	0.203348980267109	19230	Twf1
19231	626.2	578.2	0.11135458733496	6.41403573579809	3.81273957986215	0.0670197116723672	0.133924707403763	19231	Ptma
19240	1335	1365.2	-0.0283950274556653	5.75048585261154	0.242077638301726	0.628226960134992	0.734730325108743	19240	Tmsb10
19242	6087.6	7110.8	-0.222934835352686	7.91924741034296	27.3951854828204	3.24597557881478e-05	0.000278111031512678	19242	Ptn
19243	1566	1147.8	0.459488803775051	3.7607153283593	20.3472564028155	0.000292764508830138	0.00168121502210203	19243	Ptp4a1
19244	5146.8	4755.4	0.113746948122651	6.76843475534949	9.49097683945495	0.00514621866655648	0.017166730811541	19244	Ptp4a2
19245	1593	1397.4	0.186784090179946	6.07553726280862	23.6610863508331	5.97524075153175e-05	0.000454080598436592	19245	Ptp4a3
19246	1562	1167.2	0.421306179937907	5.84844526974954	114.870120325204	1.35882985834422e-10	1.66445142139893e-08	19246	Ptpn1
19247	13172.4	12192.4	0.111879315222955	7.74244847556751	11.2539337011104	0.0026531513558939	0.00998142886467738	19247	Ptpn11
19248	1299.6	1239.6	0.0707373663059365	5.57489598227692	2.95429596177916	0.0986193970140178	0.181539068318978	19248	Ptpn12
19249	131.4	131.4	0.00146428566841047	4.48953767486548	0.000962240316268816	0.975512001136182	0.985087955150863	19249	Ptpn13
19250	378	318.4	0.251629548562908	3.7154175992915	15.3760756206794	0.000649673705348021	0.00321919223075087	19250	Ptpn14
19252	316.8	171.8	0.850480231890092	4.63733717648612	16.5460961001998	0.00178269867218376	0.0072726860309749	19252	Dusp1
19253	19	17.8	0.0803486375566079	0.383404649197247	0.275164551076108	0.612206838978312	0.72235409392592	19253	Ptpn18
19255	1166.2	983.8	0.248530257608625	5.21845652943303	34.0066165941929	5.31153398443587e-06	6.3343986972802e-05	19255	Ptpn2
19258	90	87	0.0388171952979163	3.15938524034184	0.0490242585898177	0.828256167535769	0.886523596383443	19258	Ptpn4
19259	4592.4	4153.6	0.145933673203008	8.01224998054004	16.486906406377	0.000457579099058657	0.00243783571610536	19259	Ptpn5
19260	36	23.8	0.575012112161353	0.27916529606989	12.30224344395	0.00182291099979102	0.00739706782453101	19260	Ptpn22
19261	32529	30986.4	0.0696047842444074	9.21512465803422	6.69676950640777	0.0161951585161537	0.0434214099782016	19261	Sirpa
19262	7349.8	7644.4	-0.0562403783747608	7.28452051443793	3.87466435603259	0.0607619936864589	0.124451446329046	19262	Ptpra
19263	649.4	759.8	-0.224121820142529	5.46586075537132	20.0732810155954	0.000160157214980898	0.00102384448710035	19263	Ptprb
19264	41.6	48.8	-0.239392800463509	1.87936140598772	4.71179347792103	0.0401506945572302	0.0899650678486631	19264	Ptprc
192650	58	49.4	0.203887156524654	2.06381928450502	3.2738995218009	0.0830263068096632	0.158864474268847	192650	Cabp7
192651	565.6	560.2	0.0144938878501042	3.36405473968787	0.0570868612255664	0.813204356586991	0.87664497092097	192651	Zfp286
192652	1431.2	1430.6	-0.00152541518572555	5.18182773472595	0.00103736967503319	0.974574316847467	0.984518952733665	192652	Wdr81
192654	837.4	882	-0.0742997232613331	4.30353704468933	2.74310930589455	0.110788389955208	0.198948364817067	192654	Pla2g15
192656	423.2	445.4	-0.0726077623586704	2.58631294236383	0.828471739618911	0.371832227543932	0.505593886822201	192656	Ripk2
192657	1438.4	1455.8	-0.0172590981378823	5.08996478394398	0.155535290026852	0.696809016871438	0.790800593186739	192657	Ell2
19266	5177.2	5852.8	-0.1773941731392	7.89321042392113	22.9527785699815	7.19439349663267e-05	0.000524131872985527	19266	Ptprd
192662	4103.6	3943.2	0.0564227607518273	8.03636444755348	3.5055003406556	0.0734907005582161	0.144149082082841	192662	Arhgdia
192663	2337.6	2393.6	-0.0333703324085514	6.16133261931419	1.09199114406613	0.306518024897027	0.436042049226975	192663	Abcg4
19267	957	910.2	0.0701594227698267	5.08208199490918	1.86873264567222	0.184381875577517	0.295427960270195	19267	Ptpre
192678	2449.8	4483	-0.870750886109574	5.71787067394711	139.849611849117	3.3781253362358e-09	1.78101729218105e-07	192678	Rassf3
19268	3005.2	3019	-0.00656385871139064	7.11345871037055	0.0336486276808394	0.85600846562047	0.905831053669981	19268	Ptprf
19270	4712.8	4276.8	0.140433566063776	6.47305025011115	13.3097652230311	0.00128599064471124	0.00558886949181106	19270	Ptprg
19271	4534	4243.8	0.0944707079047972	7.47563509517858	4.85159741860173	0.0384816882170293	0.0868677684661786	19271	Ptprj
19272	2264.6	2401.6	-0.0861384587203341	7.02755203914103	4.44660733042159	0.045828349318517	0.0997144303853446	19272	Ptprk
19273	1851.4	1290.4	0.522025898163579	6.13372924759382	150.759272890199	8.59727327620053e-12	1.97246012593972e-09	19273	Ptpru
192734	483.4	621.4	-0.362262360958019	3.94458747421633	27.8067016081772	2.13130317583971e-05	0.000196215643971893	192734	Lrrc75b
19274	1105.6	1262	-0.194462255672282	5.75257927302516	17.8706154512792	0.000300073197833066	0.00171772594117985	19274	Ptprm
19275	17407.2	16430	0.0825256414233897	9.44035536866776	7.27880015882223	0.0126125064482979	0.0355029750558376	19275	Ptprn
19276	17417.2	17496.8	-0.00775183673287032	8.94056577809935	0.0526366317627546	0.820495500854366	0.881415233693721	19276	Ptprn2
19277	548.4	425.6	0.363388085469227	4.99273419679536	52.996909270841	1.68024197256833e-07	3.90453657098114e-06	19277	Ptpro
192775	99.6	111.8	-0.14458004088536	1.9544027702482	1.34464947808755	0.257705828826995	0.382117362522096	192775	Kcnh6
192786	937	866	0.109786795875183	5.28140736151584	5.60211992611221	0.0264131827527469	0.0642396337722032	192786	Rapgef6
19279	1018.2	1134.2	-0.161770188629424	4.62416404087413	12.3636260567104	0.00178399678766925	0.00727592820794904	19279	Ptprr
19280	21247.8	21157.4	0.00690337256584121	9.29471027435112	0.073227422852936	0.789024928334802	0.859359981474737	19280	Ptprs
19281	18.8	23	-0.239244343952246	5.80138155043874	0.912602493212882	0.35959062675553	0.49293654392303	19281	Ptprt
19283	4119.8	4111	0.00517003590294474	7.50800544592468	0.0216612942336867	0.884230147102986	0.926134967117867	19283	Ptprz1
19285	510	525.2	-0.0425664083528369	4.26152634886542	0.412253512239829	0.527062993432448	0.649349514752183	19285	Cavin1
19286	646.8	647.8	-0.00245707661382638	4.25226645992211	0.00246037037489907	0.960852970940761	0.975617752949156	19286	Pts
19289	66.4	58.6	0.202991304975006	0.69341191397677	1.13466246748992	0.297713348873387	0.425954995587908	19289	Igdcc3
192897	32	38.4	-0.250831135587407	2.80355221684883	8.97351676848445	0.00630255890406991	0.020197640422665	192897	Itgb4
19290	236.8	260.4	-0.139112267503197	2.91151568960582	2.80259797196163	0.107191974067761	0.194203157830962	19290	Pura
19291	29635.6	29028.4	0.0311737367108724	9.01104875422588	0.645718348961168	0.430112201522719	0.562355654528212	19291	Purb
19293	2258.2	2367.6	-0.0667818442001983	5.30556863066398	1.0776716038035	0.312297672769194	0.442587563702905	19293	Pvalb
19294	99.6	132.8	-0.428491240054469	2.31168043141522	19.4132355595364	0.000190836027535807	0.00118231630604482	19294	Nectin2
192950	1041.4	1137.6	-0.129952166398579	5.67602863178018	8.50087444135544	0.00761150090964068	0.0236087197742374	192950	Nacad
19296	107.4	112.8	-0.0726804349632928	2.65635712990601	0.766567180029414	0.390023249261932	0.523532322142641	NA	NA
192970	90.8	105.4	-0.206850356311949	2.40704557064401	4.69108177903735	0.0405539865778033	0.0906818258037698	192970	Dhrs11
192976	970.2	1079.8	-0.155943833926667	4.19610889284887	9.47718029854397	0.0051738401920577	0.0172229888843283	192976	Lrrc75a
19298	3410.2	3415	-0.000806104693958737	6.32686276731445	0.000716283657739119	0.978871309043597	0.986565078231504	19298	Pex19
192986	390.2	368.6	0.0809268132214669	3.21150314242373	2.00662424201202	0.169557149247563	0.276705321804706	192986	Cyb5d2
19299	2817.4	2732	0.0443964147162773	6.24946599832751	1.77157663506174	0.195785406012773	0.309682891060256	19299	Abcd3
19300	290.4	280.4	0.0506201749243365	3.88906629120123	0.922301297536724	0.346517663629546	0.479416416454917	19300	Abcd4
19301	23.6	25	-0.110167550449354	1.09491494766342	0.616274263335558	0.440172440394388	0.571526849158872	19301	Pxmp2
19302	1962.8	2040	-0.0544366109894125	4.23082113290858	0.883936471084882	0.35656146131541	0.489899178883358	19302	Pex2
19303	727.6	736.4	-0.0175398322937255	5.19638805127696	0.162047193860648	0.690867940246983	0.786211140389281	19303	Pxn
193043	109	112.2	-0.0477263693336328	2.12751750398898	0.156482045889779	0.695964542632223	0.79041124167642	193043	Zfp3
19305	2989	2866.6	0.060643973606147	5.81862145831229	2.35618997791604	0.137961392808158	0.236968980588131	19305	Pex5
19309	589.6	489.4	0.263474016148998	4.97327900877475	20.7668411077711	0.000144335477579184	0.000936787154436252	19309	Pygm
193116	2006.6	1929.4	0.0553111082836459	6.02230635428493	1.6564293354786	0.210450830422739	0.327186867046389	193116	Slu7
19317	3824.4	3783.8	0.0161943882337515	7.77739536925122	0.101131224674487	0.754183868879381	0.83449235556783	19317	Qk
19324	11433.8	11148.4	0.0358138157731813	7.72094320715297	1.15075443109347	0.294137665345057	0.422442946631306	19324	Rab1a
19325	6760.4	6648	0.0236143517511451	7.34471534416965	0.601935093702153	0.445474675013603	0.576492176479973	19325	Rab10
19326	418.8	385	0.119118953859784	3.90357312850834	4.6721840705667	0.0409259267525269	0.0912453100849951	19326	Rab11b
19328	4616.8	4949.2	-0.100161774321844	6.53686100351372	9.36889031198531	0.00539637476123594	0.017820242357529	19328	Rab12
193280	92.6	87.8	0.0724145464213278	1.99408763498768	0.532054420768135	0.472855448921849	0.60127145761559	NA	NA
19330	6301.2	6295.2	0.00159966962958282	7.04142383241502	0.00218288914037214	0.96312472025404	0.976775519685089	19330	Rab18
19334	1058.8	1009.6	0.0684299480008785	4.9267685573974	2.05516240445663	0.164685815184788	0.271359869206672	19334	Rab22a
19335	2638.8	2477.4	0.0960424282379079	5.01566415735096	5.12686273049069	0.0329451901262543	0.0768171927867204	19335	Rab23
19336	3276.8	3335.2	-0.0219434303010217	5.73978268503392	0.317704041607282	0.578258248638678	0.69304682635352	19336	Rab24
19337	1223.2	1372.6	-0.169704195948451	4.56009643658112	11.2974621815674	0.0026114392924436	0.0098527130078256	19337	Rab33a
19338	792	840.8	-0.0862344538961634	4.43740878053771	2.51757946606211	0.125768265360216	0.21999933529185	19338	Rab33b
193385	2344.8	2081.8	0.174703756927529	5.87017148532695	20.5369365577296	0.000138746641020357	0.000906210550975252	193385	Ripor2
19339	25255.8	26618.8	-0.0766772611317925	9.07559193274071	6.19168729808846	0.0202301419692556	0.0517716841401595	19339	Rab3a
19340	367.2	366	0.00116379031391863	3.21487536671104	0.000278008919317515	0.986835860176251	0.991624290710296	19340	Rab3d
19341	992.6	995.8	-0.00453628532002439	5.17541628966579	0.00870303843337261	0.926453227416378	0.954247484434998	19341	Rab4a
19342	1930.2	2158.6	-0.16265182166427	5.64649884959376	20.0149440683787	0.000160713449367485	0.00102558595900999	19342	Rab4b
19344	7207.4	7379	-0.0345776173831936	7.14906678805281	1.28705182111244	0.26787825235264	0.393967466372106	19344	Rab5b
19345	2362.4	2381	-0.0117550452221223	7.02456131104172	0.114408118780842	0.738142981719193	0.822658728990103	19345	Rab5c
19346	30885.2	30055.2	0.0378598963382914	9.36148995860427	1.65656045290484	0.210433369236852	0.327186867046389	19346	Rab6a
19347	15056.2	15234	-0.0159058935452094	8.39024270246563	0.256578942510961	0.617136210464069	0.726318141046487	19347	Dennd5a
19348	240.8	217.6	0.151780275247458	1.89878165357554	2.25101259124767	0.146664171254877	0.248346289985706	19348	Kif20a
19349	2246.8	2331	-0.0571210682105212	6.68855245914324	1.83675349591221	0.188219274351353	0.300178902292227	19349	Rab7
19352	1204	1114.8	0.109124262409587	5.43172984159643	6.89792262977537	0.0148434927939654	0.0404883647563646	19352	Rabggtb
19353	12226	11869.8	0.0420843509897653	8.15929872749562	2.72286706550701	0.112044119842545	0.200826705140164	19353	Rac1
19354	11.2	14	-0.313008121496496	0.960027335583957	5.74169161652151	0.0247793331325421	0.0611091078481085	19354	Rac2
19355	273.2	263	0.0558668574470455	2.62458813363843	0.320405926625553	0.576657295734596	0.691759030006461	19355	Rad1
19356	661.4	664.2	-0.00247245380352464	4.16749428532949	0.0023669258593915	0.961602943239618	0.97597184711539	19356	Rad17
19357	4968.6	5067.8	-0.0283714323767743	6.97163948996491	0.890667690645497	0.354769621269635	0.487947483664602	19357	Rad21
19358	1741.4	1974	-0.18110815518335	5.34120470120948	23.002681142458	7.10019576076927e-05	0.00051805264778475	19358	Rad23a
19359	8193.6	8445.6	-0.0449226694223884	7.94308958801864	1.77756064446797	0.195058407323424	0.308701874461051	19359	Rad23b
19360	659.2	799.4	-0.271754148089988	4.39942164633726	26.3350075923041	3.04142107851726e-05	0.000263711459321467	19360	Rad50
19362	103.4	121	-0.217306128935085	1.00528798595446	3.10203193363812	0.100123602242296	0.183752951642836	19362	Rad51ap1
19364	605	702	-0.216299199807925	4.33555526398398	14.7597106680614	0.000792979735786089	0.00378900135571971	19364	Rad51d
19365	1168	1273.2	-0.120556102268451	4.02707408722504	3.41385116322899	0.077105698775432	0.149675768211133	19365	Rad52
19367	138	142.8	-0.0455689094939063	2.96776297517856	0.449780728999192	0.508889083894742	0.633383520073589	19367	Rad9a
193670	1498	1439.2	0.0588990031660266	5.06433044257246	2.53623775035522	0.124442319675835	0.218155159320135	193670	Rnf185
193736	32	33.4	-0.0488700874517366	2.45884134143398	0.21011579429774	0.650830668116142	0.752869666022467	193736	Zbtb12
193740	537.8	401	0.411624025816796	2.85287821761205	19.6950918457636	0.000176024228296402	0.00110764222716421	193740	Hspa1a
193742	1883.4	2231.4	-0.244610546559009	6.24506150382892	51.8235521299634	2.02469292375652e-07	4.53017206191591e-06	193742	Abhd16a
19376	599.2	847.2	-0.492540394873624	3.6694755177475	52.0212898648139	1.9616485817428e-07	4.41129402238957e-06	19376	Rab34
19377	1840.6	1885.8	-0.0353466964136169	6.73775810505299	0.988004660801012	0.330219571985107	0.461772128603523	19377	Rai1
19378	109.6	150	-0.449465281784058	2.95847095552341	24.5523652963934	4.74996052436291e-05	0.000375785054291962	19378	Aldh1a2
193796	2722.2	2549.2	0.0938742554191279	6.27001183711862	7.38616261386469	0.0120524728098254	0.0342319595192015	193796	Kdm4b
193813	3716.6	3293.4	0.174172995873674	5.88268321361797	25.5297609399141	3.71206561607563e-05	0.000308003423735689	193813	Mcfd2
19383	1693	1694.4	-0.000592744565174546	6.04788611962968	0.000266556073228521	0.987109840938274	0.991637867731569	19383	Raly
193838	907.8	957.4	-0.0749079663158699	4.36683608438495	2.35162916076347	0.138325810563396	0.237508801827531	193838	Eme2
19384	13851.6	13973.4	-0.0115233595776926	6.73705608098328	0.118901258883326	0.733254829466517	0.819110078453439	19384	Ran
19385	915.4	1008.8	-0.142631267511187	5.32288008556299	2.80920549256777	0.115328291446695	0.20503014949582	19385	Ranbp1
19386	5795.6	5261.4	0.139477198723814	6.98454000911387	21.7594191058353	9.9050616046551e-05	0.000684358319472681	19386	Ranbp2
19387	11879.2	11356.6	0.0660686495029249	7.96551655493118	5.31713137126864	0.0301353415511192	0.0714997089264408	19387	Rangap1
19395	62.8	50.4	0.31045325310611	4.33475425141471	7.75388809898111	0.0146604564528914	0.0400852923403538	19395	Rasgrp2
19401	97.4	63.2	0.619732994800462	3.66554817730202	37.1258522719489	9.98468619515013e-06	0.000105188523516545	19401	Rara
19411	197	240.4	-0.281873167569659	3.20642079360128	13.4247589527903	0.00123664653760192	0.00542473112427863	19411	Rarg
194126	117.8	130.8	-0.148961432358476	2.50609910949342	2.35819465745756	0.137801575762386	0.236750740053432	194126	Mtmr11
19414	1881.8	2165.6	-0.20062788682025	6.34652388319266	24.5178441296239	4.79196609107068e-05	0.000377455465287932	19414	Rasa3
19415	2174	2257.4	-0.0543260606783375	7.06251480292643	2.69591537229093	0.113741978210047	0.202991301771579	19415	Rasal1
19416	259	71.4	1.84938094472856	2.49890814205745	113.315763867662	2.00324233022422e-08	7.18482993574712e-07	19416	Rasd1
19417	12449.6	13552.4	-0.125137823933723	8.73458231226807	7.8316872168659	0.0113239227090985	0.032527022821405	19417	Rasgrf1
19418	11535.4	13060.6	-0.178100119304786	7.87402344641417	33.7783099273363	5.57463647922038e-06	6.59376396650175e-05	NA	NA
19419	31580.2	29804.6	0.0823197952886625	9.39510833523032	5.81992093429532	0.023912931888486	0.0593501457770051	19419	Rasgrp1
194237	538.4	547.4	-0.0230814616398824	3.67177093009723	0.153269435910949	0.698910082813466	0.792503831253302	194237	Rimkla
194268	361.6	352.2	0.0376187924708581	3.64405823238528	0.377390249333019	0.544825830620285	0.664942375731284	NA	NA
194309	528.6	703.6	-0.413573178746268	4.08518777581033	58.4258070853752	7.35224954978182e-08	1.98634420546816e-06	194309	Vps37d
194388	2337	1653	0.501871209617398	6.51694440823291	128.355313892578	7.20761466100326e-11	1.04977614549226e-08	194388	Tet3
194401	382.4	351	0.122448507503273	5.25396442946966	7.76711460914606	0.0102758054597318	0.0301270775081061	194401	Mical3
194590	13196.8	12857	0.038755222235065	7.75820432631363	1.08893677414979	0.307180576812663	0.436790584714401	194590	Reps2
194655	248	352.2	-0.507104331427342	3.11622082945719	42.9363146517487	9.22875108576563e-07	1.52622846903497e-05	194655	Klf11
194952	575.2	603.2	-0.0616971904515998	5.10830462797924	1.28437697047337	0.268524050900312	0.394756573607924	194952	Jmjd4
195018	1191.6	1130.8	0.0773986214214496	6.55172636133669	3.8837977175612	0.0604805243992259	0.123942090424129	195018	Zzef1
195040	1791.6	1847.6	-0.0457320369291683	5.03168697166441	1.13031445498304	0.298366466333061	0.426735494199293	195040	Tmem199
195208	108.2	123.4	-0.19437098599431	3.20880768833501	4.75416374655918	0.0395697317154702	0.0888797050839793	195208	Dcdc2a
195209	139.6	98.4	0.49784606190154	2.97337409133429	29.742954956014	1.38202194844758e-05	0.000138624186279399	NA	NA
195434	15.6	19.2	-0.271354979723749	2.30375869099637	6.75248349843608	0.0158076442313497	0.0425798899962596	195434	Utp14b
195522	118.4	102.8	0.210915981548128	2.22281255200865	4.30492860089647	0.0489731651877684	0.105230011380709	195522	Zfp691
195646	3880.4	3454.6	0.168398430489438	6.12899218488063	10.5906150829191	0.00391540433857161	0.0138268395577117	195646	Hs3st2
195727	20	21	-0.102317579082037	1.28399714713522	0.478543365085243	0.495769845799847	0.621173487447208	195727	Nhs
195733	771.8	794.6	-0.0447272652534472	4.51177264703708	0.797044854813975	0.380907967428251	0.514257777060334	195733	Grhl1
19645	586.8	676.6	-0.203812043909781	5.09691998295242	23.4834094751435	6.25838227183712e-05	0.000469427386388862	19645	Rb1
19646	8630.4	8760.2	-0.0207135525406396	6.71625490693469	0.436952325077956	0.514939231959116	0.638330330937998	19646	Rbbp4
19647	3262.2	3195.2	0.0308999964599258	6.8620038278251	0.984097687133169	0.331158501492008	0.462648847918566	19647	Rbbp6
19649	2745.8	2131	0.372008851440213	6.67928563644627	23.1717052953787	0.000313702808318324	0.00178233505952557	19649	Robo3
19650	19.8	25.4	-0.358554051673902	0.940603728700612	8.04696262665301	0.00915462988539296	0.0274638896561789	19650	Rbl1
19651	2609.6	2184.6	0.254670114639064	5.783587431293	42.4399204853211	1.01054950707048e-06	1.63933586702544e-05	19651	Rbl2
19652	802	695	0.210526618723019	4.09023400204434	8.32034609152868	0.00848072334046852	0.0258444813753177	19652	Rbm3
19653	265.6	217.6	0.287733364045451	3.74811431030417	31.1613919402283	9.84644306053024e-06	0.000104187765737119	19653	Rbm4
19654	3882.6	3717.4	0.0620605262902807	6.1350369477428	2.87846237581879	0.102801031573365	0.18794410705305	19654	Rbm6
19655	1411.4	1549.8	-0.133363199126805	5.79871078196814	15.4843033925959	0.000627556678653064	0.00313323116865333	19655	Rbmx
19656	636.4	623.6	0.0271233598388738	4.14861295792006	0.227812635240137	0.637500058521705	0.742380425867928	19656	Rbmxl1
19659	104	103.4	0.0214379052898329	3.03278987801716	0.0776595421944674	0.782899152932773	0.854893340424157	19659	Rbp1
19662	1668.4	1682.6	-0.00171035745917291	4.01966481909774	0.000807174326093391	0.977571156261423	0.985892652288767	19662	Rbp4
19663	109	100.6	0.111410533662254	1.65496798606261	1.13548310743322	0.297289473600993	0.425489855572706	19663	Rbpms
19664	785.8	780.6	0.010325246925031	4.96508014238763	0.0545089572080612	0.817389707018055	0.87907140896617	19664	Rbpj
19671	249	240.4	0.0440924536257444	3.98726753724622	0.525759467676279	0.475457389357618	0.603714474789718	19671	Rce1
19672	249.4	249.6	-0.00304314160411282	4.06086870471169	0.00234161945421406	0.961808591521757	0.97597184711539	19672	Rcn1
19679	11992.2	9045.4	0.406313188223226	8.59858158516168	142.182798578601	1.57246705129579e-11	3.11348476156566e-09	19679	Pitpnm2
19682	302.4	323.2	-0.0786461611802026	0.896951739832361	0.449393625092541	0.559681097947095	0.677637007013513	19682	Rdh5
19684	2414.4	2456.4	-0.0229279891377062	6.18590327668679	0.362606944749401	0.552750491974678	0.671608575235541	19684	Rdx
19687	1914.4	2026.4	-0.0828797253224852	5.48996614430221	5.52966777281028	0.0273083372043113	0.0660058036707551	19687	Rfc1
19691	543.6	539.8	0.0121396441026484	4.18954204014784	0.0512198899662592	0.822884504372681	0.882866139118373	19691	Recql
19696	7.4	8.4	-0.0321929738630799	0.351857993521323	0.0259632742800571	0.873348651422972	0.91825090982077	19696	Rel
19697	400.4	392.6	0.022320813414584	4.13302182056319	0.179992878799908	0.675185903575567	0.773491087444023	19697	Rela
19698	29.4	25.6	0.19093732751099	2.10640315940284	4.02712102270696	0.0562517073330427	0.117426314449647	19698	Relb
19699	1704.8	1910.2	-0.158574515044692	6.5433250995012	11.2285625710278	0.00294745028165047	0.0108790721069908	19699	Reln
19703	142.2	155.6	-0.128268372635186	1.31851470828385	1.20545074059712	0.283207957436809	0.41029245432411	19703	Renbp
19704	3058.8	2567	0.253341901624965	6.32228373877003	70.480040111817	1.40918959857815e-08	5.44647251657516e-07	19704	Upf1
19707	1799.6	1849.8	-0.0406355361856201	5.45870010118164	0.894600460801633	0.353728649116341	0.487025518606173	19707	Reps1
19708	1736.6	1507.2	0.206572183451976	5.69555537359981	23.4984188665115	6.23390881185537e-05	0.000468320779451962	19708	Dpf2
19711	4025.2	4179.8	-0.0561615060232877	5.65203953128494	1.66302137297641	0.209575187174757	0.325965754376835	19711	Resp18
19712	40.4	58.2	-0.541075371252719	1.21070693436183	18.9248016339334	0.000219815579624833	0.00132826688457247	19712	Rest
19713	165.8	156	0.0914934443490854	2.354053057742	0.599699509674809	0.446750123642708	0.577733406739885	19713	Ret
19714	618.4	702.2	-0.183401421570958	5.03868639588128	15.0572761940528	0.000719907929283435	0.00350709444215126	19714	Rev3l
19716	349.4	404.4	-0.213690374701445	4.86985799276128	13.6137831563012	0.00119555589597292	0.00527316657809895	19716	Bex1
19718	328.4	384.4	-0.220786918206694	4.48402557222885	5.39525174537219	0.034031298202699	0.0789674721820215	19718	Rfc2
19719	1554.2	1500.4	0.0528312130514243	6.36818130663179	1.74371339679021	0.199214892008829	0.313802533685224	19719	Rfng
19720	377.8	387	-0.0354423516623097	3.5416735533249	0.307315763691307	0.584498975909814	0.698210594859542	19720	Trim27
19724	391.6	351.4	0.154295048816953	5.16723610178472	13.0260174389081	0.00141718524337092	0.00602293311016855	19724	Rfx1
19725	54	51.6	0.0753814614483956	1.43309834772895	0.458300233683194	0.504940308686388	0.629878935164672	19725	Rfx2
19726	1260.6	1165	0.116102020329283	5.54512282163071	2.86263890081204	0.109255652397546	0.197000934131263	19726	Rfx3
19727	131.2	134.2	-0.0367160131348932	3.30164706012508	0.349388162639371	0.560026504175523	0.677941632441625	19727	Rfxank
19729	529	536.6	-0.0193144525519509	4.8432677771331	0.217367265203553	0.645288138293481	0.748074651178535	19729	Slc50a1
19730	2009.2	1714.4	0.229000028688635	6.77270335553271	54.0390745520936	1.42723077418553e-07	3.42690396368499e-06	19730	Ralgds
19731	6234.6	4914.6	0.344066824793577	6.9912344487451	118.043155297423	1.03568845014885e-10	1.34863431157221e-08	19731	Rgl1
19732	1115.8	1154	-0.0495104126336712	5.80988493370864	1.47412438481281	0.236594762353341	0.35820055463027	19732	Rgl2
19734	184.6	148.4	0.319300864296967	3.41629951696751	20.3648077739232	0.000145606339850122	0.000942918474997161	19734	Rgs16
19735	1771.2	1672.2	0.0850233800977546	5.13142270456054	2.77206829063055	0.109020366855347	0.196652986712491	19735	Rgs2
19736	27150.8	29850.4	-0.137020618214608	9.32749194181498	13.6883065946253	0.00117603987414529	0.00519831203085504	19736	Rgs4
19737	364.8	385	-0.0766046283042119	4.07909589484342	0.744255832322863	0.399515803857879	0.532810613486047	19737	Rgs5
19739	8.4	7.2	0.236992506010918	5.29919284485446	1.88800494916185	0.196180118563701	0.310273272099763	19739	Rgs9
19744	10226.4	9746.4	0.0689246804981611	6.57178693152945	2.69788389967682	0.11366745670072	0.202894653614623	19744	Rheb
19762	1712.8	1668.2	0.0383144760404879	5.93503401149272	1.06196525707993	0.313116401996646	0.443443511116943	19762	Rit2
19763	260.8	267.6	-0.0375759976627099	3.91375280215325	0.438345999824606	0.514275751871585	0.638105632872315	19763	Ring1
19765	4721	4200.6	0.170091121538548	6.57833560689425	23.0290206030528	7.05101755403903e-05	0.000515505350157209	19765	Ralbp1
19766	182	170.6	0.0918269790790288	2.74252926787373	1.79270783991004	0.209055800844217	0.325297937926829	19766	Ripk1
19769	932.8	881.4	0.0848292024435217	4.93745106696274	2.79086317691767	0.107890498255902	0.195126663021078	19769	Rit1
19771	779.8	866.8	-0.152856057733106	3.99732824358366	5.68382657087593	0.0254426595298786	0.0623830705419618	19771	Rlbp1
19775	3708.8	3579.2	0.0519689381394045	7.0078971290917	2.28692992054512	0.143620668380954	0.244280200138657	19775	Xpr1
19777	2557.6	2780.6	-0.122477513231166	5.80336444917036	12.7028591536321	0.00158465423196213	0.00661027193904204	19777	Uri1
19819	382.8	430.2	-0.172877435852458	3.43330169259483	7.34123220618405	0.0122834346402344	0.0347649822380943	19819	Rnaseh1
19820	1841.2	1748.4	0.0761098080847617	5.5882087308515	3.83061118247609	0.0621406664321183	0.12678015720585	19820	Rlim
19821	561.4	514	0.127134069833301	4.98457454036104	7.17264894158427	0.0131945732768021	0.0368815242976017	19821	Rnf2
19822	2182.6	2074.8	0.069473742874719	6.25893650321385	3.11450187231146	0.0904163390597982	0.169702345769423	19822	Rnf4
19823	1747.8	1754.6	-0.00225674683783857	5.50380061021145	0.0031237884097326	0.955894844680962	0.97231064799312	19823	Rnf7
19826	1015.2	1071.4	-0.0808857819818988	6.20102699205831	4.89387468211908	0.036792533081024	0.0837875016784499	19826	Rnps1
19876	1000.8	1079.6	-0.110834139725483	5.74230270481537	7.78960907492002	0.0101803117682131	0.0299077695727139	19876	Robo1
19877	631.8	613.6	0.0408749732796905	4.75923465730819	0.563043278093045	0.460383751866623	0.590196721858697	19877	Rock1
19878	8200.2	7146.6	0.197566950948811	8.19323845766016	46.5741868526398	4.84375505832347e-07	9.10424390286183e-06	19878	Rock2
19879	1007.4	1573	-0.638614631640264	4.37094492944164	134.288489598396	2.82033034361321e-11	5.14294936839098e-09	19879	Slc22a8
19881	27.8	29.2	-0.0688562205095173	1.77483485528137	0.411321495782133	0.527421952194677	0.649625640990358	19881	Rom1
19882	42.2	38.2	0.158520470138725	1.13033775484448	1.24671352662923	0.275316161235974	0.401961595404521	19882	Mst1r
19883	0	0	-0.329823489173248	0.839818103596275	1.77876528286816	0.199213028517197	0.313802533685224	19883	Rora
19889	117.8	108.4	0.112039609582433	3.33610569451536	1.98907940691397	0.17136076624912	0.278823269550986	19889	Rp2
19891	905.6	974.4	-0.0954297343959275	3.27243707362202	0.905995059691629	0.352447664589742	0.485678190864727	19891	Rpa2
19892	3225.4	7350	-1.22984559172922	0.0802939165760086	43.597317508495	8.18699031379615e-07	1.39053769677567e-05	19892	Rpe65
19893	626	679.2	-0.120058531641914	4.71814148073624	5.63134268188306	0.0260614166327325	0.0635981286526279	19893	Rpgr
19894	28634.4	26788	0.0942977436287952	9.51889507112744	6.44834643336631	0.0183544271322924	0.0477406675850555	19894	Rph3a
19895	220.2	247	-0.163551052877241	3.35664775762948	7.35033276352708	0.0122362624867873	0.0346529711246013	19895	Rpia
19896	983.2	1051.4	-0.0941993386801617	2.30482837260591	1.06724336196935	0.311942623390723	0.442241480265413	19896	Rpl10a
19899	71.6	68	0.0760112039860437	2.68527442336754	0.8027369023172	0.379240353192056	0.512734293903614	19899	Rpl18
19921	717.4	771	-0.107849395042444	4.66299992431037	3.44418343328016	0.0758872103103906	0.147786814581836	19921	Rpl19
19933	509.4	549	-0.10929041711374	5.10521894215775	5.9664851163635	0.0223788554122148	0.0562448228357072	19933	Rpl21
19934	7642.8	8021	-0.068546612015327	6.13196805385833	3.43089205277204	0.0764184090231778	0.148641055580812	19934	Rpl22
19935	28	37.2	-0.368156483036218	0.547840086195035	4.66331317930114	0.0411018408579262	0.0914755486243977	19935	Mrpl23
19941	1678.4	1681.6	-0.00244503421415508	6.29543482960473	0.00466850964692106	0.946095967916567	0.965875909045491	19941	Rpl26
19942	78	73.8	0.0780525572913221	0.944460618051514	0.375042653450836	0.546069774875492	0.665938487119114	19942	Rpl27
19943	30.4	28	0.108014389775586	1.74796864442574	1.16537703876092	0.291161477377195	0.419168126893424	19943	Rpl28
19944	505.4	557.8	-0.14114884180726	5.63310575999132	12.9400532430996	0.00145976230794965	0.00616761309532424	19944	Rpl29
19946	3317.8	3303.6	0.0140918230662391	2.95407175395024	0.0476444480321587	0.829072920383022	0.88700370031208	19946	Rpl30
19951	1831.4	1828.6	0.000714238090706801	6.12336968031408	0.000184226637376834	0.989304694163836	0.992909420556591	19951	Rpl32
19981	2156	2121	0.0235887425203821	4.03964407026604	0.143523214166103	0.708158588773702	0.799603487394351	19981	Rpl37a
19982	266.4	259.6	0.0148606953928764	1.89876319942703	0.0208503232023037	0.886402015152293	0.92760315139091	19982	Rpl36a
19988	2351.2	2259.4	0.0574073098522043	4.59909990638569	1.37777752508549	0.252081200571652	0.375681238067996	19988	Rpl6
19989	4220.2	4179.6	0.0129445775668409	6.61034161891098	0.160424486602579	0.692335197939869	0.787581689833375	19989	Rpl7
20005	298	279.4	0.100583980373207	2.1010987579535	1.49690494730938	0.237932397889223	0.359848789273917	20005	Rpl9
20014	2655	2587	0.0349266127765725	6.22670559005501	0.930034700246633	0.344541622982131	0.477377743345832	20014	Rpn2
20016	1050.8	1080.2	-0.0327579583990924	4.00864692381046	0.229505610265014	0.63625863171393	0.741173618858248	20016	Polr1c
20017	1229.8	1199.6	0.0392399511245593	4.45812948517612	0.627693593178065	0.436021115248302	0.567770198180086	20017	Polr1b
20018	1543	1447.2	0.0954802727180139	4.78015657055651	3.98506459136344	0.0574568214820205	0.119202080910166	20018	Polr1d
20019	897	837	0.099757975329249	5.44204457914396	7.15189611001386	0.0133117982162015	0.0371599258342001	20019	Polr1a
20020	3262.4	2985.4	0.126712904242902	6.6369174033032	9.35586484137411	0.0054332222796921	0.0179214502123847	20020	Polr2a
20021	655.2	573	0.194422844749375	4.28439491985985	11.1095948310274	0.00279676404862237	0.0104213528122681	20021	Polr2c
20022	241.8	240.8	0.00192396072138099	4.62744650318263	0.00122230523696108	0.97240173710244	0.98310156504702	20022	Polr2j
20024	11621	11116.8	0.0638025701726595	7.71085117397761	3.52076757436891	0.0729075281168456	0.143199539529948	20024	Sub1
20042	318.4	359.4	-0.172758205973224	2.13087379738732	3.46474150622566	0.075073894589071	0.146677219841908	20042	Rps12
20044	6059.4	5932.2	0.0303998024459582	6.31639795707965	0.517024909454445	0.479107613505839	0.606827669569724	20044	Rps14
20054	2196.2	2230.8	-0.0220014860602719	6.83128930052023	0.373670970798042	0.546799099762028	0.666314310363913	20054	Rps15
20055	148.8	174.4	-0.206145527486445	1.25266003253926	2.4257513880245	0.132541923912164	0.229569918301547	20055	Rps16
20068	341.4	326	0.0506554351060596	3.30322479920056	0.522375212198317	0.476866137748415	0.604881365073768	20068	Rps17
20084	791.4	772.4	0.0387789498055619	4.33734660274796	0.581381457149896	0.45325500381739	0.583795029867809	20084	Rps18
20085	1085.8	1139.4	-0.0739282875261572	3.43034838451361	0.565539818422464	0.460789343467543	0.590418848818267	20085	Rps19
20088	2726.6	2924.4	-0.100105403306147	6.93919802248039	5.09230798617927	0.0342960046015551	0.0794414183511023	20088	Rps24
20090	102.8	148.6	-0.634766507372666	1.1452751484539	13.844793016528	0.00107843127103978	0.00485294071967901	20090	Rps29
20091	10127.2	15561.8	-0.158525248902233	4.39856100543086	0.0299892953828732	0.865605112264109	0.912778601638975	20091	Rps3a1
20102	3412	3183	0.0959824082505757	3.96602345573589	1.53288810701186	0.228755593815684	0.348879368814332	20102	Rps4x
20103	263.2	265.8	-0.0135203748338047	4.65469402929726	0.0757518535435712	0.785512089957069	0.857019304667834	20103	Rps5
20104	170.6	161.2	0.0870596779619406	2.66750612248169	1.1414285781116	0.296057052292227	0.424295570010277	20104	Rps6
20111	526.2	692.4	-0.401530283932541	3.72166776235634	42.1358099894529	1.06869852093309e-06	1.7087354448636e-05	20111	Rps6ka1
20112	4638.4	3629.4	0.352837835797366	6.70894209322886	53.0052951779452	4.46331359172308e-07	8.47736329234762e-06	20112	Rps6ka2
20115	1343.8	1400.4	-0.0561808493138346	5.02461616582072	1.69147960897178	0.205846635359002	0.321553716673287	20115	Rps7
20116	3562.2	3567.8	0.0048069731651789	4.00136012992968	0.00437889002629408	0.947805727400357	0.966938451711234	20116	Rps8
20128	45.8	48.4	-0.102990871123744	1.41288804638145	0.611309252156893	0.441996950862218	0.573176379666472	20128	Trim30a
20130	68.8	69	0.00359005084923925	2.84023196111318	0.00235970095610355	0.961661542333115	0.97597184711539	20130	Rras
20133	302.8	342.6	-0.177738208833762	3.91464428564478	8.415699151484	0.00787775469410616	0.0243249447444158	20133	Rrm1
20135	52.4	52.8	0.0268902000779291	0.639976497703429	0.0265085253356703	0.872037732961633	0.917086247979296	20135	Rrm2
20148	280.6	265.8	0.0788509695603958	3.78441690912686	2.18878965931062	0.152121040094927	0.255669478317683	20148	Dhrs3
20163	354	365	-0.0468906714912578	4.3992430214535	0.984140229088829	0.331148257829024	0.462648847918566	20163	Rsu1
20166	1030.4	1034.6	-0.00722673032293364	5.9049897313618	0.0334009621500409	0.856533221488173	0.906319998784045	20166	Rtkn
20167	3578.6	3551.6	0.011690879875935	6.40414417850317	0.105028052209474	0.74870532138217	0.830146265361912	20167	Rtn2
20168	111785.4	114357.8	-0.0335014975668688	10.4741478644146	1.75073977459272	0.198343114777908	0.31284983844184	20168	Rtn3
20170	224.2	242.4	-0.120140970439301	2.70363047258126	2.55804389045749	0.122913468792629	0.215920184483308	20170	Hps6
20174	515.2	470.6	0.135140607320951	4.58706844890913	7.41549600479718	0.011904271913049	0.0339109866439122	20174	Ruvbl2
20181	1948	1537.4	0.343412179778071	5.15230415155837	43.947335539585	7.68761063550685e-07	1.32124523336048e-05	20181	Rxra
20182	3022.4	2751.6	0.134147710682042	6.05408896381074	14.0355037180716	0.00100691752901904	0.00459551182963095	20182	Rxrb
20183	4.6	4.4	0.0892974401348053	3.13184170182853	0.326772802790292	0.576613692888013	0.691759030006461	20183	Rxrg
20184	677.6	637.2	0.0865345100606151	3.99335052261368	2.16965307792137	0.153847915840876	0.257882149549347	20184	Uimc1
20185	5180	5264.8	-0.0228893566492983	8.24041754516246	0.379540925078912	0.543706069433378	0.663912099990711	20185	Ncor1
20187	460.8	432.4	0.0936296769935322	4.75901300995829	5.31095634963427	0.0302222183614834	0.0716823013122549	20187	Ryk
20190	428.8	431.2	-0.00871644360476919	5.79760153038628	0.0319595840682361	0.859700719355555	0.908740251394266	20190	Ryr1
20191	5060.2	4234.6	0.256418477528354	8.51073727367924	40.3960123461684	2.24862670352841e-06	3.12515868969228e-05	20191	Ryr2
20192	117.8	102	0.213108656766472	5.6079865579953	11.003645539131	0.00385196760281272	0.0136361351288403	20192	Ryr3
20193	132.4	140.6	-0.0867878023394845	4.94467505803292	2.18462879697897	0.153196737003002	0.257029093051815	20193	S100a1
20194	1666.4	1282.6	0.377091068610586	4.57540431500489	45.937990449392	5.40819708504204e-07	9.84509832080574e-06	20194	S100a10
20195	1.8	1.4	-0.00271600883172881	0.405090248135919	0.000263180385079876	0.987191714513211	0.991651194771975	20195	S100a11
20196	112.6	114	-0.0182778337863259	3.47107242500664	0.099054784936434	0.755706787822298	0.835729602997972	20196	S100a13
20198	25.2	29.2	-0.259016616451656	0.263501656609515	2.17163111309704	0.153668334174345	0.257700673182038	20198	S100a4
20200	1333.2	1291.6	0.0487404828150385	3.63294841445314	0.360862182675271	0.553923902618799	0.672130296209882	20200	S100a6
20203	4288.6	4302	-0.00467444749902045	6.69732198995524	0.015131959608163	0.903129435713861	0.938731887810145	20203	S100b
20215	263.2	332.8	-0.328722010067203	1.36966829038912	7.83613692358248	0.00998587691826676	0.02949270381118	20215	Sag
20218	3130.8	3251.6	-0.0550125200457513	6.64204629418483	3.33556068819015	0.0803557163512624	0.154861536552153	20218	Khdrbs1
20220	1154.8	1146.8	0.0121277359838684	4.3883817455978	0.0836976218872251	0.774850361821972	0.849695269032175	20220	Sap18
20222	300	297.4	0.0120637551802625	4.62819662336336	0.060917273561084	0.807166368789799	0.872087209933305	20222	Sf3a2
20224	10178.8	10093.4	0.0103728293796941	6.83469624886699	0.0896915489210402	0.767166872877721	0.844204794866736	20224	Sar1a
20226	4267	4427.2	-0.0546259735541162	7.5414477982371	2.88718304201892	0.102309822243872	0.187140745471138	20226	Sars
20227	1223.8	1208	0.0181003968175975	5.96817799301727	0.303123921125499	0.587056589235934	0.700744565266842	20227	Sart1
20229	2354.4	2256	0.0628617076956792	4.7682671381463	1.27908100240589	0.26932693198963	0.395500109521	20229	Sat1
20230	5021.4	5343.6	-0.0875692328832483	7.02065118129288	4.88510621355333	0.0369468413741229	0.0840462142306536	20230	Satb1
20238	10428	8940	0.2221467325473	7.05476497612208	36.1808981944287	3.38434631610739e-06	4.36372360865443e-05	20238	Atxn1
20239	2349	2325.4	0.0121046071478391	6.98539245510112	0.0974862240215311	0.757583762702909	0.836972843087047	20239	Atxn2
20249	3903.4	3913.4	-0.00106111230403761	7.36063272579284	0.000360575725185574	0.985075336178139	0.990488967590874	20249	Scd1
20250	35308.8	36817.4	-0.0599091278680834	10.0956359683462	4.02261828495837	0.0563793540101768	0.117540340813947	20250	Scd2
20254	7927	6680.2	0.243872680490145	7.96578690623857	12.3206870479951	0.00366959730236052	0.0130899208806315	20254	Scg2
20255	18833.8	20203	-0.100893107495557	8.28241453281177	8.2212341020709	0.00852484094449209	0.0259351822798755	20255	Scg3
20256	176	172.2	0.0266058833048157	2.59068871820815	0.127546962972929	0.779413233749933	0.85268232520599	20256	Clec11a
20257	24281.8	24915.2	-0.0373008506249615	8.83164379760177	1.62061779604938	0.21528840399321	0.332695737879387	20257	Stmn2
20262	8380.8	8643.8	-0.0435695112429282	7.79007219299653	1.3475601845426	0.257205178478216	0.381742311326315	20262	Stmn3
20265	1829.2	2061.8	-0.174850020367621	7.27396460587138	10.4362478086642	0.00480241369638121	0.016290562677187	20265	Scn1a
20266	13122.2	13493.6	-0.0403543362759965	8.59118956297037	1.23634696692606	0.277271293397638	0.403877786432476	20266	Scn1b
20269	528.8	508.6	0.0550419788859164	5.50002850585453	2.08250886672458	0.162015749441739	0.268013524290617	20269	Scn3a
20271	60.2	45.8	0.402935602778841	1.24458395234717	9.55470404559787	0.00502071367425836	0.0168648374268488	20271	Scn5a
20272	570.8	602.6	-0.0827515882729372	2.91585798508593	0.646275727749752	0.430092012191293	0.562355654528212	20272	Scn7a
20273	14124	14397.8	-0.0277947967104842	9.1207489024764	0.821085447062737	0.37393675959163	0.507357732388756	20273	Scn8a
20274	52.2	66	-0.332954541813238	1.63512852774938	7.97561338215832	0.00942709755169087	0.0281593674063502	20274	Scn9a
20276	2.8	3	0.0150295210328403	0.770372964344372	0.00999121924482217	0.921215568248647	0.950274751888806	20276	Scnn1a
20280	782.4	817.8	-0.0628545772360376	5.41245241858882	1.85099569834066	0.186401628656819	0.297970486684988	20280	Scp2
20284	522.2	396	0.397648531532211	3.6140981919472	26.2192721778533	3.17928262699263e-05	0.000273295184090027	20284	Scrg1
20286	7928.6	7635.4	0.0552496667735449	7.88072754996761	4.10718487421626	0.0540357345099523	0.113753642092463	20286	Zc3h7b
20289	126.4	128.8	-0.048588249446288	1.29228400611164	0.133596634194814	0.717956912514853	0.807324507039808	20289	Scx
20295	158.2	138	0.207641324032619	0.3264497345992	0.894009297904024	0.354525377275631	0.487843659857385	20295	Ccl17
20300	42.6	38.8	0.140192386802895	1.44509496914889	1.37839343459942	0.251978135961273	0.375589561429745	20300	Ccl25
20301	1174.8	1307.6	-0.157062344729488	5.75847961280262	20.121484552107	0.000155940068667134	0.00100180698658681	20301	Ccl27a
20305	86	97.8	-0.263192859943876	0.103350813475035	1.8111306538868	0.191041071526347	0.30397486215784	20305	Ccl6
20308	2.6	1.8	0.298716099497045	0.254873955609624	2.41299759998119	0.133516413862937	0.230980998919796	20308	Ccl9
20312	46662	39536	0.238720801289833	9.92091650638718	66.0112399260627	2.53184361052608e-08	8.67186434752226e-07	20312	Cx3cl1
20315	5070.4	6255.4	-0.304014897498107	6.16956756425896	46.1769756989521	5.76757630819231e-07	1.04075590460189e-05	20315	Cxcl12
20316	3892.4	3637.2	0.100271018985857	5.26602851279086	4.02103565349665	0.0564242973904595	0.117600114561168	20316	Sdf2
20317	238	255.8	-0.116062017151816	3.12939529183429	2.37886592598567	0.136166364602098	0.234582673892577	20317	Serpinf1
20318	7100.8	7404	-0.0609569336988278	7.74076839420531	4.25488017909431	0.0502018991808329	0.107326505925678	20318	Sdf4
20320	31109.8	30612	0.0235437861365498	9.38645904023149	0.872882065894883	0.359532244181602	0.492903258787904	20320	Nptn
20322	921.2	980.6	-0.0951432388265366	3.74655537096311	1.75880386495983	0.197348388478908	0.311575489576639	20322	Sord
20324	91.2	72.6	0.323450397718112	3.47664782818166	15.0907786374123	0.000752560163849262	0.00363188801611927	20324	Cavin2
20333	4060.2	3941.4	0.0419644318846627	5.69196107923079	1.44844506899027	0.240600586823775	0.363098443748359	20333	Sec22b
20334	4062.4	4142	-0.0282807110130001	6.82465140695229	0.545869910880144	0.467227284994434	0.596265510975591	20334	Sec23a
20335	439.6	400	0.154411554397587	0.17698193708121	0.695374656342062	0.412625503683616	0.545213367788919	20335	Sec61g
20336	2301.6	2228	0.046881582754432	5.97457196017577	1.48934122280116	0.234261033040755	0.355523831538332	20336	Exoc4
20338	15652.2	13644.8	0.198474746784052	8.13397268970558	45.2894971820402	6.05776239664521e-07	1.08231023091607e-05	20338	Sel1l
20340	2944.2	3080.6	-0.0614486346738786	7.11102647802372	1.01558281187404	0.328792860649877	0.460099913625067	20340	Glg1
20341	35.6	36.6	-0.0647955565942232	2.3156711979175	0.456357025798412	0.505836218131189	0.630452418458929	20341	Selenbp1
20345	182.6	145	0.336375461111574	3.44898104463002	29.452393468162	1.44996131213134e-05	0.000144436532085089	20345	Selplg
20346	2446.8	2452.8	-0.00335018488800916	4.76603572645821	0.00537061316110253	0.94219157351624	0.963689381428755	20346	Sema3a
20347	27	36.6	-0.455244962272588	1.25808641287762	7.14151512679528	0.0138075277199729	0.0382545535105402	20347	Sema3b
20348	1859.2	1773	0.0699019687788045	4.91613185677442	1.85514179167076	0.185927085409194	0.297475104328591	20348	Sema3c
20349	770.4	718	0.108678053995906	4.74692414928323	3.23836165056693	0.0850441611977127	0.161932328540606	20349	Sema3e
20350	92	105	-0.172130782658716	2.90585642526499	2.99794397239904	0.0967944261168854	0.178954545292077	20350	Sema3f
20351	2300.2	2246.4	0.0329668524021861	6.47983373598494	0.575314194218106	0.455776222720919	0.586050131056682	20351	Sema4a
20352	678.2	643.8	0.0713685078252224	3.96865960868688	1.90052256751561	0.180828419737511	0.290798172995771	20352	Sema4b
20353	581.8	629.4	-0.116306666298254	4.19256119081029	2.99606283732616	0.0965132200163552	0.178503145504337	20353	Sema4c
20354	1230.2	1095.2	0.169759075510938	5.77511842156608	16.2402928315133	0.000494145560823039	0.00258313921740912	20354	Sema4d
20355	3166.8	3300.6	-0.0584101114621881	5.92782064763372	3.01061177301238	0.0956414032735726	0.177179238040307	20355	Sema4f
20356	1420.4	1494.6	-0.0768466328205243	5.63053767255292	2.78369593444216	0.108319744397898	0.195584457904712	20356	Sema5a
20357	508.2	488	0.0635028810166355	4.5753508984652	1.28022776611704	0.269117880650387	0.395420612095264	20357	Sema5b
20358	245.4	314.6	-0.363667300380256	4.57176601782419	56.5960291261096	9.65218710814332e-08	2.51374256686673e-06	20358	Sema6a
20359	3211.4	3501.4	-0.124504715990509	6.90361548998613	14.5367443322008	0.000853025347631521	0.00402271725111452	20359	Sema6b
20360	755.4	807.2	-0.0931570742887093	4.19623959867445	2.52006305138746	0.125590813530598	0.21974211581785	20360	Sema6c
20361	6519.2	5914.6	0.141154768068193	7.63963785521475	17.0801976627844	0.000381119341708545	0.00210416308825642	20361	Sema7a
20362	6009	6054.6	-0.0125959551765514	8.14735075722623	0.113837782469795	0.73878775507647	0.823096674626608	20362	Sept8
20363	7911.6	5717.8	0.471034709615656	7.80331420062996	78.8317295255219	8.25972214241844e-08	2.19459602659037e-06	20363	Selenop
20364	5573.2	5443.6	0.0333628412417375	8.69991026903185	1.45304076043087	0.239877370177643	0.362146178039237	20364	Selenow
20365	226.8	257.4	-0.175421646953115	3.31509037005206	3.98553522144424	0.0579057397762157	0.119858164503139	20365	Serf1
20370	3488.8	3466.6	0.00785954104957413	7.886516993118	0.0422298586447208	0.838943186654849	0.893858530142207	20370	Sez6
20375	114	123	-0.124740212916278	1.30789687656378	0.995468538956898	0.328436065898799	0.45973415615933	20375	Spi1
20377	587.4	707.2	-0.269591180285706	3.76147733853559	14.0179851312625	0.00101281710516093	0.00461369632461271	20377	Sfrp1
20378	1112	1332.4	-0.262056972373744	4.79799238139284	10.5776219175116	0.0047520704695001	0.0161463156008826	20378	Frzb
20379	132.2	213.6	-0.749893580551901	1.06367369559423	37.9797380380679	2.36057255278098e-06	3.2580848000389e-05	20379	Sfrp4
20382	2643.8	2607.8	0.019796239211721	6.66397847529254	0.224926760734792	0.639653356274383	0.744108620651101	20382	Srsf2
20383	4312	3894.8	0.151179372243938	6.22826533585358	5.69447061912636	0.0294982951832759	0.0701956467861492	20383	Srsf3
20384	3836.8	4052.2	-0.079580418824296	7.54931603176736	6.29423878945548	0.0193283418603154	0.0498700202158155	20384	Srsf5
20392	568.8	565.2	0.00579841441798937	4.499670867952	0.0141315873010575	0.906370008583136	0.940667200693663	20392	Sgce
20393	8248	4703.8	0.810870088749513	6.21503571461554	36.9699070832474	7.07884024327816e-05	0.000516755337759306	20393	Sgk1
20394	4627.8	4979.4	-0.105773397227713	7.21250620363995	5.45165635479856	0.029532854112365	0.0702316343106489	20394	Scg5
20397	1776.6	2045	-0.203140439409053	5.41223382689482	23.2981244112181	6.56925019824821e-05	0.000487432969021969	20397	Sgpl1
20399	1937	1758	0.138859924198138	6.51653507728561	18.0619405861157	0.000283412581532864	0.00163989009346518	20399	Sh2b1
20401	807	834.2	-0.0497113992499242	4.15561814950565	0.726517248174557	0.402502079426779	0.535409999635069	20401	Sh3bp1
20402	3270.8	2987.4	0.129239763288965	8.20744704837932	13.1577964649971	0.00135452422361136	0.0058216750306508	20402	Zfp106
20403	915.4	923.2	-0.0120786302632785	5.80586463890826	0.130109382780505	0.721497307351169	0.809768042474679	20403	Itsn2
20404	27892.4	27219.8	0.0343961076335917	8.38733005842792	1.15313626893125	0.293650120646665	0.421930781085583	20404	Sh3gl2
20405	851	729.6	0.222800712653118	5.04071406998668	29.9552229894512	1.29218250229539e-05	0.000131622310698926	20405	Sh3gl1
20408	626.8	580.8	0.115120312404973	4.84458175631967	4.28625973260494	0.0494274921382188	0.105997770232317	NA	NA
20409	472	523.2	-0.148657494523797	3.19974523713336	3.4490755757932	0.0756927576582322	0.147527389319322	20409	Ostf1
20410	157	143.6	0.125509908624258	4.80989167975218	7.66197089129403	0.0107354394543964	0.0311711614853045	20410	Sorbs3
20411	7136.6	6173	0.209564375720298	7.08824338254918	30.7314854787251	1.08402506312129e-05	0.00011304832801122	20411	Sorbs1
20416	426.6	388.4	0.132512250717445	3.62154561977817	5.82274541878485	0.0238822864340739	0.0592914064098428	20416	Shc1
20418	85.8	88	-0.00329295005042095	5.00589767027455	0.000383067000227435	0.984725777461362	0.990486921548475	20418	Shc3
20420	469	569.8	-0.279583970394446	4.34155244351696	31.9382668236323	8.29229783032311e-06	9.08695017736847e-05	20420	Shd
20422	791	747.8	0.083500891451934	5.18759281108379	1.23728013998573	0.281876008327069	0.409018755582718	20422	Sem1
20423	182.2	167.2	0.120687168134223	1.26925016135967	0.864161669607266	0.361900814993536	0.495304836655294	20423	Shh
20425	724.6	581.8	0.302044667659232	1.38061328613994	7.46662739278236	0.0116507208755736	0.0333200473952395	20425	Shmt1
20430	3526.6	3358.6	0.0694634316358149	6.34608249540335	3.08273947586783	0.091977980529427	0.172052508162591	20430	Cyfip1
20437	569	519.4	0.130441582730687	4.4061412239047	7.2538779902368	0.0127465739410201	0.0358093255089416	20437	Siah1a
20438	188.2	161	0.216820324846704	2.09005227245889	5.02333074566589	0.0345963066097494	0.0799320677329473	20438	Siah1b
20439	826.6	720	0.196499879673771	3.86573023537589	11.6411514953033	0.00230618426188988	0.00891510760132556	20439	Siah2
20440	1242.4	1130.6	0.139411664393961	4.650192819088	9.87584773302192	0.00443723994830645	0.0152668093817713	20440	St6gal1
20441	1855.6	1715.6	0.109515840693424	5.69266262801469	5.80699568912897	0.0240537286014879	0.0596248659245251	20441	St3gal3
20442	1713.2	1917.2	-0.160123449163309	5.2836652863239	10.1599051464743	0.00398270624166343	0.0140216327464047	20442	St3gal1
20443	330.2	329.8	0.00789676161801717	3.97092579826696	0.0140602457017365	0.906605493015145	0.940844040496906	20443	St3gal4
20444	4847.8	4736.2	0.0348056290893614	6.97569623612114	1.16138613832519	0.291969754973132	0.420122532442175	20444	St3gal2
20446	130	97.4	0.424111318527637	2.43465067100356	18.7046399500238	0.000234414399213121	0.00140357320887591	20446	St6galnac2
20447	110.4	122	-0.139078930076251	2.59165358348428	2.10646204169107	0.159719765549367	0.265202698592826	20447	St6galnac3
20448	1235	1046.8	0.240953466183477	4.74313134940611	28.3961205738045	1.85392722112343e-05	0.000175370838050511	20448	St6galnac4
20449	4265	4228	0.0120050273255406	5.78400906252635	0.132309719430508	0.719257253674227	0.808095168644172	20449	St8sia1
20450	71.4	55	0.338655934481202	2.53987441868477	7.1513465397651	0.0146212982350719	0.0400030748986804	20450	St8sia2
20451	5321.2	4392.4	0.275604411147062	7.44928602460189	55.5141936963124	1.13713686660554e-07	2.87848971452126e-06	20451	St8sia3
20452	786.2	819.8	-0.0548834498353232	3.47853932967503	0.348040396573378	0.561657074201523	0.679120508675286	20452	St8sia4
20454	4942.2	5516.4	-0.160441788463086	7.34308745725999	24.2708457346226	5.1045511481301e-05	0.000396459872622636	20454	St3gal5
20462	1682.2	1678.6	0.00437236871102524	5.00593171755701	0.00708683056224659	0.933614087200932	0.958958073934215	20462	Tra2b
20463	1831.6	2046.4	-0.160515260457642	6.40421379733048	20.6980828738591	0.000132642105138834	0.000873045987102324	20463	Cox7a2l
20466	1646.2	1761.4	-0.0994016015912775	5.39069740071444	4.82568065089596	0.0380119246274424	0.086076195921205	20466	Sin3a
20467	5667.8	4818.4	0.235744095050156	6.5914889439947	55.4081487224775	1.15569712755242e-07	2.90512109245959e-06	20467	Sin3b
20469	254.4	216.2	0.240644217044554	4.06150666230195	21.1984957032967	0.000115473743908775	0.000777390542364899	20469	Sipa1
20474	292.4	259.4	0.244239279393638	0.430197563197045	1.55541811215891	0.224459019839884	0.343367667765019	20474	Six4
20475	121.2	137.6	-0.166828210734901	1.41044177417421	2.03016881009183	0.167172744464356	0.274176199760332	20475	Six5
20479	2869.4	2923	-0.0232337241251377	5.57261758649952	0.36185631096272	0.553158761270919	0.671935182402712	20479	Vps4b
20480	951.6	912.4	0.0599577968570694	5.44757092165816	2.26099774210872	0.145810412565759	0.247098646581385	20480	Clpb
20481	6539.4	6227.2	0.0714023374461675	7.46589386797701	4.80016314500808	0.0384797978104545	0.0868677684661786	20481	Ski
20482	1253	1068.6	0.229715973962534	6.18974189586082	33.1471375127589	6.37848592725668e-06	7.37557084740544e-05	20482	Skil
20491	1930.2	1455	0.418189161511101	3.99448449434973	43.4563401067146	8.39797359652393e-07	1.41804100892707e-05	20491	Sla
20492	2343.6	2674	-0.185818958614004	4.16879774133515	13.201856715721	0.00133425302439249	0.00574993834662166	20492	Slbp
20496	1052.8	1061.8	-0.0133074301933155	5.66686419045016	0.0564111207538306	0.814656969453102	0.877491008009177	20496	Slc12a2
20498	538	496.8	0.116093691827152	4.19066147010286	4.58909833501769	0.0426072819116415	0.0941804026228577	20498	Slc12a4
20499	33.8	35	-0.06687491881355	2.4367487441796	0.551700559692905	0.464885152817735	0.594326021477759	20499	Slc12a7
20501	635.6	881.4	-0.461551005265023	4.74790511412596	47.7178440711386	7.8662710923419e-07	1.34420680449393e-05	20501	Slc16a1
20502	1942.2	2398.2	-0.305044159261358	5.70038041941663	66.0417256409667	2.52149232764332e-08	8.65692401514406e-07	20502	Slc16a2
20503	51.4	52.4	-0.0359242736151975	2.4494462846196	0.127175720911441	0.724517613429538	0.812048509965147	20503	Slc16a7
20509	190.4	194.8	-0.0310185710086048	3.87383172065502	0.29960061108325	0.589224311791685	0.702294053238302	20509	Slc19a1
20510	8806	7330.8	0.264521318880412	7.16288384295713	42.9826383512074	9.69726535313604e-07	1.58556870378086e-05	20510	Slc1a1
20511	148597.4	146557	0.021132235641026	11.5620110607312	0.487523486308663	0.491793762243876	0.617690914100885	20511	Slc1a2
20512	37526.4	38442	-0.032884240976397	9.28413699152357	0.917693098880124	0.347702752826218	0.480543434820844	20512	Slc1a3
20513	348.2	354.6	-0.0235027773187017	3.1027878571118	0.0744106521201381	0.787370431766937	0.858139965371686	20513	Slc1a6
20514	53.6	31.2	0.752859301883198	1.42553951923221	48.6579405824777	3.39974100725106e-07	6.78727299983519e-06	20514	Slc1a5
20515	7388.6	6672.6	0.148015981764762	7.59672086853231	21.2696088978858	0.000113236684635507	0.000764466622943307	20515	Slc20a1
20516	1616.6	1778.4	-0.138252809844952	5.73894408526443	11.387299551666	0.0025275990024666	0.00958140990864208	20516	Slc20a2
20519	14.6	23.4	-0.65114677176768	1.67450028563509	29.8698648060675	1.31759668354783e-05	0.000133645912028073	20519	Slc22a3
20520	746.4	853.6	-0.190764163490176	3.81738793750667	10.9802781808462	0.00293266930605827	0.0108383539119832	20520	Slc22a5
20523	4490.2	4540	-0.0144073003733919	5.51915966485997	0.11946012728301	0.732654123150072	0.818701281560937	20523	Slc25a14
20524	1659.6	1783	-0.10662800855454	4.86514932533785	4.36262591799826	0.047598525894034	0.102823059822503	20524	Slc25a17
20525	2807.2	1386.8	1.01793527489749	6.26800210627859	164.373486970655	6.41348693929851e-09	2.91511132769247e-07	20525	Slc2a1
20527	11765.6	9894	0.250733650611096	7.62474387458816	60.2150725547868	5.66760565106468e-08	1.62433215974848e-06	20527	Slc2a3
20529	932.4	923	0.0131669883297043	4.41252788307437	0.0792442138479356	0.780754899783524	0.85369780781232	20529	Slc31a1
20530	528.8	437.6	0.279238936332367	3.23866476720995	13.1486945055156	0.00135875357938113	0.00583638164528226	20530	Slc31a2
20534	1125.6	1049.4	0.100839625006626	5.00236851302042	3.5267918106452	0.0726788727609566	0.142938572662439	20534	Slc4a1ap
20535	878.6	811.4	0.11002689438433	4.96405111225259	4.16510420514691	0.0524941731382836	0.111351743255173	20535	Slc4a2
20536	5366.4	6037	-0.169219948271864	7.65729647424122	32.2558797566407	7.73546352784669e-06	8.6126005930411e-05	20536	Slc4a3
20539	4040.4	3509.8	0.206698086678878	5.88111411136315	20.7110100937104	0.000132842584897722	0.000873967556719012	20539	Slc7a5
20540	85	59.4	0.523994055660372	1.38329616560873	18.434732921485	0.000253767648162072	0.00149712554552432	20540	Slc7a7
20541	8623	8409.8	0.0344395313869053	7.74611191325522	0.876171563908657	0.358644535085193	0.492199782578939	20541	Slc8a1
20544	1503	1438	0.0609270829966094	6.08424817555315	2.71597801055534	0.112475270178629	0.201352186668554	20544	Slc9a1
20556	45.4	20	1.13493912447648	1.47998192045732	78.0981265915698	5.52314509942876e-09	2.63470426624235e-07	20556	Slfn2
20562	2091.6	1694	0.301211613999192	6.43933635266732	33.9618032703711	1.18058295190449e-05	0.00012175553961718	20562	Slit1
20563	1134.6	1507.4	-0.416499622428295	5.47646227310208	44.6383515589522	2.20720173626636e-06	3.08240520734241e-05	20563	Slit2
20564	1277	883	0.534086759685003	5.41983541293011	69.4471223071497	1.22759746807949e-07	3.04874463979741e-06	20564	Slit3
20585	2118	1981.2	0.0960576529818514	4.87912497422686	5.69200638656716	0.0253477041714489	0.0622135704014472	20585	Hltf
20586	9340.4	8793.4	0.0877041273001985	7.6893251132368	8.06868999503923	0.0090733876468039	0.0272767772560116	20586	Smarca4
20587	1517.8	1641.4	-0.116395698415501	5.70926594156195	8.48979024174884	0.00764558309258083	0.0237093452092176	20587	Smarcb1
20588	4431.4	4344.2	0.027551618710262	6.56064046982812	0.637408385564645	0.432537824151566	0.564784048100858	20588	Smarcc1
20589	342.6	395.6	-0.214601911131578	3.7914091689569	11.9372462309723	0.00207432944295192	0.00820535242704628	20589	Ighmbp2
20591	1323.2	1158	0.193629147144606	6.10883001192385	25.3086594774777	3.92318864772943e-05	0.000321643611538747	20591	Kdm5c
20592	158.4	152.6	0.0574300093430483	4.62768259662362	1.50666715243491	0.231639307472708	0.352427928684109	20592	Kdm5d
20595	562.6	556	0.0201368364755096	3.68125546266675	0.127514461370023	0.724166866755129	0.811900156393693	20595	Smn1
20597	3714.4	3859.6	-0.0548754919748435	6.35395110777648	2.8158648536956	0.10640858775693	0.193050047375257	20597	Smpd1
20598	683.2	647.6	0.0837951924478512	3.4142643415201	1.17790922579351	0.288642634130461	0.416246695971434	20598	Smpd2
20602	3596.8	2720.6	0.401387276137763	7.84185297150942	55.127270306583	1.16303115540042e-06	1.82921135148614e-05	20602	Ncor2
20603	6928.8	7137.4	-0.0405886356702713	6.27393115256953	1.59964313195015	0.218186395203461	0.336104247710842	20603	Sms
20604	2374.4	2570.4	-0.115576274874146	7.29136108762009	6.54943085308716	0.018225200906328	0.047472887709509	20604	Sst
20605	3762.4	4006.2	-0.093406349656985	5.27755291174767	4.53138961991288	0.0438207605225058	0.0962591599684345	20605	Sstr1
20606	500.4	467	0.104308047330342	4.31098147196672	2.04336836234899	0.167495480837798	0.274518616626548	20606	Sstr2
20607	3514.8	3368.8	0.0614346313809641	5.2556915475267	1.99343429184116	0.17091092105903	0.278348896111235	20607	Sstr3
20608	491.2	338.6	0.547134500283078	3.93091493784242	51.1172345457271	3.02359614295794e-07	6.23508533016785e-06	20608	Sstr4
20610	3358	3893.4	-0.214047434339929	6.74905707802943	48.4659175730457	3.51092847758987e-07	6.98032465131828e-06	20610	Sumo3
20614	164449	163720.6	0.00529333097340395	11.6561620006636	0.0350755166706328	0.853023362371932	0.90320120721734	20614	Snap25
20615	1229.4	1532.4	-0.317202195830174	4.8739574533683	53.2827679920462	1.60632392222749e-07	3.78140162408406e-06	20615	Snapin
20616	20793.2	20201.4	0.041266536915476	8.84787080279748	2.09752739937392	0.160571567170575	0.26628056813716	20616	Snap91
20617	5474.2	5583.4	-0.0307836559392486	8.31898724688627	0.732707415161094	0.400534619158267	0.533578560858396	20617	Snca
20618	66.2	79.6	-0.250590542792939	0.67881776437863	2.82060713823546	0.106130183260232	0.192660558950121	20618	Sncg
20619	549.4	491.6	0.159098952560864	3.91006303668873	5.64862463132289	0.0258558418579367	0.0631924819436281	20619	Snap23
20620	13266	11498.2	0.205731156198338	7.7667216827783	42.3693172018782	1.02373686969155e-06	1.65330644854991e-05	20620	Plk2
20621	7991.4	8946.4	-0.162659941865758	8.09375896727769	20.5259194745606	0.000139175004190136	0.000908187589419516	20621	Snn
20623	3657.6	3138	0.219909432845501	6.54369660689725	34.3536608986432	4.93705783513143e-06	5.95363876642777e-05	20623	Snrk
20624	3628.8	3450.8	0.0720135354525447	6.94460263180076	4.83097575007894	0.0379156377389681	0.085911996845751	20624	Eftud2
20630	94.6	99.6	-0.0744164426032909	2.77418102767802	0.694554750496681	0.412897236781383	0.54542763824932	20630	Snrpc
20637	4648	4979.2	-0.0991754116079179	8.11845003447706	9.51173513790556	0.00510496339600375	0.0170645561808137	20637	Snrnp70
20638	3465	3225	0.10148762838422	5.71417921120146	8.56671310853731	0.00741246636562998	0.0231004288160448	20638	Snrpb
20639	1734.4	1974.8	-0.18768895637783	4.59252239735155	13.0671934243916	0.00139727283870375	0.00595406297483019	20639	Snrpb2
20641	825.2	830	-0.00750429212471049	4.37837471499968	0.0116022213672947	0.915209897103847	0.946579166564509	20641	Snrpd1
20643	2133.6	2124	0.0161992966930892	3.20077174578542	0.0371543168713654	0.848784938149095	0.900692863666913	20643	Snrpe
20648	1946.2	1574.2	0.310915309147848	4.78045285315071	40.2936872336363	1.50852423442782e-06	2.25250095913427e-05	20648	Snta1
20650	14	10	0.474932897001462	3.45849913310649	4.50566427343208	0.0562246895000591	0.117387211040568	20650	Sntb2
20652	334.8	295	0.186163364132402	3.9252593921673	8.83872594867556	0.00664866894413882	0.0210791535245849	20652	Soat1
20655	3561.4	3568.4	-0.00187706602936948	7.05053466308612	0.00276446959667164	0.958506358807328	0.974061109087286	20655	Sod1
20656	5312.8	4789.2	0.150401743049956	6.75562304706591	27.794485866207	2.13750862799483e-05	0.000196661678606221	20656	Sod2
20657	763.6	864.8	-0.166149508621688	3.2607690205969	3.6768572766937	0.0673836544468361	0.134506745114566	20657	Sod3
20658	4077.8	4111	-0.0111822890120332	8.19207558128484	0.15749630198684	0.695004919827354	0.789748515030233	20658	Son
20660	4441	4033.2	0.143063818327833	8.39033199301865	1.12806974245113	0.310508882227714	0.440700646476765	20660	Sorl1
20661	26093.6	24355	0.0991805443622431	9.59853981794615	10.0075214354439	0.00421984478239724	0.0146866449517866	20661	Sort1
20662	1426.8	1497.4	-0.071496684383552	6.04870319589204	5.14721325773648	0.032631106820823	0.076294082495661	20662	Sos1
20663	1550	1463.6	0.0823202962371074	5.33440024056911	4.75813664655067	0.0392645086570685	0.0883588989769994	20663	Sos2
20664	989	1156	-0.221422882698747	3.23936317172649	10.4206200874337	0.00361010956895207	0.0129255694103625	20664	Sox1
20665	120.8	139	-0.206226760276223	4.61792020548716	12.592210725866	0.0016468646051569	0.00681795380024365	20665	Sox10
20666	884.8	585.8	0.596520920442752	3.9637282046163	95.0997186307934	8.62355198980063e-10	6.38695341125619e-08	20666	Sox11
20667	444.8	627.6	-0.497514355694331	4.67337044884723	101.034300117423	4.80204836453326e-10	4.05899456496864e-08	20667	Sox12
20668	50.6	61.8	-0.293290369148157	2.99693002311228	14.3521933434763	0.000906480212631604	0.00422678942153354	20668	Sox13
20671	55.6	54.2	0.0384494961033985	2.51772124481911	0.171380369203585	0.682591262215313	0.779441784172866	20671	Sox17
20672	51	53.8	-0.081571960050701	2.49133497731433	0.450644685572871	0.509326053311579	0.633763668609294	20672	Sox18
20674	853.8	1084.6	-0.347033202796181	4.80753422234038	30.2931111280647	1.65862580487162e-05	0.000161005892435288	20674	Sox2
20677	423.8	448.6	-0.0908778328617034	4.06537483961517	2.27202644056103	0.144874307074725	0.245959320984775	20677	Sox4
20678	1560	1536	0.0249083107530383	5.79477299712451	0.476879207127526	0.496512775421705	0.621819116066892	20678	Sox5
20679	371.2	402	-0.100554836372139	4.45526980924714	2.02685666637129	0.169024243534491	0.276090651820656	20679	Sox6
20680	107.2	146.4	-0.432299975404353	0.663589312686268	7.67739637208537	0.0106666120617202	0.0310261187988011	20680	Sox7
20681	1920.2	1335.6	0.51946277404642	5.26915745856912	59.2375171603624	4.24909913271682e-07	8.19979691112002e-06	20681	Sox8
20682	252.8	353	-0.482759167593674	4.11304659461409	49.7364654514448	2.90539066770044e-07	6.07735408262549e-06	20682	Sox9
20683	387.2	413.2	-0.0919807873940349	4.82951650167381	4.22560799496229	0.0509366601609262	0.108589747192629	20683	Sp1
20684	45.2	55.6	-0.297356234875418	1.7424911972075	8.45445927283043	0.00775534436825928	0.0240033720554218	20684	Sp100
20686	26.4	26	0.0214250628252228	1.10635986555773	0.0289683695424942	0.897504268031851	0.93551588898215	20686	Spa17
20687	812.2	752.4	0.109435506406144	5.81581974854995	5.6629277822633	0.0257364585898135	0.0630179184240495	20687	Sp3
20688	204.6	217.2	-0.0882015140327429	4.43178571526696	1.38998177624332	0.252244633909572	0.375793026028545	20688	Sp4
20689	204	170	0.265170694769223	2.71868576006361	10.8561892312799	0.00306989629591849	0.0112278039122484	20689	Sall3
20692	514.6	459.6	0.161318655943292	6.12185862919338	22.0936057974423	9.04858290322661e-05	0.000636748867006998	20692	Sparc
20698	649.2	615	0.0895603505076556	1.84009618158974	0.737858827132347	0.3989083091274	0.532147734206502	20698	Sphk1
20708	57.2	48.6	0.25739309896747	0.453019001834905	1.68367182107462	0.20686132777636	0.322577800375392	20708	Serpinb6b
20713	26414.8	26897.8	-0.0278144436690021	8.3148242775261	0.201239547437162	0.660425814576337	0.761470542747796	20713	Serpini1
20716	397.2	316.2	0.320086477698999	3.83020947275288	13.4070097622113	0.00154892886995847	0.00647812955546483	20716	Serpina3n
207165	2004	1970	0.0263762572077767	7.09887969542206	0.382719228105036	0.542291414469007	0.662715153744988	207165	Bptf
207175	140.4	216.6	-0.654552013753725	1.97007071840922	8.89461809456098	0.00981913915188816	0.0291117124121303	207175	Cetn4
207181	495.2	480.6	0.0399243082330047	4.08400208025096	0.52056910825005	0.477620821520745	0.60562605090454	207181	Rbms3
207182	5299.6	5286.2	0.00282658188982033	7.09278726131788	0.00738429590605596	0.932238650934095	0.958158107132291	207182	Ggt7
20719	1879.8	1849.4	0.0272538391464663	5.01084348049186	0.345729641984087	0.562073307449199	0.679395181959419	20719	Serpinb6a
20720	3802.6	3770	0.0125687742374923	6.81719535881751	0.12067438538733	0.731354384874154	0.817808779125099	20720	Serpine2
207212	6694	5922.6	0.176941264942639	7.97340350470419	42.6545040791588	9.71587730346366e-07	1.58681684230806e-05	207212	Arhgef17
207214	1341.8	1281.2	0.0676513130947488	5.32510075009194	3.02550445247881	0.0948713702887073	0.176104791568533	207214	Larp4
207227	4969.4	4709.2	0.0769968173936368	6.85457384037461	5.59649464220666	0.0264815013334012	0.0643624718804407	207227	Stxbp5l
20723	124.2	134.6	-0.120121094393897	2.45804291436141	1.62927580085823	0.214106217546357	0.331337394905251	20723	Serpinb9
20725	617.2	367	0.751029176144833	4.21059961403086	71.0299957768557	1.27823953284525e-07	3.14116538790325e-06	20725	Serpinb8
207259	215.6	152.6	0.511980965455022	2.48386400685821	36.6910188560116	3.05222941835647e-06	4.01793479170532e-05	207259	Zbtb7c
207278	1224.8	1460.4	-0.252822422864067	5.49021843455296	52.8176401443797	1.72847473461703e-07	3.98807359130776e-06	207278	Fchsd2
20729	10701.8	10304	0.0554045983288508	6.97341568294045	3.4023656006161	0.0775729260175632	0.15036061052137	20729	Spin1
207304	2083.8	2016.2	0.0457558219821528	7.18013534539608	1.72342305631877	0.201759100111893	0.316912196589579	207304	Hectd1
20732	5.4	5	0.114813769398036	0.502127774159258	0.359494912747861	0.554446922196363	0.672651174606337	20732	Spint1
20733	272	399.4	-0.567256269941231	3.19074353366112	39.5924407747443	1.87882028652407e-06	2.70482753201384e-05	20733	Spint2
207352	1625.8	1476	0.138336636421946	5.49182138321919	14.2179840001062	0.000947644429925364	0.00437650367385462	207352	Sec23ip
207375	2778	2823.6	-0.023399160699358	6.33348710813995	0.584205793611581	0.452172980372607	0.582806292680873	207375	Fam120c
207393	3385.8	2583.6	0.390095739052046	7.07542098305617	53.8243455971162	8.89907807124096e-07	1.48017577033046e-05	207393	Elfn2
20740	31273	31976.4	-0.0321783134486086	10.6297524966842	0.872883546409956	0.359531843941196	0.492903258787904	20740	Sptan1
20741	6559.4	6180	0.0860240409133252	7.75039449484472	6.62918153746943	0.0166794305047452	0.0443451685091213	20741	Sptb
20742	18638.4	18835.4	-0.014916959330127	10.1851462590951	0.239562846706836	0.628998366234148	0.735323712839565	20742	Sptbn1
207425	2271.4	2491.2	-0.134243024575408	5.79138952449074	11.2030675986183	0.00270282006746239	0.0101366272068244	207425	Wdr11
20743	51330.4	43694.4	0.234080208554944	10.6433296964492	57.3721762035267	8.5931781975226e-08	2.27483145910241e-06	20743	Sptbn2
20744	10810	11194.2	-0.0500905295716984	8.10656683424525	3.57618360868969	0.0708347385476824	0.140214367429225	20744	Strbp
20745	28125.6	28074.6	0.00146274143635715	8.60949742639728	0.00275714492807075	0.958561312830881	0.974061109087286	20745	Spock1
20747	13892.2	13876.4	0.00293820545930388	7.52039811860668	0.00702805169024818	0.933889292037117	0.959036293222343	20747	Spop
207474	163.8	194.2	-0.263352805899561	1.8305680512871	4.30840261494415	0.0488891420268274	0.105077123993422	207474	Kctd12b
207495	5.6	10.4	-0.894795558430586	1.32655859607403	35.3679672967282	3.99746613559827e-06	5.01561405707757e-05	207495	Baiap2l2
20750	195.4	144.8	0.395432030298805	2.91713829740614	7.39355726366208	0.0154674211423698	0.0418428046400549	20750	Spp1
20751	1852.8	1915.2	-0.0498277968602644	4.34907799510118	0.822782765741472	0.373451624310153	0.506794646303535	20751	Spr
207521	5967.2	5756.2	0.0537164234922684	6.43282026045704	1.7806244153903	0.194687477395392	0.308216078671742	207521	Dtx4
207565	20082.4	20941.6	-0.0594916482532579	8.72474059955141	4.00313585790656	0.056935447901184	0.118471693205723	207565	Camkk2
207592	704	577	0.286994276781795	5.50431522009955	32.3304398406347	8.56020004678746e-06	9.32397373596579e-05	207592	Tbc1d16
207596	195.2	142.4	0.443905719629729	3.88031299631336	18.5935096622572	0.000486211254291411	0.0025525031819887	207596	Thsd4
207607	70	66.6	0.0859608914880778	1.02659033342487	0.441580785729592	0.512741652645356	0.636643574206337	207607	Ccdc40
207615	3361.6	3138.8	0.0997191847228636	6.34769141419763	8.0529546789659	0.00913214497759614	0.0274086466678633	207615	Wdr37
207678	38.2	56.8	-0.614741956226875	0.750241457954307	10.9052105387102	0.00301486316017414	0.0110769781690791	NA	NA
20768	1749	1887.8	-0.110406768955488	4.81224663567883	6.11860461121302	0.0209012633897962	0.0531597503142909	20768	Sephs2
207683	545.4	464.6	0.234508424309715	4.86684442723355	21.4304728535753	0.000108348124632764	0.000738013097757762	207683	Igsf11
207686	980.2	950.2	0.0447414901593124	4.0691604041088	0.832307607989588	0.370746071897588	0.504591687684345	207686	Cfap69
207704	182.4	208.6	-0.171990883291688	1.63306764576107	1.97304367061503	0.173029635087716	0.280881665044682	207704	Gtpbp10
207728	19168.8	16130.2	0.249204505142608	9.2627288303576	65.9499395271323	2.55279762577016e-08	8.68956103875627e-07	207728	Gm45837
20773	410.2	484	-0.24618851282018	4.52144879887166	22.1399455614701	8.93631673547294e-05	0.000629461608647787	20773	Sptlc2
207740	1242.4	1242	0.000556291331410893	6.24138613204016	0.000172901045244794	0.989618266934388	0.993001509549787	207740	Ubald1
207742	159.8	171.2	-0.102177649048171	1.42018072839066	0.748255773076759	0.39565596628551	0.528736255241379	207742	Rnf43
20775	3165.8	3780.6	-0.253802142342727	6.01634652027984	35.3907560375477	3.97872315218047e-06	5.00073603840143e-05	20775	Sqle
20776	147	163.4	-0.159869517983663	1.82826085381183	2.16282539285804	0.154469723324303	0.258744394591433	20776	Tmie
207777	13049.2	15190.6	-0.218285207068207	9.08860611009551	48.7407372665379	3.3529826138025e-07	6.72177679610281e-06	207777	Tspoap1
20778	743.6	748.2	-0.0113236188738821	4.83651448918306	0.0363176368336396	0.850549914355123	0.901613997595182	20778	Scarb1
207781	643.4	727.2	-0.175419738153768	3.90144400300725	7.66022428402179	0.0107432634735351	0.0311876140282139	207781	C2cd2
207785	2121.2	2079	0.0256781956669172	5.16785528795146	0.202238366964433	0.657294373236301	0.758949742032074	207785	Csrnp2
20779	3859.6	3488.4	0.14652417659471	6.87686422696	24.4868205315604	4.83006019355915e-05	0.000380041861936331	20779	Src
207792	140.8	171	-0.289615661662303	3.4199646084534	11.4746859046489	0.00252838645403585	0.00958188196293502	207792	BC034090
207798	66.6	56.8	0.228729572360696	0.92259125740583	1.74211337659204	0.199462011048439	0.314093528181826	207798	Gramd1c
207806	1089.6	1007.6	0.107604154674273	6.0489754563228	3.72529148565127	0.0686429580958557	0.136586634955603	207806	Usf3
207819	313.2	413	-0.402350923014428	3.07196095043951	25.6700870465235	3.58449343872336e-05	0.000300523597234962	207819	4930539E08Rik
207839	143.4	195.2	-0.440766603621632	3.21900076460632	24.0112332301462	5.81125843018454e-05	0.000443603957499671	207839	Galnt6
20787	708.6	873.4	-0.304778855942062	5.24643201939783	30.4912755919171	1.38475538547022e-05	0.000138749185431084	20787	Srebf1
20788	7942	7972	-0.00601506905494235	7.86145513196427	0.0397410755762241	0.843679350340614	0.897553173327947	20788	Srebf2
207911	227.4	210.4	0.106852308657262	4.45370349349654	3.05226637623814	0.0935055811873299	0.174098888378419	207911	Mchr1
207921	66.2	71.6	-0.116943842394034	1.14634544732251	0.723101617410769	0.403593927141822	0.536516750014522	207921	Fam228b
207932	745.2	750.8	-0.00416144048794047	4.50248860810946	0.00569545337429199	0.940472329805097	0.962878355379855	207932	Urb1
207952	1052.2	1006.6	0.067433090997228	3.42582760028788	0.801237366887155	0.379678637045842	0.513152923141903	207952	Klhl25
207958	2241.2	1976.6	0.191065294847446	4.3778412043061	9.87733767389831	0.00443471246659919	0.0152617461886249	207958	Alg11
207965	470.6	496.4	-0.0804063824406606	3.88107867228264	1.63090607975408	0.213884523964438	0.331029757937893	207965	Vcpkmt
208043	797	748.2	0.091397459165999	5.63915062531012	4.32017456471369	0.0486056296015701	0.104544065332954	208043	Setd1b
20807	861	731.6	0.233610145764852	5.85665425555613	44.5025920982768	6.96190630675915e-07	1.21237823804695e-05	20807	Srf
208076	2618.6	3298	-0.334990037615567	6.37008647171238	91.4393145227193	1.25601044403286e-09	8.17260517517373e-08	208076	Pknox2
208080	43.8	27.2	0.66763293206068	1.53239553948166	29.8649292859258	1.31908266672157e-05	0.00013370281111356	208080	Ubap1l
208092	336.8	371.6	-0.136574831664833	3.7235111672277	4.38613462828658	0.0470509404182069	0.101883789184234	208092	Chmp6
20810	1380	1454.8	-0.0735116392261894	5.07792870881046	3.64214716269396	0.0684545465971794	0.136297936705692	20810	Srm
208104	2144	1784	0.263980368890161	5.77460968700575	39.78199265205	1.66311830206846e-06	2.44793400591624e-05	208104	Mlxip
208117	1701.2	1349	0.336174756635442	4.76344482022063	48.0298184142001	3.77837391378833e-07	7.40008354334641e-06	208117	Aph1b
20813	1696.8	1858.8	-0.131775599331087	5.95675434664482	12.0723538299505	0.00197710287185072	0.00790075889127184	20813	Srp14
208144	711.4	706.2	0.0128437214168927	4.20490464625974	0.0657807249158993	0.799783961126916	0.866798312950273	208144	Dhx37
208146	1693.6	1610.2	0.0743357183377527	5.81407607141891	3.07178672677386	0.0925236927610201	0.172737981809324	208146	Yeats2
20815	4009.2	4293.2	-0.099469620279315	6.30917744936518	9.29959885455121	0.00554426351978959	0.0182253320252533	20815	Srpk1
208151	16425.6	17881.6	-0.121108373655615	7.58731114176554	9.5898447391492	0.00498656613367458	0.0167735226660769	208151	Tmem132b
208154	84.6	60.8	0.495490265843806	0.0114548368441028	6.12257472325109	0.0208641780111697	0.0530841100111683	208154	Btla
208158	1966.4	1993.6	-0.023272151777798	5.83869850797699	0.159237845886116	0.694376305473611	0.789329316992886	208158	Map6d1
208164	144.4	152.2	-0.106432749279929	1.41312616278171	0.444085089259053	0.511878314728495	0.635844719928297	208164	Fam180a
20817	12182	12327.8	-0.0168209055573003	8.16434000704494	0.337288759728813	0.566852223581131	0.683439337219466	20817	Srpk2
208171	416.6	362.8	0.198585704832527	2.06063000452673	4.94279225354533	0.0359448088844793	0.0822848064010555	208171	Tmprss7
208177	136.6	157.2	-0.201734169074529	3.29386037468018	6.71779327207628	0.0160477087888376	0.0430884233866727	208177	Phldb2
20818	1063.6	993.6	0.0957116649359207	5.16584877465325	5.24640637862745	0.0311472997796749	0.0733468672231054	20818	Srprb
208194	2468.8	2110	0.230167083953485	4.57955016333434	29.0632755958496	1.58641156701127e-05	0.000154827770355036	208194	Exog
208198	1530.8	1574	-0.03962583985008	6.09135884332627	1.09225142203228	0.306461655016309	0.436042049226975	208198	Btbd2
20821	22.8	26	-0.159285447736356	1.23259500905354	1.11654236291065	0.301261862330268	0.430110525298468	20821	Trim21
208211	395	392.2	0.0126248951050562	4.15303021325933	0.0432603621935422	0.837003607508595	0.89231819906544	208211	Alg1
208213	337.2	333	0.0224842736405531	3.17830014219653	0.116259408455048	0.736116132863043	0.821164049116495	208213	Tmem132c
20822	958.4	858	0.159822456182581	5.45064468446913	3.68905426800207	0.0750189750654212	0.146609554569443	20822	Trove2
208228	64	69.6	-0.121770799050838	3.02289028056946	3.17682367164424	0.0874402291797679	0.165513498240488	208228	Mob3a
20823	3680.2	3683.6	-0.00487749721478234	6.90018155714696	0.0121674981705594	0.913159918874217	0.945202912303634	20823	Ssb
20826	3102.4	2932.6	0.0819925494064242	5.75074872090095	5.30959358148497	0.0302414288541995	0.0717045234281649	20826	Snu13
208263	885.4	800.2	0.143352030508092	4.67839283727661	8.48803871240856	0.00765098409846593	0.0237201786944065	208263	Tor1aip1
208266	1732.6	1355.2	0.354166894476183	6.8685026215954	109.451934323527	2.1927573228656e-10	2.31343900326273e-08	208266	Dot1l
208285	202	208.8	-0.0160284261394891	1.0405165428725	0.00981310992651015	0.921918543554007	0.950592854082581	208285	Cyp4f17
208292	331.4	279	0.25135330227255	4.56186142525158	14.8736182301067	0.000842769721427401	0.00398605809997109	208292	Zfp871
20832	1545.4	1672.2	-0.114699886359033	4.83512607121433	6.76563917312499	0.0157176445190968	0.0423848570669822	20832	Ssr4
20833	4396	4415.8	-0.00661159728226387	6.88299554677855	0.0371904467034648	0.848712376738335	0.900692863666913	20833	Ssrp1
208366	62.2	60.8	0.0164999670286519	1.9374077923808	0.0253446771569393	0.874853148299062	0.919435768251006	208366	Rpp40
20841	518.2	459.4	0.169044044861079	3.78881615138884	8.66376954571271	0.0071294071359572	0.0223096884050932	20841	Zfp143
20842	1975.2	2211.2	-0.164942030564262	5.51254004918281	15.3001104095806	0.000665704327580136	0.00328511107915442	20842	Stag1
20843	1973.2	1832.8	0.106409810349625	5.83571275240139	8.50984152322115	0.0075840506770671	0.0235437861869261	20843	Stag2
208431	125.6	123.6	0.0412487306297434	1.73762507966749	0.111568918484685	0.741287381004362	0.824895511974521	208431	Shroom4
208439	4393.8	3391.8	0.373520556356043	6.57362413595169	74.2596280761931	1.14253365329939e-08	4.625821127392e-07	208439	Klhl29
20844	2226.8	2149	0.0497969402738795	6.04594772434205	1.72146324765305	0.202006965651895	0.317198118580391	20844	Stam
208440	3847.2	3591.2	0.0987455491305934	6.73223992169937	9.5808933279487	0.0049701122924644	0.016725961135106	208440	Dip2c
208449	997.2	789.4	0.338873687272537	5.24131635840992	71.2427597122127	1.27869184519267e-08	5.07418051703248e-07	208449	Sgms1
20845	491.8	398.2	0.300169364483399	2.63278994872233	12.1096334403004	0.00195115984050664	0.00780788049132973	20845	Star
20846	1040.6	1013.2	0.039289529019032	4.55403687780325	0.817765082916126	0.374888455185988	0.508267304310878	20846	Stat1
20847	1311.4	1291.6	0.0209797519799109	5.32031185916131	0.248949428134954	0.622391763230152	0.730198907932517	20847	Stat2
20848	3485.6	3299	0.0800445984381065	5.79909095394343	4.27210354645091	0.0497751677706476	0.106522101711125	20848	Stat3
20849	185.4	271.4	-0.58883038865208	1.25672149701688	19.9731533718758	0.000162628998627598	0.00103643718966636	20849	Stat4
20850	34.6	30.8	0.156083768362397	0.89410097830457	0.698766880509671	0.411912811215307	0.544470761161961	20850	Stat5a
208501	418.8	442.4	-0.0860001701484693	2.87540522503275	1.17820349905484	0.288583837379323	0.416203430999874	208501	Ndufaf8
20851	945	939	0.00858256147702672	5.15189945694781	0.0436305776364869	0.836318093569967	0.89171892331516	20851	Stat5b
208518	404.6	433.2	-0.0908644453185409	3.7265726225837	2.42792892608849	0.132376385028667	0.229338160038877	208518	Cep78
20852	423	394.4	0.102024169461499	4.04492399408637	4.32986893822848	0.0483735441895927	0.104185845286302	20852	Stat6
20853	3033.8	2947.8	0.0400885802302324	6.34716806911053	1.24390538410745	0.275843981272645	0.402428368677719	20853	Stau1
20855	162.8	106.6	0.6339304765506	2.09852429860123	32.392337932759	7.50880848111806e-06	8.41680868497987e-05	20855	Stc1
208583	61	85.2	-0.477544796272347	1.00471085284847	12.1479643804394	0.00192487230008635	0.00772754399026738	208583	Nek11
208595	28.2	26.4	0.116909113486806	1.04166745443781	0.730416300290693	0.401261129202885	0.534205816668752	208595	Mterf1b
208606	2957	2954.6	0.000278458741400743	6.50022037298527	4.852878225749e-05	0.994499779180446	0.99588577554104	208606	Rsrc2
208618	5065.6	5447.2	-0.106709677150917	7.50328346720511	9.64186454638224	0.00485445928494199	0.0164401018051901	208618	Etl4
208624	125.4	130.8	-0.0730013720133728	3.1438986596761	0.969163819862195	0.334781785545845	0.466223714064905	208624	Alg3
208638	688	562.6	0.294144356993763	4.02868285688843	31.331293999011	9.48133872397818e-06	0.000101138944587735	208638	Slc25a38
208643	10816.8	10361.8	0.0606675019497374	8.5192132050424	4.04490772390496	0.0557506665706351	0.116609364470185	208643	Eif4g1
208647	211.6	162	0.37936034960761	2.88962730802254	17.577293426313	0.00032772127110086	0.00185251593761902	208647	Creb3l2
208650	1193.2	1190.2	0.00138881682312551	4.79609615844158	0.000907715492957988	0.97621569269337	0.985174183597242	208650	Cblb
208659	378.2	284.8	0.417683164956499	3.74246287265131	30.714993508022	1.1249772319355e-05	0.000116813368609165	208659	Fam20a
20866	7147.2	6969	0.0351196678081826	6.62306604183138	1.14181291735708	0.295977619350455	0.424242414725454	20866	Stim1
208666	1748.2	1863.4	-0.0929473913266002	6.49462034278277	5.3392985951681	0.0298257565705358	0.070862484582973	208666	Diras1
20867	7562.2	6057.6	0.320309018888383	7.53828441019035	54.9951507703273	2.32371416093238e-07	5.05067135069422e-06	20867	Stip1
20868	279.4	305	-0.113390120800245	3.20150978490592	1.97996460256567	0.172306952655166	0.279960059990757	20868	Stk10
20869	1107.6	1063.8	0.0579278854495002	5.75672659556947	2.50835322473232	0.12643007110875	0.221000832103674	20869	Stk11
208691	3248.8	3271.8	-0.0105290640377853	5.78725672365788	0.085906753077424	0.771984677036074	0.847728102938491	208691	Eif5a2
208715	7154.4	8672.6	-0.278104489782126	8.21332570344678	37.4922587613131	5.78460860207327e-06	6.79464351601166e-05	208715	Hmgcs1
208718	966.6	1156	-0.26266876772761	4.87058306069732	30.0443435836372	1.26621481588401e-05	0.00012952490409616	208718	Dis3l2
20872	1968.4	1835.2	0.101916591910551	5.49686694362601	7.53185074862524	0.0113358912512495	0.0325549318787124	20872	Stk16
208727	519.2	475.8	0.124789493659245	4.97937483804431	5.50314918954689	0.0276443811338628	0.0666064152206789	208727	Hdac4
20873	165.6	144.8	0.195159680132139	2.61621109921416	6.72734250639759	0.0159812262162569	0.042935435637505	20873	Plk4
20874	1343.6	1377.6	-0.0343050071591546	6.63661025440569	1.18797202800861	0.286641057079915	0.414062546375484	20874	Slk
208748	2930.4	2925.4	0.00721993105320589	5.97713774702096	0.0298079942656069	0.864384972209868	0.912114362508603	208748	Prrg3
208768	571.8	533.2	0.100081072327173	4.36659933126454	3.32687611885661	0.0807258174895709	0.15540902583834	208768	Sde2
208777	73.8	99.6	-0.419424172493621	3.05767313293492	16.6494796580511	0.000511670207249029	0.00266009994939924	208777	Sned1
20878	78.8	77	0.023268594938916	0.70808250425224	0.0237977961951721	0.878699912365217	0.922280773605899	20878	Aurka
208795	251	305.4	-0.281033826413105	4.1741798772559	17.3460004132556	0.000355906272971828	0.00199157648686202	208795	Tmem63a
208820	895.8	976.2	-0.131765990063128	3.19607068621694	4.07469720136382	0.0549227861844137	0.115218280335198	208820	Triqk
208836	118.6	114.2	0.045908077106567	1.8927590526944	0.166473952058655	0.686908389254978	0.78301055664759	208836	Fanci
208846	2758	2957.6	-0.101788963725306	6.3243259578338	10.1080799619036	0.0040616771498859	0.0142390205007157	208846	Daam1
208869	8220.4	10197.8	-0.310795685223008	8.63919768629402	74.2392210102943	8.79486536617107e-09	3.76097585806617e-07	208869	Dock3
20887	555.8	174.6	1.64449282536867	3.66903227290055	348.992790103027	7.96493668929659e-15	1.52256000464809e-11	20887	Sult1a1
208884	3974.6	3811.4	0.0608938072565536	5.9006923209815	3.21575314336606	0.0856384898035353	0.162742404893544	208884	Zdhhc9
208890	0	0	0.374052053393683	0.115280311424159	3.02130593376772	0.0950877281973942	0.17638578328608	208890	Slc26a7
208898	253.4	280.2	-0.14103559470503	4.54038036688497	3.32841179924759	0.0840682820261301	0.160408409908896	208898	Unc13c
208908	45.2	66.8	-0.561620023103183	2.05572182892898	21.9476474780007	9.41232684115184e-05	0.000658223069062892	208908	Ccdc62
20892	41.4	45.4	-0.147623408556857	2.70266383771045	2.78783109841059	0.108071846997448	0.195314989437258	20892	Cenpx
208922	1578	1513.6	0.0618609337726466	6.12418604401524	2.02573029745802	0.167619122272124	0.27469011262146	208922	Cpeb3
20893	1659.8	1130.4	0.55137230446025	7.05842111072481	26.5430753172013	0.000276631888128281	0.00160579811686995	20893	Bhlhe40
208936	75	77.8	-0.0432566240674026	2.41459959556176	0.11383937567113	0.739259554922298	0.823399676878084	208936	Adamts18
208943	271.4	364	-0.412978972037928	2.8687198864655	19.3871193882303	0.000192275575308454	0.00118970512222106	208943	Myo5c
208967	1527.8	1500	0.0234943871480784	4.49644389894615	0.234767184383657	0.632436223877607	0.738211836499244	208967	Thnsl1
208968	199.6	243.4	-0.28568932614325	4.53088636529462	31.5782004901916	8.97669775216929e-06	9.67555475837844e-05	208968	Zfp280c
20897	119.2	80.6	0.542536721812141	2.26380476637698	8.9794958489183	0.00898806010720243	0.0270709357761	20897	Stra6
208982	1637	1624.6	0.0139473959811699	4.31011998669736	0.082245301218712	0.77675677041652	0.850999951459136	208982	Hmgcll1
209003	114	126.6	-0.156346800274333	2.4258614918707	3.47955546452746	0.074494007215547	0.145741253423595	209003	Rbmx2
20901	6938.2	6964.4	-0.00476727142894098	6.87468274055641	0.0242608746460213	0.877535226703853	0.921526748530768	20901	Strap
209011	802	756.4	0.0837470144558759	5.32490313617126	6.08083071169254	0.0212577958836327	0.0538958396249827	209011	Sirt7
209012	149.4	203.6	-0.453947639583131	2.83781594244743	30.2868778583758	1.19837112711758e-05	0.000123370771163515	209012	Ulk4
209018	2613.2	2628.8	-0.00889131761066347	5.92440704404755	0.0747692850061994	0.786871761099921	0.857855214582762	209018	Vps8
209027	38.8	54.8	-0.511388408092467	1.02900234456356	11.8323961236893	0.00215338186195319	0.00843266904163407	209027	Pycr1
209032	170.8	173	-0.0176632882832973	2.48820734590391	0.0505759151345563	0.904489880157885	0.939660513749879	209032	Zc3hav1l
209039	153.8	130	0.240524107717382	4.66052852921475	19.1176062571819	0.000207841028611008	0.00126850039294192	209039	Tns2
20907	7668.2	8028.6	-0.0668108089341979	8.5318496747514	6.87680970843213	0.0149793325500407	0.0407742509751956	20907	Stx1a
20908	2183.4	2614.6	-0.259780296634102	5.69795577309891	37.5990134820428	2.54527212811182e-06	3.48384122535305e-05	20908	Stx3
209086	586.8	443	0.421358539841197	2.57430443883871	24.1855193293398	5.21762665512545e-05	0.000403939880413408	209086	Samd9l
20909	619.2	558	0.149879514105029	5.63469966481699	19.1165231118124	0.000207906284134455	0.00126850039294192	20909	Stx4a
20910	80361.6	83838	-0.0617341672054206	10.2677163890994	4.64166891470189	0.0415346306089373	0.0922467041827874	20910	Stxbp1
20911	299.8	356.6	-0.251247382777923	5.23967428071122	32.6747706142761	7.06225434285055e-06	8.00610386443622e-05	20911	Stxbp2
20912	325	348.6	-0.0968299256055533	3.81961179795539	2.6990758670249	0.113541329413851	0.202733338523509	20912	Stxbp3
20913	1330	1197	0.157458696854616	4.72671645113796	10.5194485475404	0.00347899017471258	0.0125368546460473	20913	Stxbp4
209131	1588.4	1509.6	0.0741128757567356	5.85585147276178	3.61440660067651	0.0694442297113753	0.137896262707545	209131	Snx30
20916	9664	9662	-0.000423602084892022	7.25484820012919	0.000180043967731029	0.989406004170235	0.992909420556591	20916	Sucla2
20917	241	265.6	-0.135463808149519	2.7973097442422	2.81115379910418	0.106686001321219	0.193456211654359	20917	Suclg2
209176	390.6	565.8	-0.541809740683712	0.95785332892425	14.3794995263037	0.000898345936675038	0.00419402201831427	209176	Ido2
20918	8283.4	7903.2	0.0682946626052981	7.046273469135	4.55282179966997	0.0433656146056195	0.0954479356646298	20918	Eif1
209200	66.2	64.4	0.0319265766731819	2.35645487603167	0.0982442533670016	0.756674626525853	0.836438529830177	209200	Dtx3l
209212	1239.8	1201.8	0.0449178093114469	4.20700159913223	0.881671921025063	0.357167179913499	0.490638131388492	209212	Osgin2
20922	861	785.8	0.13775266637943	4.21719667386265	4.90843813478598	0.0365378362554145	0.0833256366733608	20922	Supt4a
209224	394.8	431	-0.134586320516574	3.48990317032495	3.57160343644733	0.0710034815808048	0.140452213325435	209224	Enox2
209225	458	451	0.01978315140985	4.43575675898264	0.168766453384612	0.684882059573469	0.781440265951604	209225	Zfp710
209239	62.4	51	0.296443065299879	2.77107177111031	15.180310492756	0.000691867657904036	0.00339913498550134	209239	Gan
20924	4478.4	4271.6	0.0682377692099391	7.65760466239193	5.13370630362455	0.0328391933004514	0.0766071174894648	20924	Supt5
20926	5549.4	5337.2	0.0551724030871898	7.87040664899866	2.56273458428065	0.122587493210801	0.215426094452147	20926	Supt6
209268	85.2	81.6	0.0764643077789494	0.663436269427929	0.192061194737318	0.665154756109371	0.765335682598699	209268	Igsf1
20927	1674.4	2035.6	-0.282383586582301	5.50315452750061	26.6251936265078	3.8101590899602e-05	0.000314338124921717	20927	Abcc8
20928	238.2	188.2	0.347505352531804	3.41012885795755	15.1054894839825	0.0008073168123568	0.00384733175265585	20928	Abcc9
20930	2240.8	2472.2	-0.144860760336461	5.50187141774574	11.652687154834	0.00229663917278663	0.00889042476515932	20930	Surf1
20931	590.2	600.6	-0.0295456479291724	4.6676464882286	0.437341734367004	0.514753693713454	0.63821167011697	20931	Surf2
209318	1497.6	1514.2	-0.0163822445762541	4.72264090997241	0.154587805063538	0.697685420359283	0.79136349885216	209318	Gps1
20932	3397	3122.6	0.120982315143473	6.17061421011741	13.7424124319821	0.00111075419862199	0.00497286169060275	20932	Surf4
20933	1314.8	1301	0.0162295700282252	4.84131488019476	0.121609727112692	0.730358205745807	0.816947647875708	20933	Med22
209334	135	87.4	0.583269524565936	0.343478094538063	9.37061543545763	0.00539274845585065	0.0178123368786255	209334	Gen1
20935	676.2	671.8	0.010781563342721	3.95533113116615	0.0306857876144143	0.862423517399476	0.910839661541339	20935	Surf6
209354	619.2	605.4	0.0379119628579898	4.54679085230122	0.625762383207479	0.436718821670285	0.568473869634573	209354	Eif2b1
209357	345.2	342.4	0.010259335960969	3.74888746371775	0.0284891021047052	0.867388918094225	0.914126097129707	209357	Gtf2h3
209361	643	536.6	0.26028572206636	4.06266010585935	15.0029585877956	0.000732679167681262	0.00355732102440879	209361	Taf3
20937	935	1042.4	-0.151101579197601	4.50162443661258	8.53246214820401	0.00751528597695068	0.0233586005709068	20937	Suv39h1
209378	762.6	770.4	-0.00910803664309079	4.96390430148394	0.0328983551659974	0.857604373197003	0.90718776421176	209378	Itih5
209416	1130.4	1118.2	0.0179792312310163	4.98709078126765	0.162042308965431	0.690872344288894	0.786211140389281	209416	Gpkow
209446	2254.4	2524	-0.162764576061791	5.48766821301774	15.0051944745363	0.000732148618593595	0.00355593956087091	209446	Tfe3
209456	353.6	315.6	0.162429735857624	4.79352128132883	13.3563492898607	0.00126574717743815	0.00552722347513326	209456	Trp53bp2
209462	3563.4	3619.4	-0.0216704054216734	6.05071499251182	0.486173161868556	0.492388123840749	0.617900498523544	209462	Hace1
20947	118.6	163.6	-0.450955694442309	3.7966455774521	43.8347110618186	7.84459140962048e-07	1.34420680449393e-05	20947	Swap70
209478	1093	1167.4	-0.0907091115151451	4.0189735434143	2.24539855926712	0.147146806479098	0.24884286192218	209478	Tbc1d12
209497	801.2	743.4	0.110398648499865	4.84250915635142	5.13966588847641	0.0327471984658689	0.076460667405283	209497	Tmem164
209540	142	150.2	-0.0813972571821374	1.14450930116359	0.405164104234908	0.557072495777225	0.675157291125609	209540	Rtl9
209550	46.2	91.4	-1.01987173318139	0.957659222694688	49.9622950663577	2.7384429344309e-07	5.795234871781e-06	209550	Rad51ap2
209584	747.4	761.6	-0.0259476720070054	3.60979019237877	0.207024205726145	0.653229099307836	0.755100240034826	209584	Tyw3
209586	6359.6	6921.4	-0.122760623710057	7.21839976927385	18.9447773283853	0.000218540775093485	0.00132111600301181	209586	Nudcd3
209601	194.8	259	-0.407292764031997	3.03460248365965	20.6849242178379	0.000133129467380131	0.000875259209987182	209601	Erich3
20962	0	0	0.125924682765349	0.98482633973958	0.824437159213658	0.372979637945156	0.506344292933153	20962	Sycp3
20963	269.2	253	0.0880088437758407	2.40079165095571	0.580980765800769	0.45365492055134	0.584052812966694	20963	Syk
209630	1349.2	1254	0.105138819603717	5.97924814934144	8.36659923394798	0.00803587833802007	0.0247128905314345	209630	Frmd4a
20964	46667.4	49324.4	-0.0813445673025514	9.67625279622045	4.4303178905884	0.0469473126347268	0.101689863153355	20964	Syn1
209645	103.4	93.6	0.15670687371404	1.8455679752925	2.38606204694327	0.135602518302784	0.233733956428582	209645	Bend7
20965	50074.2	50494	-0.0123564308849181	9.20049637451074	0.146746978060216	0.705060459008822	0.79753825907916	20965	Syn2
209683	364	368.4	-0.0211362599820751	4.46618915546264	0.18969743446458	0.667089234404291	0.766740215608643	209683	Ttc28
20969	34	38.6	-0.189821350200772	1.39397561728933	1.94223740290055	0.176291442169804	0.285119895392453	20969	Sdc1
209692	813.8	1038.2	-0.346414692457265	3.1159157422911	20.4288408501385	0.000143012348428625	0.000929033925477458	209692	Dhtkd1
20970	7733	8297	-0.100336400289577	7.96412314432803	11.7830885206751	0.00219169040467543	0.00854794741208274	20970	Sdc3
209707	479.4	626.8	-0.387814313185893	4.03738122815594	16.9989043178373	0.000659101262409011	0.00325697423824268	209707	Lcorl
20971	4322.4	2243	0.948155285231586	5.22225482280089	271.927600062144	9.52544602796615e-14	5.73669987034261e-11	20971	Sdc4
20972	25633	26823	-0.0653894537483751	9.37204247226931	4.76326820538962	0.039167738165259	0.0881685854914582	20972	Syngr1
20973	194.4	188.4	0.0381675189499132	2.72698032298829	0.243294875827145	0.626352565299956	0.733233278329259	20973	Syngr2
209737	3.2	3.4	-0.182484552544927	0.176688060924638	1.06267398646465	0.312958441213992	0.443339306895656	209737	Kif15
20974	11962.4	11834	0.0162046652750423	7.2479392069884	0.159660211755068	0.693100518710255	0.788328210374412	20974	Syngr3
209743	47.6	40.4	0.22979250331554	1.75341962789549	4.08495494443467	0.0546409392141163	0.114743590789022	209743	AF529169
20975	7874	6419.4	0.294624024598664	7.01511891609614	11.1932330926749	0.00569391671296553	0.0185946389898788	20975	Synj2
209760	793.2	649	0.291794438632604	4.32566249655453	20.6442869957524	0.00013648028068029	0.000894236616932419	209760	Tmc7
20977	70346.2	73158.6	-0.0573830896725134	10.6238699086333	4.14473583219814	0.0530305527148171	0.112127502770621	20977	Syp
209773	789.2	685.2	0.202497008357948	4.44033189246853	18.0219066560243	0.000286813638994315	0.0016562358431871	209773	Dennd2a
20979	114898.2	122913.4	-0.0982224818917716	11.1057256542997	13.127254578721	0.00136877299832697	0.00586456327355647	20979	Syt1
20980	1231.8	1264.4	-0.0373621224402809	4.32784731689397	0.16677222857944	0.688191787777465	0.7841642964553	20980	Syt2
20981	2668.4	2781.6	-0.0588207839092314	5.6893982189148	2.04845626976119	0.165348680052795	0.272079897709824	20981	Syt3
209815	683.4	724.4	-0.0913213970720092	4.11436487741452	1.96106096377355	0.174289590203261	0.282611691313797	209815	Tbc1d25
20983	18389	17738.8	0.0530823009067581	7.76297301084492	1.39467812911918	0.251290649519655	0.374951486338092	20983	Syt4
209837	17.8	40.6	-1.25506844931727	1.57259771436526	84.3696099306588	2.69046250085363e-09	1.50728468943172e-07	209837	Slc38a5
209966	7604.8	6811.4	0.159321767314317	7.57258333109719	28.8398506204857	1.67101304307732e-05	0.00016196942393311	209966	Pgbd5
210004	40.6	48	-0.244669184897809	2.74818762327553	7.5482721949357	0.0112581113505289	0.032363711507666	210004	B3gntl1
210009	246.6	172.4	0.517144495044988	3.44442089874519	70.185002988019	1.46348355260513e-08	5.59608234639009e-07	210009	Mtrr
210027	2951.4	2081.6	0.505304163130409	5.25760265651004	133.820996075978	2.92228694563745e-11	5.14294936839098e-09	210027	Slc35f3
210029	245	208.4	0.242202556905882	2.93681629788121	9.61920376483385	0.00489709523337697	0.0165612106933156	210029	Metrnl
210035	460	430	0.110773886425563	2.3159213173824	1.35698095344552	0.255593377878339	0.380194163204025	210035	Nemp1
210044	7892.2	7968.4	-0.014986056510389	8.03839112060921	0.224461046814093	0.639974617357738	0.744221107365922	210044	Adcy2
210094	575.6	593.6	-0.0443489917721186	5.20561065886533	0.947396693914643	0.340162594569998	0.47259800289465	210094	Iglon5
210104	66.2	54.8	0.271148147359502	1.78280441791282	7.69962093466735	0.0105683007614382	0.0308034319834298	210104	Zfp658
210105	653.8	558.6	0.234414544914471	3.34442002396634	13.2982090019579	0.00129106698484449	0.00560224623204509	210105	Zfp719
210106	2724.8	2524.4	0.11036931201958	5.80569491015611	13.371124321912	0.00125939938628365	0.00550487853741583	210106	Papd7
210108	2143.6	2066.6	0.057778273226735	5.98026053855737	1.75060702421748	0.198359541639159	0.31284983844184	210108	D130043K22Rik
210126	233.4	195.8	0.255641874995163	3.10181612524711	13.4653492642859	0.00121972542945476	0.00536207913039707	210126	Lpp
210135	1894.4	1391.8	0.444961710357596	5.48275556886729	117.232165943019	1.10947358667013e-10	1.41914435590532e-08	210135	Zfp180
210146	6259.6	5934	0.0765640765506782	7.05865978918636	7.1520125975606	0.0133111370226839	0.0371599258342001	210146	Irgq
210148	366.8	389.8	-0.0878354738483145	3.39743664023569	1.5188896150417	0.229812168614515	0.35013229526238	210148	Slc30a6
210162	194.2	287.8	-0.548571086862859	4.39391445902738	49.2699368630396	8.59268390707313e-07	1.44585160876409e-05	210162	Zkscan2
210172	271	268.8	0.0111635505610365	3.36832373885845	0.0315248810029873	0.860575424965139	0.909398829686074	210172	Zfp526
210274	5999.2	4366.4	0.458412640001467	8.00380162448852	98.5506035478999	4.91377658645884e-09	2.40758395866699e-07	210274	Shank2
210293	245	250	-0.0278720667061134	4.79850694784206	0.294631378623416	0.592310161818217	0.704803744045485	210293	Dock10
210297	701.8	722.6	-0.0423619679674756	4.24426009866576	0.486749411208546	0.492134329783368	0.617850221722297	210297	Lrch2
210356	61.6	67.2	-0.125999638746315	2.18091763124458	1.43352158729523	0.242968353207037	0.365628795133214	210356	Nckap5
210376	4169.4	4262.2	-0.0315178521376317	6.17550837542715	0.580207497815222	0.453705987258772	0.584052812966694	210376	Mtmr9
210417	80.4	89.8	-0.150574200971759	2.24369276539685	2.60418050941756	0.119750961815507	0.21136651631229	210417	Thsd7b
210510	9.6	9	0.0237752120047554	0.312705539627884	0.0187358138163106	0.892276743643606	0.931659904112164	210510	Tdrd6
210529	811	822.2	-0.0242723493307365	4.56881443571881	0.224295791869143	0.640097216470305	0.744265559235926	210529	Mettl14
210530	52.8	51.8	0.0266442321402652	1.3118382236105	0.0467431658693703	0.830671042211973	0.887924807286781	210530	P3h2
210541	0	0	0.501630561672339	0.0500434727845067	5.60547206852522	0.0263725645738699	0.064184045858009	NA	NA
210544	119.8	125.4	-0.0712738318161091	3.37742906865717	1.24291165488171	0.27603108185065	0.402517479526765	210544	Tbc1d31
210573	5974.2	4279.6	0.481711583921453	7.1160403250518	156.689540117411	5.76135464042809e-12	1.41159390092401e-09	210573	Tmem151b
210582	1809.8	1904.6	-0.0733716727952249	5.06537274211311	3.46303033049456	0.0751412100485076	0.146689769049315	210582	Coq10a
210622	995.2	1410.8	-0.513920704071472	5.592202642572	121.73528227128	7.60860184746378e-11	1.08885872379447e-08	210622	Pamr1
210673	2039.6	1801.2	0.179061090394836	5.80673200755148	14.9744280969285	0.000746085789623468	0.00360744376535874	210673	Prrt3
210710	42.2	39.2	0.119827431270815	0.217212680371842	0.482787540901832	0.493883793118845	0.619239794044048	210710	Gab3
210711	1219.4	1092.8	0.161812756701509	4.4443805471273	8.69464932518789	0.0070418545439604	0.0220931116948998	210711	Mcmbp
210719	1184.2	1293.6	-0.133183629563085	5.09071648104486	2.0762343715967	0.171562719266221	0.279053429763983	210719	Mkx
210741	456.8	433.6	0.0743380871164322	2.87796141747381	0.827918613581121	0.371989229986317	0.505644262825042	210741	Kcnk12
210766	848.8	833.6	0.0267005254965035	4.33166323659731	0.256926934634374	0.616898863743442	0.72613724082427	210766	Brcc3
210789	979.8	631.6	0.634279811263981	3.82666998965975	65.6486537508274	3.81443088654779e-08	1.20907421127548e-06	210789	Tbc1d4
210801	1135.6	1387.4	-0.285775836441429	5.25539187917609	14.8104460374576	0.00133642641474404	0.00575587228805433	210801	Unc5d
210808	110.6	140.8	-0.350423139388925	2.2542281408945	15.0054252974499	0.00073209387092797	0.00355593956087091	210808	Lacc1
210925	481.4	446.4	0.110956964090141	4.19524395870053	4.27758340067472	0.049640256473312	0.106312085800156	210925	Ints9
210933	4042	4486.8	-0.152051340524106	6.92137705720958	20.6785191580131	0.000133367398151519	0.000876223805855479	210933	Adgrb3
210973	5562.4	4561.2	0.290386029339481	5.8175089318071	58.5624694503051	7.20609101453355e-08	1.96893836529429e-06	210973	Kbtbd2
210982	5886.8	5204.4	0.178308681164734	6.61736002653219	29.7758950232323	1.34620385544097e-05	0.000136165364076584	210982	Bicral
210992	1039	1138.4	-0.135043616936079	4.62984683583667	6.56114842296054	0.0171831225615137	0.0454381363893375	210992	Lpcat1
210998	3581.6	3069.2	0.221953047490545	6.31443390661951	44.5072791297533	6.95610620657992e-07	1.21237823804695e-05	210998	Fam91a1
211006	466.6	558.2	-0.252051529868248	2.40243663329578	7.0424409301745	0.0139494018389662	0.0385515591167147	211006	Sepsecs
211007	1965.8	2004.2	-0.0296261161718209	5.98370713019282	0.85447526346531	0.364558088657721	0.497907617087914	211007	Trim41
211064	194.4	179.8	0.123536599169947	3.23384855843067	3.1346709645179	0.0894405836005155	0.168225017076027	211064	Alkbh1
211134	889.6	791.8	0.166453389571277	5.76644611188167	17.1560823518402	0.000372388897913643	0.00206542944376201	211134	Lzts1
211147	483.4	459	0.095220995795915	1.89495923969297	0.704798993688056	0.409521566933636	0.542450946522982	211147	March11
211151	326.6	350	-0.107578889980465	3.42155451194114	2.75785187486341	0.109884169688167	0.197840780851116	211151	Churc1
211187	2602	2441	0.0921747253187998	6.20281260616603	5.18927734055129	0.0319924499686482	0.0750314573822556	211187	Lrtm2
211232	1580.2	1768.8	-0.162566859420034	6.60168884154121	21.2928145764567	0.000112516915830233	0.000761029247267284	211232	Cpne9
211253	255	281	-0.135243175873741	2.82767423967724	3.49277193260553	0.0739809735839043	0.1449412538888	211253	Mtrf1
211255	3363.4	2915.8	0.206103859374863	5.65565098618005	12.1095453900623	0.00251128292956768	0.00953957515478876	211255	Kbtbd7
211286	416.2	415.6	0.000582396175200452	3.7430934283266	8.11724877591825e-05	0.992886515410158	0.994813648533095	211286	Cln5
211323	29.6	36	-0.297759159409816	2.0780930204873	6.55897182967833	0.0171995127397087	0.0454731584305378	211323	Nrg1
211329	6114.2	5444	0.167901318717741	6.66857730457267	31.2460874038005	9.66256840360844e-06	0.000102617754376015	211329	Ncoa7
211347	1277.4	1284	-0.00596261348979706	5.73045622391251	0.0135592009582306	0.908363166734385	0.941837937259844	211347	Pank3
211378	96.2	88.6	0.151356543829854	0.258855281710187	0.8524775537537	0.365109607334577	0.498375131212954	211378	6720489N17Rik
211383	2810	3087	-0.140171378982662	5.39391976099308	7.51134287234839	0.0115326337720495	0.0330280738143856	211383	Amer3
211389	349.4	328.8	0.0926171656691503	3.49589504194118	2.04613867077293	0.165578511034352	0.272365061851659	211389	Suox
211401	527.6	645	-0.289578336737057	5.12916272498837	31.0057858584604	1.01942420538302e-05	0.000106851033100842	211401	Mtss1
211429	368.4	274.8	0.428123458602373	3.26359828371868	38.4935564300748	2.13399164549416e-06	3.01512367976271e-05	211429	Pla2g4b
211446	4473.2	4479.8	-0.00379789352877875	6.78101015215781	0.0139317071897254	0.907031308146468	0.941150791668991	211446	Exoc3
211480	364.8	303.6	0.277734444164881	0.765223238922805	3.4655891670146	0.0750405742541722	0.146631940012141	211480	Kcnj14
211484	792.2	595.6	0.414574757461105	3.68564743534647	41.6386274587517	1.17173308234106e-06	1.83889576244927e-05	211484	Tsga10
211488	2608.4	2489.6	0.0693641991873638	5.50209211481413	2.32342500929886	0.140604940718948	0.240566265761325	211488	Ado
211499	1121.4	980.8	0.196475273149188	5.1692977511706	19.4244334166655	0.000190222384947339	0.00117952567654605	211499	Tmem87a
211535	10.6	9.8	0.0922721184066787	0.928284434728516	0.383507060795453	0.541609691384537	0.662135369979877	211535	Ccdc114
211548	9251	8812.6	0.0699833233939134	7.25221068171415	5.41092083472084	0.0288494760174739	0.0690495655500194	211548	Nomo1
211550	259.6	264.4	-0.0310491076244186	2.28207590785337	0.0876745232053441	0.769720305430385	0.846241522377028	211550	Tifa
211556	1911	1908.2	0.00052895637262038	6.66272940238898	0.000256050324925185	0.987366390657921	0.99168253561281	211556	Ap1ar
211577	0.8	1	-0.198426376415216	0.0760396327101581	0.770071245209495	0.388958961913297	0.52234626363419	211577	Mrgprf
211586	1227.2	1164.4	0.0740082654479833	5.44833769512267	3.6242072864384	0.0690927246583765	0.137349228746001	211586	Tfdp2
211612	1217	1257.8	-0.0448665052667581	4.74133875822118	0.669127611981603	0.421462338950427	0.554505257454206	211612	Ptchd1
211651	699	550.4	0.353201012330531	3.1646149580693	20.2196785026517	0.000151676916798684	0.000977413355063834	211651	Fancd2
211652	4019.2	3340.2	0.268113315672098	7.1230168195291	51.3237108800138	2.19407062372778e-07	4.83431353587826e-06	211652	Wwc1
211660	1283	1284.2	0.00143953130700168	5.23453798397594	0.00117431050088227	0.972948770905466	0.983426680745986	211660	Cspp1
211673	7830.8	7802.6	0.00562448998067719	7.05601201075214	0.0366680483658998	0.849765124256278	0.901203691099879	211673	Arfgef1
211712	2726.6	3057	-0.161591833578077	6.84295787220859	12.4871303901991	0.00190419929875722	0.00766405845479082	211712	Pcdh9
211739	3912.2	3660.8	0.0943520548257678	6.95924819441359	4.48426584026769	0.0458701357210767	0.0997693009629428	211739	Vstm2a
211770	900.2	461.8	0.946722699233065	4.61194402766277	51.0655108585457	1.09599370059479e-05	0.000114131793576348	211770	Trib1
211798	380.4	375	0.0193781231264801	2.68855048264705	0.0629521782868785	0.804040641504979	0.869685207836037	211798	Mfsd9
211914	3111	2479	0.322672990936543	6.56040835127771	18.9272729043057	0.000696160116533511	0.00341790024605142	211914	Asap2
211922	926	855.6	0.112844046139366	4.91544896890002	5.5371530425226	0.0272143088599261	0.0658556203350699	211922	Dennd6a
211936	249	200.8	0.313512965366728	3.2034715116607	19.4938649192275	0.000186465112876959	0.00116020953143502	211936	Ccdc73
211945	166	187	-0.167540852336824	4.53885479276463	7.58106368644953	0.0111273497987141	0.0320835256314809	211945	Plekhh1
211948	674.6	613.4	0.128835016238524	3.5966351371478	3.79677496867473	0.0632237374592883	0.128275673952352	211948	Pde12
211949	99.8	95.6	0.0679061695696537	1.54424257579109	0.250231384993151	0.621501671094381	0.729391454530544	211949	Spsb4
211961	184.6	189.8	-0.041148109439579	3.98243053468126	0.410344318592112	0.527908730796202	0.65005902154782	211961	Asxl3
211978	1602.4	1483.6	0.11344246592739	5.07797923255922	5.56614134578312	0.0268535505901021	0.0650916015813074	211978	Zfyve26
211986	1508	1677.2	-0.155877089882566	5.28368829498719	13.5820001361572	0.00117248640692801	0.00518895239612293	211986	Tmem18
212032	18.2	19.2	-0.110404875916607	0.916819810208234	0.606294588587401	0.44385193953199	0.574760500763145	212032	Hk3
212073	16	13.2	0.228163564185162	0.920597619118841	2.3979947200382	0.134673628911885	0.232554716371462	212073	Syne3
212090	1497.2	1361.8	0.135870048940996	3.79947844148805	4.60430026538476	0.042293936997521	0.0936166256297347	212090	Tmem60
212111	1933.4	1774.6	0.123564201117402	5.56318036856119	8.99471565926213	0.00624994783947335	0.0200748324603884	212111	Inpp5a
212114	24.2	30.8	-0.341374500569214	2.5468786618557	15.7452262982642	0.000577534359914398	0.00292388148448431	212114	Nhlrc3
212123	937.2	1099	-0.231657412634216	4.50643463710344	19.5124107141058	0.000185475222490069	0.00115554261459977	212123	Dcaf15
212124	159.2	228.8	-0.53135294750643	1.36078833887873	15.880514544786	0.00055332144669204	0.00282404950229052	212124	Cfap46
212127	465.2	439.4	0.0781635066624985	5.10919742119053	3.03944396454415	0.0941571128446903	0.175041403094168	212127	Proser1
212139	786.6	740.6	0.0851642960060317	5.87202949188081	5.11907465287071	0.0330662812591073	0.077062242715114	212139	Cc2d1a
212153	315.8	352.2	-0.151994347389778	3.05644651579743	4.53933338416258	0.0436514388102758	0.0959163722352883	212153	Ccdc191
212163	2374	1969	0.274149097392266	4.72436309305402	34.9127232571154	4.39269162671881e-06	5.42666365577724e-05	212163	8030462N17Rik
212167	220.2	317.6	-0.529078467153519	2.78917716684957	31.4917224528642	9.15004861633809e-06	9.81847087606168e-05	212167	Gsap
212168	472.4	375.2	0.332388235136195	4.54723255938106	28.4890250076906	2.00459393459638e-05	0.000186931617617136	212168	Zswim4
212190	33.8	38.4	-0.20826115868108	0.162522545754159	1.07680542889275	0.309831340215996	0.439911806628881	212190	Ubxn10
212198	108	114.2	-0.0748742509309924	2.51850690626896	0.653869255941942	0.426734363160994	0.559355988494514	212198	Wdr25
212276	296.6	283	0.068980216163984	2.81275293589913	0.56442714697014	0.459839442883799	0.589910296213937	212276	Zfp748
212281	11.2	10.8	-0.0112721496568042	0.671271976403782	0.0057214604079917	0.940336843817224	0.962852701936395	212281	Zfp729a
212285	5542	6286.8	-0.183845039780132	6.90689352699981	25.2575081167491	3.97386698401606e-05	0.000324693461769181	212285	Arap2
212307	16842.2	15467.2	0.122262371224689	8.39955819951007	19.6259579551362	0.000179537810891371	0.00112413839621145	212307	Mapre2
212326	1110.2	1081.4	0.0347678306794265	5.3080828533096	0.669849497301535	0.421215416619736	0.55433375505979	212326	Fam149a
212377	106	124.4	-0.256042667495361	0.775587627476403	4.02625173721778	0.0562763249228066	0.117426314449647	212377	Mms22l
212390	193.4	204.8	-0.0861182631942724	2.95212019867047	1.31915358535509	0.262145641445953	0.387151640079677	212390	Klhl32
212398	204	196.2	0.0503188497275317	2.39846865831667	0.290978352893597	0.594600362435081	0.706540088674504	212398	Frat2
212439	458.6	409	0.167474445878959	1.95078677693614	2.70402744418409	0.113227802673374	0.202248475017419	212439	AA986860
212442	212.8	318.2	-0.582677371764978	2.63254247941856	41.4542579288653	1.21263937358868e-06	1.88873809330288e-05	212442	Lactb2
212448	7475.2	5754.2	0.38011846047013	7.05960121818467	108.24682280738	2.44553692188135e-10	2.48928103301922e-08	212448	9330159F19Rik
212483	2290	2342.6	-0.0324747838743481	7.00447077629146	0.705921864602128	0.409154116096834	0.542119319513988	212483	Fam193b
212503	117.2	132	-0.165828385309173	0.674047582918333	1.2168906242428	0.280990411876157	0.408125034521957	212503	Paox
212508	850.6	938.6	-0.138486859138924	4.13179049823789	6.93362615568201	0.014616863689405	0.0400030748986804	212508	Mtg1
212514	966.2	835.8	0.215188446660508	4.0594599279936	18.1106013129657	0.000279337597986588	0.00162020290581787	212514	Spice1
212516	199.4	175	0.18995349618646	3.1271188323462	8.11881227461182	0.00888898073448824	0.0268508521496955	212516	Efcab12
212517	8.2	8.6	-0.0320484524673148	1.93534838787477	0.0834906926534387	0.775120886572722	0.849851877002361	212517	Cfap44
212518	12378.8	14015.8	-0.179226882080014	8.10440933186174	32.8231940320973	6.83920560717366e-06	7.80220030355865e-05	212518	Sprn
212528	2466.4	2514.2	-0.0262126539773299	6.16558120304017	0.478120051291433	0.495958643143895	0.621284628433921	212528	Trmt1
212531	1136.8	1102.4	0.0435241878714828	5.03763313860554	1.36654323551447	0.253970686645393	0.378169599749924	212531	Sh3bgrl2
212539	21	28.2	-0.407963483085752	1.02632548574784	8.52677701540271	0.00753250359320711	0.0233981836980552	212539	Gm266
212547	313.8	284	0.144492820745058	3.11912035322297	3.8001620683778	0.0631143584361602	0.128107700721283	212547	Nepro
212555	240.2	194.8	0.296314712756297	3.30704976139301	14.9761270336207	0.000739078753585009	0.00358237568890601	212555	Pqlc2
212569	166.4	206	-0.269433078716686	1.18560488269369	3.11636226133062	0.0903258234130216	0.16964260026141	212569	Zfp273
212627	666	665.8	-0.00315652080249785	4.31136520101648	0.00402043184276389	0.949971518915557	0.968617030637194	212627	Prpsap2
212632	1281.6	1142	0.165086677403623	5.11667320078649	10.1842147576537	0.00394624398082851	0.013922140712447	212632	Iffo2
212647	312.4	300.2	0.0566394159241164	4.53153434382024	1.07612073312579	0.309981873265257	0.440039088212141	212647	Aldh4a1
212670	232	249.2	-0.106555542312839	1.8032265300258	1.33070294499581	0.260619602993284	0.385607098133374	212670	Catsper2
212679	72.6	68.8	0.0693210363632925	2.44472139291155	0.768285255616595	0.389500880868816	0.522879700202272	212679	Mars2
212706	307.6	272.2	0.17787391347424	3.78927222704962	10.1108151338201	0.00405746672378428	0.0142277108261955	212706	N4bp3
212712	3676.4	3608.2	0.0238172963697463	6.64514017328554	0.291866903716126	0.594288927504106	0.706286150151649	212712	Satb2
212728	366.6	365.4	0.014448873237924	3.27136789041208	0.030699331492656	0.862393481510028	0.910839661541339	212728	Tarbp1
212772	625.2	577.8	0.118101669505241	4.02881600216101	3.39083960108779	0.0780450616903633	0.151194655096168	212772	Arl14ep
212862	714	613.6	0.220850004414984	4.64690089317857	12.4813761999849	0.00182177256921011	0.00739660132454014	212862	Chpt1
212880	2134.4	2173	-0.025602276817329	6.42434372948791	0.541069155016291	0.469170374582889	0.598111535916483	212880	Ddx46
212892	254	265.4	-0.0343496109873793	1.02170648334832	0.0652117890229543	0.800632186552908	0.86742655156553	212892	Rsph4a
212898	241.4	226.8	0.0863401945488318	2.77544351551905	1.48980572736657	0.234190255377581	0.35546445092171	212898	Dse
212919	496	479.4	0.0495292079787629	3.72052627784599	0.685586841595761	0.415887325354735	0.548620553132914	212919	Kctd7
212933	60	79	-0.408927270013073	1.09999077633426	8.53092045290775	0.00751995077606485	0.023364868554867	212933	Pm20d1
212937	28.4	33.6	-0.233930143944259	1.71808078972862	5.83479680725693	0.0237520192263988	0.0590491375814188	212937	Tifab
212943	151.6	97.2	0.638270196242601	2.51008495171708	41.0465163162298	1.3087150980318e-06	2.01165979530634e-05	212943	Fam46a
212974	241.8	237.8	0.0270910478631771	2.53791164831125	0.102631998490234	0.751486668616885	0.83246384949329	212974	Pgghg
212986	722.6	759	-0.0743135096662946	4.1633706403657	2.07496144053221	0.162747417969164	0.268862193523638	212986	Scfd2
212996	4532.8	4875	-0.103876310026424	5.89098869714644	6.25264223323391	0.0196886416381517	0.05061893031623	212996	Galnt17
212999	11320.8	11051.4	0.0355852530122844	7.66950825017989	1.26586707721321	0.27175118687276	0.398145196034797	212999	Tnpo2
213006	2707	3710.4	-0.453659755856475	5.96163777663028	61.7178725439988	2.31975740312864e-07	5.04966468446104e-06	213006	Mfsd4a
213011	13.6	14.8	-0.0985384730581429	1.12661528707067	0.692612901808667	0.453167049042217	0.583733760525462	213011	Zfp583
213012	404.2	408.8	-0.0177891241624104	3.96701084615774	0.0697770663070949	0.793933300302881	0.862496198615396	213012	Abhd10
213019	36.6	44.4	-0.279854612518127	2.71625695009923	11.8069907863245	0.00217302785433111	0.00848890394770319	213019	Pdlim2
213027	1064	1042	0.0288278552308316	5.37318591358713	0.634296328422139	0.433648893835834	0.565884976781886	213027	Evi5l
213053	3254	2897.4	0.165171130127229	5.24456580283877	15.5960488353844	0.000605578348932998	0.00304157883216446	213053	Slc39a14
213054	273.2	277.2	-0.0171024349174054	3.99859454559949	0.0874146781149951	0.770051575617901	0.846525434102457	213054	Gabpb2
213056	2936	2316	0.340828927155277	6.61543657586342	19.2360506209205	0.000691838504233726	0.00339913498550134	213056	Fam126b
213081	346.4	394.6	-0.188407588448982	4.75476767452353	18.2186483036605	0.000270515500780824	0.00157954772045421	213081	Wdr19
213084	509	561.6	-0.142395570879458	3.49807767098618	4.95766584181395	0.0356914065165548	0.0818473091845601	213084	Cdkl3
213109	2734.8	2510.6	0.122639229373922	6.76034326091923	15.5395146351759	0.000616590946376145	0.00308808230731837	213109	Phf3
213119	704.4	322	1.12091323778927	3.19150863753705	211.358491233366	2.42657411984249e-13	1.16713829120008e-10	213119	Itga10
213121	573.2	577.6	-0.01091080719712	3.81471918854558	0.0297699970575861	0.864470546236611	0.912114554004232	213121	Ankrd35
213211	863.8	886.6	-0.0405179252881116	4.79609774028326	0.810184831506842	0.377074399706146	0.510704026738441	213211	Rnf26
213233	331.6	417	-0.334784108006723	3.07798017572137	20.4381399790159	0.000142639835444448	0.000927447674995078	213233	Tapbpl
213236	66.6	34.6	0.910967669427618	0.267008326174205	24.8720154028853	4.37946617088329e-05	0.000351866614974692	213236	Dnd1
213262	909.8	932.6	-0.0426380241958503	4.59580921354248	0.509716063604094	0.482224985813756	0.609912490807843	213262	Fstl5
213311	99.2	124.8	-0.337237793048557	1.81477093231234	12.3667192265838	0.00178205998745236	0.00727213299227455	213311	Fbxl21
213326	931	976.4	-0.0715592641989937	5.3157167931237	1.83326760291201	0.188864556564421	0.301075140684035	213326	Scyl2
21333	86	75.8	0.174502095487667	3.94408926633503	2.80667430935746	0.112559791728198	0.201403717459689	21333	Tac1
213332	205.8	199.6	0.0475448770240203	1.56531439780899	0.138106985312491	0.713454996103917	0.80395092489951	NA	NA
21334	346.6	420	-0.26658854481245	3.08312589813501	10.0818920849531	0.00410223291848069	0.0143568219379467	21334	Tac2
21335	99.6	149.2	-0.587170604843506	2.79253867787703	62.8609738821054	3.89662827193014e-08	1.21908798793243e-06	21335	Tacc3
213350	642.2	654.2	-0.0227951454415227	4.40296001204411	0.149107091033979	0.702817092749379	0.795872630727008	213350	Gatd1
21336	24.2	18.8	0.338466695046149	1.54236535712341	4.18230887072693	0.0537376129137416	0.113308087400206	21336	Tacr1
213389	132.2	146.8	-0.158795880207384	1.66315814540503	2.35838662234876	0.137786283469022	0.236750740053432	213389	Prdm9
21339	399.2	375.8	0.0892666965555844	3.96389925018397	3.1913787627617	0.0867615269198512	0.164465719357315	21339	Taf1a
213391	76.2	74.6	0.0271658733148743	2.79779577856478	0.0979522275476677	0.757024406181824	0.836674626621202	213391	Rassf4
213393	248.6	94.6	1.38117930704817	-0.125828243973843	21.6474967368927	0.000160793736065814	0.00102564548150718	213393	8430408G22Rik
21340	1066.4	1137	-0.0972444459063596	4.4629778351055	4.55306241910843	0.0433605349311575	0.0954479356646298	21340	Taf1b
213402	271	260.8	0.0581969320400129	3.23686451336497	0.721024611728718	0.404260052446203	0.537155248948099	213402	Armc2
213409	53.6	61	-0.180539405987002	1.22133774839029	1.34990180570174	0.256803325612098	0.381260075749337	213409	Lemd1
21341	355.6	303.4	0.227542041722102	3.71418132917597	8.86729505569311	0.00663709463466206	0.0210470745610806	21341	Taf1c
213417	381.8	507.2	-0.41553041152811	4.13914956335653	61.1724117240027	4.94233651109285e-08	1.48014661478167e-06	213417	Klhdc8a
21343	758.8	719.2	0.0784401265077009	5.52968052989619	3.41894688547739	0.0768994400254936	0.149375689575122	21343	Taf6
213435	55	58	-0.068022892695563	2.29455845363898	0.256427068483665	0.618134220324743	0.726855842871285	213435	Mylk3
21345	52.4	58	-0.146990452214129	2.75020914248741	1.71464857082152	0.204362657771224	0.320062613005231	21345	Tagln
213452	3333.8	3145.2	0.0857719854167918	6.23644050887608	4.68654840812568	0.0406428641766974	0.0907649662790742	213452	Dstyk
21346	32.8	29.8	0.155026397443813	2.14037656529954	2.01592646935638	0.168610206734737	0.275689132142974	21346	Tagln2
213464	1567.6	1411.6	0.150994509342711	5.93058100502033	19.1172138402124	0.000207864667716078	0.00126850039294192	213464	Rbbp5
213469	3027	2800.2	0.111404403620086	6.93305301348519	5.36663599288415	0.0311633004208066	0.0733606423912604	213469	Lgi3
213484	1476	1865.6	-0.341813531166077	5.28554771277899	62.8276742778164	3.91475984728134e-08	1.22174747386543e-06	213484	Nudt18
21349	69	89.6	-0.38833719177315	0.957204030898959	7.78028764849432	0.0102197640821391	0.0299810168547268	21349	Tal1
213491	533.8	535.2	-0.00347529391162444	4.66630859554303	0.00630649119769082	0.937367089653797	0.960900986798297	213491	Szrd1
213498	3981.4	3782.2	0.0716194607511836	6.53942198309379	2.25760232147023	0.147770322873305	0.249663617394594	213498	Arhgef11
213499	3174.8	2985.2	0.0905459979920851	5.59685617797587	4.38490749425564	0.0470793477225141	0.101930031752729	213499	Fbxo42
21351	1751.4	1806.6	-0.0445689956551731	5.96773496156621	2.07165702981037	0.163069010380597	0.269239886141197	21351	Taldo1
213527	34.2	65.4	-0.95735099852048	0.842442748466027	29.3486949011921	1.48503355717842e-05	0.000147119088659746	213527	Pth2r
21353	636.6	619.6	0.0412456766302057	5.03136253805203	1.02213689859857	0.322171177021571	0.453291365002412	21353	Tank
213539	113.6	105	0.110514228863663	3.00781848266072	2.3180508908735	0.141044260682791	0.241146645837362	213539	Bag2
21354	176	265.8	-0.583275711941679	1.26253377767951	14.6623255600527	0.000818619529876329	0.00389093281316424	21354	Tap1
213541	1516	1317.6	0.202498397447822	5.10130823643709	23.5167486511841	6.20416223466447e-05	0.000466813955959605	213541	Ythdf2
21355	70.8	100	-0.512818610593317	2.22078193780637	31.0123085831344	1.01793981720206e-05	0.000106772874585186	21355	Tap2
213550	1638.2	1689.6	-0.0450112509419677	5.03398101988891	1.33805137463532	0.258845402799274	0.383453054428688	213550	Dis3l
213556	201.2	205.4	-0.0288233662461636	3.69892666078228	0.219483874127333	0.643691714209815	0.746820849647412	213556	Plekhh2
21356	309.6	358.4	-0.211677714822596	3.85448229553942	15.700723379162	0.000585749497085033	0.00295925313906574	21356	Tapbp
21357	230.8	257.4	-0.169343889949919	3.55504685695259	5.60386872621279	0.0263919837208062	0.0642096840095158	21357	Tarbp2
213573	30.2	27.4	0.129778302543202	1.65095021880349	1.02967775327361	0.320429541600207	0.45136815069578	213573	Cracr2b
213575	696.8	827.4	-0.248300970566848	4.09789623170808	21.8576487435457	9.64451369536911e-05	0.000669380047263504	213575	Dync2li1
213582	4058.2	4184.6	-0.0442941076899891	7.1546998918033	1.87020723057841	0.184215169750815	0.295216780890709	213582	Map9
213649	328.8	318.4	0.0463469497568078	3.71379448983556	0.294347822438169	0.593143441089156	0.705446827738226	213649	Arhgef19
21366	6269.8	7660.6	-0.289720185535107	7.60897752988853	66.5388819374199	2.35900416374821e-08	8.31573173031548e-07	21366	Slc6a6
21367	4077.8	3900	0.0636568131879578	7.33338804713152	1.70868924267809	0.20652546550424	0.322227879792562	21367	Cntn2
213673	2125.8	2070.2	0.0404730260292824	5.88053640810969	1.4214654094991	0.244902985109028	0.36792721616941	213673	9530068E07Rik
21371	1602.6	1672.2	-0.0600885114380175	4.57548561584515	1.25377226115066	0.273995245268948	0.40039705541577	21371	Tbca
21372	1080.6	1096.6	-0.0206734060984531	5.32554322891942	0.230120774138418	0.635808946316432	0.740888625448057	21372	Tbl1x
21374	351.4	344.6	0.0294912143366499	4.1899190625141	0.351225259713452	0.559004203903476	0.676987579658219	21374	Tbp
21375	7049	7275.8	-0.0474653353008415	7.5269272027244	1.34759078018138	0.257648490693615	0.382110741276986	21375	Tbr1
213753	782.8	662.4	0.240560864842761	5.55660847457323	37.0048449093045	2.86559797351733e-06	3.82143001652441e-05	213753	Zfp598
21376	1540.2	1547.2	-0.00630917290366365	5.53705018978764	0.0268934579531443	0.871120583846541	0.916521831337742	21376	Tbrg1
213760	18073.8	18930.8	-0.0684053401851253	8.60282023454226	3.85747473082673	0.0612957804422281	0.125278451712665	213760	Prepl
213773	800.2	847.8	-0.0852344648106997	4.77694466406663	3.5844372035118	0.0705318131829339	0.139748708395631	213773	Tbl3
213781	108.8	105.4	0.015062862007394	0.427605344891627	0.00328634922187339	0.954903047164062	0.971709986180608	NA	NA
213783	693.2	573	0.276867195994407	4.20631186471736	12.6072629733385	0.00197402621444313	0.00789064571448038	213783	Plekhg1
21379	1178	1127.6	0.0614250030088098	5.02706022691464	1.99643313921858	0.170601982344433	0.277971035148961	21379	Tbrg4
21380	33	45.4	-0.525541121166757	0.167854899030124	6.95234509579785	0.0144995741397089	0.0397679022040517	21380	Tbx1
213819	3123.2	3140.4	-0.00778864021694574	6.31794178064119	0.0290658170897677	0.866137846721355	0.913273740626675	213819	Casd1
213827	4511.4	4513.2	-0.00120403311077922	6.8198172490118	0.00146977243563303	0.969737953082665	0.981291113109474	213827	Arcn1
21384	33.4	25	0.413664771170085	0.791315212981566	6.10485598399501	0.021030257459141	0.0534032574340168	21384	Tbx15
21385	15	19.6	-0.322334444765767	1.15442391209724	6.41763494593307	0.0183017889838389	0.0476552077053518	21385	Tbx2
21386	134.6	133.4	0.0314733530340298	1.58582888158221	0.0628975577310337	0.804123833269218	0.869710108206621	21386	Tbx3
21389	2.6	1.6	0.509931189830121	0.0209146473970222	7.3242216115392	0.012372146701461	0.0349544582531112	21389	Tbx6
213895	2079.8	2083.4	-0.00306255905516721	5.82673657758045	0.00670467085855298	0.93542455199643	0.959738820437366	213895	Bms1
21391	109	106.8	0.00275696575684299	1.18111601798534	0.000430350820157036	0.983621921430483	0.990060672169652	21391	Tbxas1
21393	189.2	266.6	-0.474218272108614	2.45516163742273	8.0271654624999	0.0121298668305286	0.0344022277273104	21393	Tcap
213945	18	26	-0.494257999641713	0.799297243580159	10.869230887298	0.00305514876764796	0.0111908566364885	213945	Col28a1
213948	244.2	301.8	-0.301203742076456	2.21954547977016	8.32216177683755	0.00818199797864048	0.0250656727636716	213948	Atg9b
213988	2042	1831	0.159238151142391	6.77176199014751	18.8018135483397	0.000227844813947612	0.00136991220499117	213988	Tnrc6b
21399	786	766.4	0.0338134785219557	4.78904674962114	0.405947053933082	0.530109454500146	0.651991325335697	21399	Tcea1
213990	3951	3769.6	0.0674931178454976	7.93802616778175	4.3718754757088	0.0473822249495441	0.102462998118	213990	Agap3
213993	93.4	93.8	-0.015975676333884	4.37913973631552	0.0637840100953017	0.802778412980615	0.869188800497191	213993	Ccdc186
21400	2494.2	2858.4	-0.199673840611842	5.37541425666394	20.0115694618791	0.000160867216201745	0.00102566155402736	21400	Tcea2
21402	37494.4	37269.2	0.00883670669466569	8.2769057450818	0.103774736888745	0.750155738615505	0.831435552944445	21402	Skp1a
214048	749	923.8	-0.304841759877778	3.90681078647075	19.6791803484223	0.000176826220505179	0.00111075453767138	214048	Larp1b
214058	1334	1348.4	-0.0119048595709233	5.19374209733708	0.0251823667083209	0.875842936552165	0.920014993858363	214058	Megf11
21406	1314.4	1439	-0.128974395179117	5.53630845544745	11.1176347989929	0.00278854482989473	0.0103960863996127	21406	Tcf12
214063	1998.8	1986.2	0.00775517359985551	6.28616266862718	0.0479287116302007	0.828572169858004	0.886678320912644	214063	Dnajc16
21408	348.8	373.8	-0.104329096637139	2.14912449722822	1.29581473520838	0.266297329221386	0.39211603021625	21408	Zfp354a
214084	256.2	208.6	0.292137339596499	2.74870075107867	8.63041795790783	0.00729048697470326	0.022794007945568	214084	Slc18a2
21411	2818.4	2715	0.0525818726367226	6.94832503363246	2.85467290887355	0.104155022464976	0.189795347290565	21411	Tcf20
214112	14.4	19.6	-0.401560972718828	1.38030469348906	7.45888368689944	0.0116887349623678	0.033402328024133	214112	Nipal4
21413	6116	6160.6	-0.0113201465566114	8.03300809736064	0.176427210868907	0.678225829439157	0.775621183536164	21413	Tcf4
214133	676.6	723.4	-0.0979879791777669	5.47165217898522	4.65044241036874	0.0413585857567367	0.0918980781749227	214133	Tet2
214137	555.2	610.2	-0.130137207175915	4.84477840477156	2.84993653534525	0.109157205302726	0.196850685645115	214137	Arhgap29
21414	53.4	65.4	-0.28814786604462	1.95189904357878	6.93401799692564	0.0146143977685424	0.0400030748986804	21414	Tcf7
21415	22.4	29.6	-0.410847303097839	1.62646413601434	11.6224738103311	0.00232173100147175	0.00896322112587413	21415	Tcf7l1
214150	86	60.2	0.509645373942995	2.42985684200185	35.9411548809925	3.5538051199687e-06	4.55782601632898e-05	214150	Ago3
21416	23.2	23.2	-0.0137821569536	1.6484772740615	0.0192144442346763	0.890918495463872	0.930796604956104	21416	Tcf7l2
214162	1899	1949	-0.0374434309579543	7.96591223156048	0.263145507836069	0.616507843994238	0.72593078496604	214162	Kmt2a
21417	811.2	863.6	-0.088473865162119	6.18422298126389	6.57348625013489	0.0170905423176322	0.0452264186486737	21417	Zeb1
21419	27	24.2	0.211675000952267	0.942471980996586	1.85395166901805	0.186063149913206	0.297580484225413	21419	Tfap2b
21422	631	658.4	-0.060891965730624	4.55505346327588	1.51132558417398	0.230940755505045	0.351629377443372	21422	Tfcp2
21423	210.6	218	-0.0546826236975117	4.59090168905669	1.7399209996777	0.199687391229803	0.314375509512642	21423	Tcf3
214230	3828.4	4190.2	-0.130023923806319	6.58703249290043	11.4124319495028	0.00250467426072027	0.00952382363790437	214230	Pak6
214239	162.2	172.6	-0.0984665767340837	3.10316981476217	1.6842935985408	0.206780294656877	0.322486229927762	214239	A430105I19Rik
214240	32317.8	30776	0.0703888453788906	8.73159375119237	5.62757115235408	0.0261065216659656	0.0636866943729734	214240	Disp2
21425	186.2	187.2	0.00678070739930996	2.476906699591	0.00453339133234404	0.946880508396653	0.966199143548551	21425	Tfeb
214253	662.4	698.8	-0.0779640243590941	3.83970625168183	1.40227414450526	0.248023471605881	0.371264629100187	214253	Etnk2
214254	35.6	37.8	-0.0774411452667392	0.745770352751602	0.325271143222276	0.597723982701181	0.709376996958935	214254	Nudt15
21427	692.8	712.2	-0.0439590312129108	4.49756943404289	0.663915051171028	0.423251964687536	0.556153081599422	21427	Vps72
21428	1476	1383.6	0.0904396115663212	4.96447535133215	4.45428713646358	0.0455031455821296	0.0992009753007695	21428	Mlx
21429	4198	4039.4	0.0560088235521599	7.20966828043997	2.31734654760019	0.141101959777124	0.241216762462276	21429	Ubtf
214290	1334.8	1369.4	-0.0356999324219472	5.98404887636689	1.0818042323698	0.308735333412147	0.438657279970428	214290	Zcchc6
214292	123.4	121.4	0.0185771113997871	2.99593250662246	0.0468016337826859	0.830566881378235	0.887879129017159	214292	Syna
214305	85.2	128.4	-0.590335171868509	2.12129396818813	36.5645532596194	3.13113134987776e-06	4.10311627662131e-05	214305	Hhipl1
214321	65.4	50.4	0.439940661910252	0.2513763501514	6.82204286065216	0.01533814770984	0.0415567576557248	214321	Gm4787
214345	56.4	54.4	0.0529433746833937	2.59224576883409	0.433941071020147	0.516378028804719	0.639463989012904	214345	Lrrc1
214359	130.2	162	-0.310060042317368	2.17737403057695	9.54198389244628	0.00504549432755506	0.0169202296812583	214359	Tmem51
214424	105.4	135	-0.3674883267273	1.74269659994287	9.29355322459458	0.00555737600548191	0.0182544479695137	214424	Parp16
214444	18.2	21.8	-0.249605633561296	3.36069381337398	7.7653709933194	0.0105250727320244	0.0307145974699536	214444	Cdk5rap2
214459	7179.6	6383.6	0.170008028413609	7.72424931192907	28.6016870498989	1.76662089734917e-05	0.000168657453436492	214459	Fnbp1l
214469	20105.6	19633.2	0.0347446117181793	8.58238921039003	1.70135445614904	0.20457215003793	0.320182550801109	214469	Fam168b
214489	513.2	481.2	0.0923871532445207	4.63689811558069	4.3199010926047	0.0486121947628882	0.104544065332954	214489	BC003965
214498	351.6	292	0.26834002081127	3.75334002621797	21.8568532248863	9.64659359658142e-05	0.000669380047263504	214498	Cdc73
214505	2274	2170.6	0.066849052616337	6.04270128278744	4.14802191750233	0.0529435996850114	0.112091224527194	214505	Gnptg
21452	417	311.8	0.420277835332357	4.05924670128525	59.4373622795838	6.34190569546477e-08	1.78338336424607e-06	21452	Tcn2
21453	1242.2	1284	-0.0528794596587734	5.02049145431429	0.895285726566311	0.353876435423944	0.487182588591074	21453	Tcof1
21454	7977.2	7622.8	0.0653971761126368	7.20496057563999	4.47494792606219	0.0450453064384108	0.0985596214442613	21454	Tcp1
214547	389.4	368.6	0.0840951843958744	2.15720957081875	0.447904746915175	0.510201190950864	0.634634080378984	214547	She
214552	725	839.8	-0.216235576697434	4.90319625140434	24.9203431380208	4.32623714578673e-05	0.000349048078302471	214552	Cep164
214572	2132.8	2206.4	-0.0480260524980294	5.20274990166127	1.72022114415728	0.202164255240958	0.317376142636342	214572	Prmt7
214575	8.2	11.4	-0.421300047034973	0.642546059645219	7.52246553505924	0.011380609976169	0.0326768646395603	214575	Tdrd5
214579	3702.6	3650.4	0.0217823362706658	5.96651885483887	0.314080616810133	0.58041948052318	0.694742386087482	214579	Aldh5a1
214580	1235.6	1366.4	-0.145796688271405	3.93964404798641	6.15458092575079	0.0205678554822244	0.0524821856114848	214580	Pstk
214585	594.4	663.6	-0.158728370333673	5.1012216805019	10.7519469731493	0.00319061128878186	0.0116030865331541	214585	Spg11
214597	2615.6	2549	0.0366935322452332	6.75128645889287	1.0532800095036	0.315061012678465	0.445324846201304	214597	Sidt2
214601	179.6	139.4	0.359760213754143	1.93380105020386	12.0121540452181	0.00201979504946713	0.00803802798595756	214601	Slc10a3
214604	9.8	13	-0.36504270201994	0.643218311206897	3.89270009569779	0.0602075966058274	0.123473411086922	NA	NA
214616	112	101.2	0.150071167109142	1.04956445359863	0.820384761117951	0.374263134191965	0.507657595871872	NA	NA
214627	1654	1608.4	0.0408275966744339	5.84461860254016	1.26671441048495	0.271594878153719	0.397975706491673	214627	Papd5
214642	121	116	0.0386467829325029	2.19635120073188	0.156281446880639	0.696121016507969	0.79041124167642	214642	Cped1
214663	742.4	581.8	0.354589592353112	3.26649019871967	29.3760959222738	1.4756775124836e-05	0.000146476903167018	214663	Slc25a29
214669	1732.4	1857	-0.0989812371939073	5.38042623436097	6.4427562852297	0.01810028540917	0.0472787375387097	214669	L3mbtl2
214685	307.8	361.8	-0.227455891274175	3.10581948560177	8.82185513483698	0.0066934385221433	0.0211932005255333	214685	Chadl
214704	74	59.6	0.338191919947373	0.961496386574688	5.64927902700865	0.0258480931292334	0.0631842276492372	214704	Iqub
214742	84.6	96.6	-0.18684231105194	3.37066682496263	6.43310099021949	0.0181774404531072	0.0473997337739873	214742	Rcor3
214764	1223.2	1031.6	0.246026636912088	4.90748029619853	22.2942433071473	8.57328050867034e-05	0.000608635542594897	214764	Edrf1
214779	16.2	12.6	0.299519281046096	0.221118386385477	3.57057008282561	0.0710416158752486	0.140508417605479	214779	Zfp879
214791	491.6	451.4	0.123958638738271	4.04738001598836	6.72981002236387	0.015964096716652	0.042905365180827	214791	Sertad4
214804	75.2	66.6	0.165124800346985	1.61706453267945	1.90165917627246	0.180702926643952	0.290693389172141	214804	Syde2
214812	2378.2	2182.2	0.124271042847945	6.27627057178568	10.9995706411353	0.00291194342577202	0.0107755325847693	214812	Zfp609
214855	94	74.2	0.339158581268458	3.05242928347678	16.5116889756214	0.000454070674120628	0.00242182196447954	214855	Arid5a
214895	2216	1651	0.426715187699671	5.31313162176062	133.370063353906	3.02442712268738e-11	5.14294936839098e-09	214895	Lman2l
214897	2083.8	2109	-0.0158164671097154	5.65987792699989	0.211208568312862	0.649988039363714	0.752110778651747	214897	Csnk1g1
214899	501.8	469.2	0.097857871095521	5.07033039765952	5.5103474817041	0.0275527110992929	0.066418760211671	214899	Kdm5a
214901	52.8	66.4	-0.332442899424161	0.91763878556332	6.68640336489044	0.0162684122071378	0.0435531820785276	214901	Chtf18
214917	1489.6	1641.4	-0.139202711282387	5.14436603773541	8.16131529922975	0.00873583374537708	0.0264767752056365	214917	Fam173a
214922	449.2	292.8	0.625808799523384	3.73153566094659	95.2310825070578	8.50982058399726e-10	6.34025498562353e-08	214922	Slc39a2
214931	17391.6	18456	-0.0857460089180417	9.95551407140433	9.24611402674705	0.00566145631321806	0.01851792024242	214931	Fbxl16
214932	1517.8	1381.6	0.142120264004227	4.87265167604229	7.41324869262609	0.0119155546326455	0.0339364387507896	214932	Hdhd5
214944	307.4	586.4	-0.921143423983987	1.78282690302854	41.3350480266466	1.42072723104263e-06	2.15367030869773e-05	214944	Mob3b
214951	743.8	804	-0.11615055042372	5.7523448229794	7.88327934036656	0.00979303509834911	0.0290494667996924	214951	Rhbdl1
214952	1980.8	1623.8	0.285778392549728	6.55027814849313	72.7882015692538	1.05268152551101e-08	4.41027790427134e-07	214952	Rhot2
214968	1210.4	1561.4	-0.367731322711568	5.91259196202989	109.549026842506	2.17366120270106e-10	2.31015433998831e-08	214968	Sema6d
214987	3631	3204.8	0.18029355672312	6.23792221937743	27.9682689866878	2.05104338096492e-05	0.000190158954640583	214987	Chtf8
215008	1584	1703.8	-0.105443318779366	5.66118152807905	7.83337861517909	0.00999728887359196	0.0294972302066464	215008	Vezt
215015	3761.4	3827.8	-0.0250885493405722	6.54635515904709	0.699508739603307	0.411259532885966	0.543955461963191	215015	Fam20b
215051	831.2	822.2	0.0139247428199432	3.49478391981057	0.060241381899784	0.843716365257689	0.897553173327947	215051	Bud13
215085	3298.2	3478.8	-0.0781087577125543	6.01910833390722	3.14486684150487	0.0889519446270744	0.167650463898779	215085	Slc35f1
215090	3114.4	3376.8	-0.119149684441448	5.98261932298404	10.2567201783894	0.00383964556236262	0.0135958444288068	215090	Maneal
215113	3166.6	2810.8	0.171637285254908	6.19101543121809	32.7130450298022	7.00399044520545e-06	7.95252772152392e-05	215113	Slc43a2
215114	2834.6	2117.6	0.423614134298274	6.36020557810303	108.454133952825	2.39989344568382e-10	2.46014608963929e-08	215114	Hip1
215160	1555.6	1612.4	-0.0537362621256699	5.95988356224399	2.17703496427268	0.153179009179086	0.257029093051815	215160	Rhbdd2
215193	725.8	618.6	0.236569700447806	4.44083164632856	15.204011654022	0.000686603934948827	0.00338016800945175	215193	Diexf
215194	521.8	499	0.0642250363108247	5.0467393208136	2.0173792534539	0.168462895788226	0.275510601462211	215194	Kri1
215201	892.2	912.8	-0.0248486613891646	3.09995596851956	0.13655136989479	0.714998094783234	0.805124841227552	215201	Trmt2b
215210	303	291	0.0480961475406423	3.64367094958456	0.492768611914442	0.489496696109791	0.61585904807108	215210	Tmem120a
215280	223	243	-0.129544431788964	3.40463337861396	3.05405103493011	0.093415313031558	0.173975639035967	215280	Wipf1
215303	1178.8	750	0.649323833087633	5.75009320895919	37.7353230711828	4.98730475847324e-05	0.000389235977208273	215303	Camk1g
215335	8901	6295.8	0.499613789015287	6.89269660077926	160.221670548414	4.56769703046353e-12	1.22262023848741e-09	215335	Slc36a1
215351	3925.8	3728	0.0744438043433651	6.39212452738782	4.96361428609693	0.0355906226497707	0.0816680202857257	215351	Senp6
215378	609.2	878.8	-0.519887549082067	4.39497554841251	57.4518832718719	1.1659957652714e-07	2.91579633066312e-06	215378	Brinp3
215387	1.2	2	-0.444972734750633	0.342794673796874	5.04020833180492	0.0343209446407075	0.0794737157700715	215387	Ncaph
215418	765.2	425.8	0.811691941828458	3.37935762967452	28.3277530846011	0.000124861203543445	0.000830148958609455	215418	Csrnp1
215436	1025.2	963.2	0.0893946195817269	4.54737412064136	3.53985572995745	0.0721858288033123	0.142194926217732	215436	Slc35e3
215445	5218.6	4836.4	0.110018476839609	7.43601649598877	15.7056020577515	0.000584842723383439	0.00295673897299204	215445	Rab11fip3
215446	289.6	264.4	0.132912082014834	3.09424204417499	2.75048546181142	0.110334899849364	0.198429842282283	215446	Entpd3
215449	842.4	729.4	0.209325405877866	4.139337272049	16.5876688430739	0.000443495609379653	0.00237682074081331	215449	Rap1b
215474	3549.4	3201.8	0.148858988958044	5.67248353506349	19.6901756131018	0.000176271599658952	0.00110823388493714	215474	Sec22c
215476	1973.8	1571.2	0.330707469245383	6.28225489851758	72.6960861855001	1.06486150939356e-08	4.43377751667188e-07	215476	Prr14l
215494	634.8	608.6	0.0615445856550821	4.93285503412665	1.40247927113404	0.247989849316261	0.371252748008	215494	Pomgnt2
215512	248.4	258	-0.0658789153585784	1.87259469425201	0.465540929574359	0.501626398835855	0.626502027890215	215512	Fam117a
215615	2663.8	2239.6	0.250425227913286	5.36182171720036	40.3717246012202	1.48635014342736e-06	2.23323336518702e-05	215615	Rnpep
215627	297.2	315.4	-0.075504469721167	2.72220482077124	0.709573554162277	0.407962584621791	0.541030479688354	215627	Zbtb8b
215632	16.2	15.8	0.0300250579997941	0.364288112979638	0.0304948119827499	0.862847769248574	0.9110890787859	215632	Psd4
215653	1511.4	1466.4	0.0440902539378878	5.68815268667533	0.970530413250019	0.334447935587325	0.465997447182866	215653	Rassf2
215654	252.8	242.2	0.0580107702619717	3.53378708554933	0.834967032818091	0.36999573174515	0.50380694067012	215654	Cdh12
215690	3051.2	3383.2	-0.150504033681517	7.60950584237812	14.9733061851893	0.000745635767125645	0.00360690072892706	215690	Nav1
215693	747.6	948.2	-0.349836894942591	4.37665576265954	45.8696014116084	5.47299565785636e-07	9.93802502998188e-06	215693	Zmat1
215705	198.4	269.4	-0.459315195295982	3.19259833219809	34.4656067265115	4.82245420726193e-06	5.84272867659379e-05	215705	Arrdc1
215707	1770.4	1608.6	0.138133813942125	6.32822596808784	19.3226575226825	0.000195879573533141	0.00120632439533362	215707	Ccdc92
215708	6374.2	6469.6	-0.0217823123844571	6.93135795200043	0.414216538952708	0.525984602507455	0.648518420595646	215708	Miga1
215748	53.4	42	0.315134033500994	2.24784825991443	10.9744807682297	0.0029389289449737	0.0108559363584589	215748	Cnksr3
215751	558.6	639.6	-0.190006225379948	3.49028120714379	7.83063564037841	0.0100086516294018	0.0295114342414064	215751	Ginm1
215789	841.2	782.6	0.10252917044462	5.11615347723409	3.98364488015812	0.0574980101257247	0.119263558611935	215789	Phactr2
215798	286	395.6	-0.490568299440244	2.94676188543557	27.4654590242912	2.31225531404035e-05	0.000210043278870554	215798	Adgrg6
215814	379.4	388.2	-0.0341138202571956	4.42034254964814	0.369115600383494	0.549234551673706	0.668404160132335	215814	Ccdc28a
215819	947.4	877.4	0.115747057319451	4.90840933121477	6.64089237398309	0.0165943868656469	0.044196658882635	215819	Nhsl1
215821	48.6	57	-0.237793031392717	4.41553883886869	3.66968512715189	0.0776578705898231	0.150505076629834	215821	Arfgef3
215890	1174.6	982.6	0.258294277803098	4.80826435754225	21.049252296876	0.000120326401263428	0.000804811570505132	215890	Clvs2
215951	1595.8	1397.4	0.197789512083946	4.30466960454866	11.67163012601	0.00228105847151842	0.00883925446309041	215951	Afg1l
215999	1457.4	1485.8	-0.0274056789339128	4.97872234987531	0.403050559660181	0.531568318150033	0.653451987628897	215999	Mcu
216001	1613.8	1681.6	-0.0611176008453729	6.46355470959154	3.4050815426787	0.0774621506981327	0.150186173868653	216001	Micu1
216011	574.4	589.4	-0.0364634386204047	4.45090385132037	0.446421190713604	0.510461256960013	0.634739075025811	216011	Lrrc20
216019	747.8	944.4	-0.340390132665204	5.12561655209876	51.3125916288444	2.19800908263365e-07	4.83561998179402e-06	216019	Hkdc1
216021	314.4	323	-0.0338600983232491	2.43660317634673	0.148337726350525	0.703546135382854	0.796572764040429	216021	Stox1
216028	3943.2	3459	0.189748515795352	5.86641340840731	28.8185148715281	1.67934461177173e-05	0.000162499625249996	216028	Lrrtm3
216049	28803.4	27158	0.0862536699283001	9.49930115258215	9.40544199423055	0.0053201096142694	0.0176166928670446	216049	Zfp365
216080	1475.8	1621.2	-0.134569390124884	5.46427405209821	12.0343734494469	0.0020039214984144	0.00798585093412785	216080	Ube2d1
216119	216.2	169.8	0.340042190294466	1.90148563157509	12.2201576652972	0.00187640577302474	0.00756740207681349	216119	Ybey
216131	5937.8	5400.2	0.136846970120472	7.0559860705079	20.6490450136471	0.000134468257442689	0.000882654038636071	216131	Trappc10
216134	10544.4	8970.6	0.232974553935581	7.3549002510259	46.4378161674493	4.95913337197733e-07	9.26472421728574e-06	216134	Pdxk
216136	674.4	945.2	-0.500623139797312	4.00097178113734	47.6107502566113	4.37703714605863e-07	8.34760417138136e-06	216136	Ilvbl
216148	1006	1094.2	-0.120708965956642	5.60500557061694	8.03510968974325	0.00919928712723783	0.0275692507022798	216148	Shc2
216150	645.6	647.8	-0.00472502812934494	5.09902210201088	0.0138612584064221	0.907265532564173	0.941326251359024	216150	Cdc34
216151	716.2	697.2	0.0339695847445222	5.07262030345664	0.589454778786496	0.450173088877735	0.580912581612247	216151	Polrmt
216152	960.4	994.8	-0.0499346381054915	5.98489603447307	1.89258748372928	0.181707503759446	0.291952007485441	216152	Plppr3
216154	1182.4	1171.4	0.0117849608832004	5.711988045096	0.121685562242097	0.730277627373739	0.816920735706217	216154	Med16
216156	1283	1229.4	0.05996572377749	5.76011090312831	2.04947922534149	0.165247358481928	0.272023705947094	216156	Wdr18
216157	1455.8	1456.4	-0.00228799432540507	6.73186620154914	0.00544029879396657	0.94181844320646	0.963687086089918	216157	Tmem259
216161	554.4	551.6	0.00859935158762734	4.60841272446386	0.0303509705320286	0.863168218356228	0.91113951859497	216161	Sbno2
216166	374.8	511.6	-0.452815510345888	4.29179093426252	19.1051162114291	0.000544519066826396	0.00278699666852292	216166	Plk5
216169	3711	3605.2	0.0412223828587	6.48038528837623	0.810313408893208	0.377678250919136	0.5112823301288	216169	Abhd17a
216177	146	170	-0.217861715590706	0.685361725681091	2.25071139631574	0.146690016808208	0.248360958527099	216177	AU041133
216188	387.6	327.8	0.242404088781391	2.92546459692387	9.04656918776392	0.00612327849847327	0.0197527423306731	216188	Aldh1l2
216190	2064.6	2326.2	-0.171155642038787	6.38428871105165	23.1649706573156	6.80300187271451e-05	0.000501175275577042	216190	Appl2
216197	1381.4	1472.4	-0.0905954885872529	4.36288299981899	3.3007750507767	0.08184997085567	0.157133680269339	216197	Ckap4
216198	2786.8	2512.8	0.147359830649597	4.44625861580599	9.61715159628137	0.00490097657979081	0.0165685830040753	216198	Tcp11l2
216227	133.6	150.4	-0.155160445631576	2.24047191100855	1.74359305687113	0.199464819093745	0.314093528181826	216227	Slc17a8
216233	632.6	738.2	-0.220021732201702	3.60374458165051	14.3951955011047	0.00089370627655414	0.00417775890081292	216233	Socs2
216238	770.6	758.4	0.0210229632670046	5.72204315150674	0.29836172775583	0.589990500584822	0.702853597251546	216238	Eea1
216274	736	745	-0.0191523661055048	3.59133467326135	0.0855977276929025	0.772383112577954	0.847879206288581	216274	Cep290
216292	129.2	149.6	-0.222110582998702	2.44143475311808	5.060153482705	0.0339986892333518	0.0789144524778287	216292	Mettl25
216344	2878.4	2507	0.201169459741346	5.51212882609424	25.5172080914441	3.7237155798988e-05	0.000308615739632209	216344	Rab21
216345	3355	3425	-0.0299837358790253	6.13729894214275	0.773457972245523	0.38793439542529	0.521357856948131	216345	Zfc3h1
216363	1460.2	1393.4	0.0661187601015004	5.30008135387079	3.52240967729049	0.0728451192263361	0.143135311758763	216363	Rab3ip
216395	1427.2	1513.6	-0.0878104317818383	4.41060180987454	2.74713318259536	0.110540730654405	0.198651712157002	216395	Tmem5
216438	985.6	1192.6	-0.286579948407307	3.73335072547592	20.5144570549803	0.000139622209397607	0.000909463458599825	216438	March9
216439	30255	29820.8	0.0207153446270935	10.0872754741818	0.752904712592189	0.394214505061134	0.527248677352978	216439	Agap2
216440	2682.2	2806	-0.0671538054989752	7.41720435614401	3.56518248155611	0.0712408159352028	0.140812959477808	216440	Os9
216441	17.4	21.6	-0.340173321721739	2.39021936205864	5.96583660183312	0.0245698398652954	0.0606752888113752	216441	Slc26a10
216443	3489.4	3576.8	-0.0371005309717886	5.83969545805338	1.07812655288947	0.309541166208765	0.43954930680707	216443	Mars
21645	130.2	130.2	-0.012364550816879	1.45737559413868	0.0135057003178187	0.912208829772964	0.944646067633129	21645	Tcte1
216456	1072.2	1072	0.00299652797425646	4.95930367254948	0.0035156575919925	0.953213312583381	0.970720101079361	216456	Gls2
216459	538.6	553.6	-0.0457024603722179	3.90658130158362	0.525588176098379	0.475528524663134	0.603714474789718	216459	Myl6b
21646	1369	1241.6	0.130208248850875	0.97607209770524	0.873746078357796	0.359298776516707	0.492723388593215	21646	Tcte2
21648	3	2.4	0.249286681785918	0.72195768173524	2.28436716657798	0.143835317063134	0.244616504627666	21648	Dynlt1b
216505	1274.4	1128.4	0.174960539062765	4.95523396063776	12.294085984826	0.00182815190512334	0.0074120919036894	216505	Pik3ip1
216516	961	1088.2	-0.181205624295956	5.08969077036792	16.2185854704027	0.00049751338835788	0.00259792576420694	216516	Ccdc157
21652	754.2	879.4	-0.221831405397907	5.35314123001873	35.017161905604	4.29841281178228e-06	5.31928585458057e-05	21652	Phf1
216527	854.8	775	0.137626566630303	5.26330961526826	9.57497231729836	0.00498150342003033	0.0167603934900182	216527	Ccm2
216543	1126	1153.6	-0.0360651021289024	5.11069890016123	0.718081660793051	0.405206744736128	0.538215244294799	216543	Cep68
216549	4281.6	4132.6	0.0504814123442453	6.58301856208423	2.47280275784612	0.129018822161849	0.224652217266277	216549	Aftph
216551	5087.8	4411.8	0.207880668592306	6.40289879639244	42.2567115689275	1.04515737801123e-06	1.67852274908604e-05	216551	Lgalsl
216558	4906	5447.6	-0.151252270207593	6.22033511370448	16.7471663991455	0.000422157999217427	0.00228448959965881	216558	Ugp2
216560	904	951.4	-0.0757438170281026	3.41282178101807	1.3243618487126	0.261230665531594	0.386273968244876	216560	Wdpcp
216565	2452.8	2527.6	-0.0440496305897118	6.25726824958032	1.72048235041963	0.202131165668971	0.317358664846764	216565	Ehbp1
216578	392.2	380.4	0.0399546824906678	4.4455340906082	0.606773377404723	0.443674294582122	0.574732770558344	216578	Papolg
216613	3331.6	2961	0.170154722146001	6.38656161950563	20.7307892510586	0.000131439127283552	0.000866311511972849	216613	Ccdc85a
216616	107	124.2	-0.20973877071968	3.89006696072436	9.32069733318771	0.00549876776549488	0.0181049537032508	216616	Efemp1
216618	3692.2	3841	-0.0582148618414668	6.48816048698397	2.58358375382986	0.121150839568401	0.213446396284943	216618	Cfap36
21664	1168.2	1013.2	0.21337515638857	3.86655225713004	11.1608128411437	0.00274485349480134	0.010251708634072	21664	Phlda1
21665	37.6	37.2	-0.0385382543786342	3.78962948474609	0.0124575344753854	0.91310514719432	0.945202912303634	21665	Tdg
216705	2085	1892.6	0.138471975603149	5.93748538146015	18.0545660340102	0.000284035770315125	0.00164283834499192	216705	Clint1
21672	9452	9493	-0.00498314187033281	7.24964890852165	0.0236318129371392	0.879120199592907	0.922520935452002	21672	Prdx2
216724	1586	1592.8	-0.00827942863804411	5.17308452790111	0.036820248863727	0.849457607407279	0.901105588153552	216724	Rufy1
216725	65.8	37	0.811739445741608	2.74831258955863	53.1974998796728	3.39468226513864e-07	6.78654736657177e-06	216725	Adamts2
216739	3473.8	3520.8	-0.0185544095150763	7.10261466881122	0.331867794834587	0.569964016528093	0.685950032880687	216739	Acsl6
216742	1844.2	1679.2	0.136446394500485	5.85034380693847	10.7740333199705	0.00316460770110132	0.0115275301692839	216742	Fnip1
21676	203.4	190.4	0.0912611316548192	4.17619619069302	1.40198879777579	0.249762541475102	0.373365164389402	21676	Tead1
216760	659.6	493.4	0.420589325626378	4.75005250938835	76.5675524423136	6.62794590569156e-09	2.98443396015158e-07	216760	Mfap3
216766	1649.4	1582.8	0.0580633205123728	4.97761335091842	2.21337466560826	0.14993643777477	0.252664667103626	216766	Gemin5
216767	165.8	159.4	0.0533786527364589	3.25098154837893	0.547797877414324	0.466450685561539	0.595537338495405	216767	Mrpl22
21677	61.2	62.2	-0.00636291768583721	1.42987059602827	0.00193817465294146	0.965251633888258	0.97865790658115	21677	Tead2
21678	100	110.2	-0.15772674752551	1.2352525462049	1.46120171103108	0.23859991313901	0.360594222554501	21678	Tead3
216792	410.2	352.6	0.217107741153867	2.88233490756588	7.20231948862861	0.013028949366371	0.0364750017705842	216792	Iba57
216795	1390.2	2163.6	-0.640613951229882	4.88792914558669	124.012187875153	7.00066097473285e-11	1.03252605845703e-08	216795	Wnt9a
216805	2413.6	2106.4	0.196320989503117	5.55461390855393	15.8795397714147	0.000568666471227921	0.00288504920151926	216805	Flcn
21681	170.2	164.6	0.0537427819853265	3.66806814139515	0.806402794955174	0.378171998618326	0.511759017697714	21681	Alyref
216810	19453.6	19304.2	0.0120437880534683	8.60877023072316	0.173291496331727	0.680929361997851	0.777974310198161	216810	Tom1l2
21682	117.6	166.2	-0.501750265269159	1.31233265965374	13.3420146245922	0.00127193914297109	0.0055475583501823	21682	Tec
216820	1284	1323	-0.0521508857345224	3.78000635591194	0.703790775025002	0.409851926261083	0.542705755341491	216820	Dhrs7b
216821	369.4	361.2	0.0312561097387796	4.41031815379296	0.310857374659571	0.582355925570218	0.696341210141622	216821	Tmem11
216825	20638.8	23507.8	-0.187481900606453	8.06763622971322	40.8084192135259	1.36861382674854e-06	2.09111461435766e-05	216825	Usp22
216829	235.6	293	-0.312567085450327	2.82015877610573	17.7299560475997	0.000313000941692866	0.00178044691508409	216829	Mmgt2
216831	10665.4	9930.4	0.102755400507033	7.43554761925909	13.7093325966336	0.00112318832155243	0.00501292180979481	216831	Arhgap44
216835	216.6	386.8	-0.854441326823852	2.93031735245709	17.3038581525417	0.00120284052821633	0.00530056615696304	216835	Usp43
216846	730.6	701.2	0.0552797316224827	4.67290248980446	1.42033926737349	0.245084700422671	0.36808543847769	216846	Cntrob
216848	21279.2	21255.4	0.00254189359597762	9.37146914465108	0.00768387140016507	0.930881393197051	0.957103404273024	216848	Chd3
21685	20386.8	19530.4	0.0628944318555889	8.54059242121605	2.32223837683861	0.142301763523285	0.242808368547463	21685	Tef
216850	433.2	287	0.588520461591855	4.92934236501782	91.2822352522121	3.52990131120734e-09	1.81570083815626e-07	216850	Kdm6b
216853	279.8	243	0.196483371084458	3.41899982157246	7.7950629863046	0.0101573062373637	0.0298582361240434	216853	Wrap53
216856	11351.4	11719.2	-0.0463511145744442	8.23851013817686	3.20006624053389	0.086359322430583	0.163810714752185	216856	Nlgn2
216858	24.6	26.2	-0.0963440576870771	0.71036377612812	0.399210760207616	0.533513751720966	0.655119171470125	216858	Kctd11
216860	4312.6	4179.4	0.0449828836446251	7.2841001228242	2.12112750577031	0.1583333603119	0.2633541716396	216860	Neurl4
216867	254.6	350.6	-0.464695505808007	4.0507608046409	59.028719636809	6.73067773587008e-08	1.87568844949024e-06	216867	Slc16a11
216869	905.4	781.8	0.212319571665887	5.67981370653194	40.1891630240659	1.5387885631525e-06	2.29531990627515e-05	216869	Arrb2
21687	341.8	440.8	-0.365063633230015	4.13059661190229	35.039065690177	4.27891972847323e-06	5.30879877728344e-05	21687	Tek
216873	719.8	843	-0.232180288608776	5.16265612392915	25.677986521652	3.57745489591273e-05	0.00030010756277146	216873	Spag7
216874	14186.4	13506.8	0.0712236242541879	8.52454601408118	5.29286381263839	0.0304783764157759	0.0721832627746396	216874	Camta2
216877	3066.2	2593.6	0.244450229741652	5.73543142696805	43.2746792606033	8.67858342714091e-07	1.45217341492089e-05	216877	Dhx33
216881	539.6	596.4	-0.145821107532731	5.74939627301562	13.0738221452412	0.0013940958620251	0.00594694355488053	216881	Wscd1
21689	288.2	253.4	0.248435502357381	0.266110531644552	2.24144267162562	0.147488030779376	0.249244942930563	21689	Tekt1
216892	3943.4	2424.6	0.702840940521527	6.27410877248217	253.910800893288	4.73001892415056e-14	3.6487448861946e-11	216892	Spns2
216961	963.4	1203	-0.322714960278684	5.78878551371363	31.3329881253251	2.0428595931387e-05	0.000189643497490217	216961	Coro6
216963	9767.8	8952.2	0.126800562144511	8.7049095120727	16.4645879417994	0.000460763951151075	0.00245118960247981	216963	Git1
216964	124.6	145.2	-0.200763893000922	1.65645989817964	3.21896439755528	0.0854917839583021	0.16259187438596	216964	Trp53i13
216965	3154.8	3180.4	-0.0103202192769566	6.31112709649868	0.0584387084568438	0.811049533142623	0.87504153218714	216965	Taok1
216971	1551.4	1469.6	0.0783745692493818	5.40038502247506	3.08955902648306	0.0916400797154829	0.171598097189738	216971	Fam222b
216974	94.4	112.8	-0.254214384073585	1.32592360072961	3.97041556967759	0.0578834311598315	0.119846725462743	216974	Proca1
216976	56.6	68.6	-0.285995501320613	4.08064981032039	8.59694368959379	0.00937385023449902	0.0280284715120912	NA	NA
216987	1354.8	1250.6	0.115992940986132	5.10006608761201	6.07783145198789	0.0212863925231496	0.0539239500084584	216987	Utp6
216991	191.8	156	0.300946562459214	2.34777286341838	8.67429455594432	0.00709943228567732	0.0222351450178071	216991	Adap2
217011	265.8	261.6	0.0350848060886246	3.37894414365701	0.222810528734054	0.64120160548866	0.745010289849927	217011	Nle1
217012	13.2	10.6	0.29115520519082	0.607862956111473	3.33889931687542	0.0802139559175416	0.154670826951994	217012	Unc45b
217026	911	938	-0.038918874741874	4.57231328645225	0.640153449873918	0.431561479931351	0.563802601964712	217026	Heatr6
217030	1959.6	1963.6	-0.00266540273468641	6.19013778324729	0.00691893308398992	0.934403280620535	0.959291499260545	217030	Synrg
217031	1395.8	1547	-0.148513464448607	5.21031813252914	14.6868055133891	0.000812090467916826	0.00386498374161008	217031	Tada2a
217038	1166.8	1184	-0.0243422077832163	3.69263238002721	0.200998534338173	0.657966963104214	0.759362383001303	217038	Mrm1
217039	6372.2	6460.8	-0.0206827888764752	6.73884248608608	0.546207107355147	0.467091305830038	0.596197256664373	217039	Ggnbp2
217057	1685	1771	-0.072697217529883	4.28283518190193	1.74395018879501	0.199185435697609	0.313802533685224	217057	Ptrh2
217069	94.6	110.4	-0.19734736294664	2.79482634684261	3.73741155612259	0.06552797207802	0.131858737075832	217069	Trim25
217082	9167.2	7877.4	0.219726133023006	7.81723063920619	48.1896337609822	3.67788318299194e-07	7.23266986761436e-06	217082	Hlf
217109	998.6	944.8	0.0790055742594908	4.26000836047706	2.27930287105441	0.144260612322936	0.245282071581663	217109	Utp18
217119	482.4	505.4	-0.0676446319103721	4.89564525557479	2.1487048631544	0.155765292141962	0.260281102036985	217119	Xylt2
217124	17234.8	16162.4	0.0928269887910239	9.88960078088833	10.602521754527	0.00337280081589673	0.0122059246351956	217124	Ppp1r9b
217125	925	773.6	0.258077158309539	4.9901151772228	23.1088264272498	6.90556012232152e-05	0.000506922122945837	217125	Samd14
217127	5346.2	4965.6	0.105796380649834	6.58291690980368	9.48831002577326	0.00515154516209124	0.0171692088456406	217127	Kat7
217140	21.6	23.2	-0.0729839128864238	1.17267698629627	0.205870465750287	0.654193985969721	0.755852907530484	217140	Scrn2
217143	64.6	25	1.22577580191613	-0.159873990119597	21.3936246484207	0.00011936759111795	0.000799508416134777	217143	Gpr179
217149	399.4	390	0.0329640783177948	4.07310062949408	0.333821375225236	0.56883869553867	0.685109116349966	217149	Cisd3
217151	34.8	36.8	-0.101457026913848	0.809429659152023	0.488029036931142	0.49157155516234	0.617572816889741	217151	Arl5c
217154	4832.2	4587.6	0.0734362459540846	7.06974836401656	4.19237293865948	0.0517856488156549	0.110091155755475	217154	Stac2
217166	3813.6	4116.8	-0.110706690381032	7.4533894107953	7.85744064488894	0.00997600484630323	0.0294753013181658	217166	Nr1d1
217194	54	65	-0.274583349191154	3.14266723080405	10.309426004724	0.00376413620156855	0.0133743423445113	217194	Klhl11
217198	386	419.6	-0.122856465476124	3.25566960014792	2.90723492479554	0.10119066507757	0.18537997689386	217198	Plekhh3
217201	296.4	247.4	0.260612843282337	4.67243915606903	23.7575556377511	5.82736376190799e-05	0.000444478711422787	217201	Rundc1
217207	2236.2	1911	0.227287319261899	5.47687550459247	27.1471983771308	2.49613118246183e-05	0.000223737511868987	217207	Dhx8
217216	144.4	136	0.0643698532759385	0.221775659796418	0.122656891573532	0.729248035725852	0.815895278921083	217216	BC030867
217218	20819.4	20223.8	0.0426115197047585	8.24417252666201	1.83565418562138	0.188170509440989	0.300167370429319	217218	Atxn7l3
217219	3494	3241.8	0.10772489584481	6.26024231645318	6.38322970786623	0.0185818033010296	0.0482365993019185	217219	Fam171a2
217232	3145.4	3236	-0.0425023128016197	6.27868105772731	1.84799071220777	0.18674649368814	0.298455751854089	217232	Cdc27
217258	417.4	498	-0.239449709111642	2.04713500321661	4.5528442983227	0.0433651396121896	0.0954479356646298	217258	Abca8a
217262	192.2	135	0.514929959561046	3.42152251226453	49.3641220555162	3.02253997958388e-07	6.23508533016785e-06	217262	Abca9
217265	1319.6	1264.6	0.0606949891104224	5.61579065679372	2.15732126561898	0.154973187632533	0.25937731056515	217265	Abca5
217294	99	199.2	-1.05816587322275	1.00281777935719	53.0610181160316	1.66334932834175e-07	3.88401473212465e-06	NA	NA
217303	95.6	99.6	-0.071223326546165	0.23015902935676	0.136113223676592	0.715434525254723	0.80541244152737	217303	Cd300a
217310	5340.6	5374	-0.0103983891153419	7.12079476075177	0.131789419673695	0.719785023028635	0.808562425029602	217310	Hid1
217316	49.4	49	-0.0321457727977691	1.27181328149658	0.0567913249089835	0.813679027132027	0.87693371419683	217316	Slc16a5
217325	3.6	3.4	0.0501107634011077	0.903722156866071	0.130171025567694	0.721434260269248	0.809768042474679	217325	Llgl2
217328	173	165.8	0.0753913962270725	0.348286045441944	0.187123526261712	0.669212161571026	0.768230687264523	NA	NA
217331	790.4	833.8	-0.0760715515248276	4.82540687332479	2.81014476662459	0.106745528344093	0.193515598480562	217331	Unk
217333	58.8	61.8	-0.0866504354026072	1.51008887630374	0.50378687098882	0.484730604485995	0.612010495915494	217333	Trim47
217335	2105.6	1871.4	0.170866796664909	6.73495565745532	25.7884091526922	3.48062240060458e-05	0.000293169806171735	217335	Fbf1
217337	2678.2	2434.2	0.138084022528143	6.19442338136454	16.2516746215018	0.00049238963886072	0.00257582332250918	217337	Srp68
217340	15941.2	14848.6	0.102547773503627	8.69804487698071	15.3883985038559	0.000647113129496997	0.00321119776979136	217340	Rnf157
217342	9501.8	9855.4	-0.0523239271330649	7.71948162826247	3.79986691929632	0.0631238810762283	0.128109039185033	217342	Ube2o
217344	69	53	0.38768097558238	0.717500823564929	7.29207369546194	0.0125417375863935	0.0353506776664843	217344	Rhbdf2
217351	1703	1782.6	-0.066369930801016	7.06058934504387	3.54505755406033	0.071990571647676	0.141938578992704	217351	Tnrc6c
217353	45.8	55.6	-0.283218687897039	1.59312186168583	6.24291446807957	0.0197739712751176	0.0508111965885422	217353	Tmc6
217364	674.2	692	-0.0293594087586944	3.50477215724204	0.135703258891879	0.715850776091945	0.80577113290499	217364	Engase
217365	4476.8	4039	0.148614527027957	6.4015060998407	17.8498785585816	0.000301942017859297	0.00172637259736483	217365	Nploc4
217366	1702.4	1748.8	-0.0384986463659373	6.43515373072727	0.847575321443001	0.366468094747025	0.499939376263898	217366	Lrrc45
217370	810	759.2	0.0980347510751162	4.3199356702907	4.84917064866096	0.0375868559759097	0.0852739626865169	217370	BC017643
217371	1383.8	1650.4	-0.257416072106564	4.77265405948534	15.1544349016614	0.000842331812851358	0.00398529100587677	217371	Rab40b
217378	7506.6	7887.2	-0.07061638535428	7.23949433715027	5.56732133038918	0.0268389789331466	0.06506719246892	217378	Dnajc27
217379	1454.2	1425.2	0.026558509303991	4.97082878042189	0.391999777478303	0.537203087418613	0.658307200131296	217379	Ubxn2a
217410	5046.2	3490	0.538244375011808	5.69425707603198	37.218105481208	3.43882959367154e-05	0.000290671596180868	217410	Trib2
217430	48.2	45.4	0.0661137814101529	1.31394459859555	0.238983875905547	0.629411124042591	0.735508934996659	217430	Pqlc3
217431	1075.2	1104	-0.0346740746510025	4.4635416384921	0.519480446315982	0.478076689601671	0.606044594939708	217431	Nol10
217449	3002.2	3406.4	-0.183628718477267	6.27789943028197	34.7115314971222	4.58069857738e-06	5.60147353954742e-05	217449	Trappc12
21745	494.2	499.8	-0.0161504263402408	3.23247312670781	0.0471958206243954	0.829866409651335	0.887589839063223	21745	Tep1
217463	4474.4	4437.2	0.0115412670379299	6.66319420277312	0.118058852540307	0.734163304012588	0.819856141217742	217463	Snx13
217473	1700	1956.2	-0.202932256716034	5.59287811437334	29.5207189220155	1.42734470522751e-05	0.000142541577256146	217473	Ankmy2
217480	3280.8	3221	0.0282453107667451	7.072734723722	0.541913955258599	0.468827476505688	0.597832584509326	217480	Dgkb
21749	488.2	516	-0.0745602328732932	3.62732549912408	1.47767351077673	0.236047817860812	0.357447371331606	21749	Terf1
21750	2479	2638	-0.0931291363200248	5.53030190775558	5.70820145015627	0.0251608644422913	0.0618284825992652	21750	Terf2
217517	4658.6	4903.4	-0.0773887152151998	6.58398485535518	3.06650738441595	0.0934121286047861	0.173975639035967	217517	Stxbp6
21752	178.4	191.8	-0.111748942999769	1.35992412498082	0.868481977466283	0.360724580306959	0.494162930883972	21752	Tert
21753	17.8	15	0.222483832787237	0.621108388642894	1.91161661455896	0.179608055944281	0.289512082147724	21753	Tes
217536	860.4	846.4	0.0178467724085317	3.10970384598767	0.0703473956282096	0.793113119481447	0.861993911495964	NA	NA
21754	1536.4	1628.8	-0.0862543148052011	6.49125180222612	5.48076616109768	0.027931606071361	0.0672200190069016	21754	Tesk1
217558	183.8	161	0.194760325089073	3.62562077289212	5.47480280427895	0.0287287649266697	0.0688155105797359	217558	G2e3
217578	17.6	14.8	0.21148884421065	1.37030265723163	3.75588078444572	0.0645614758339438	0.130276639913978	217578	Baz1a
217588	1321.8	1580.8	-0.260636455777619	4.25252763525838	22.4623404683991	8.19592731570848e-05	0.000584718328831443	217588	Mbip
21761	3343.6	3787	-0.177549451447409	5.68192074635448	23.6535349790815	5.98698705637383e-05	0.000454687017948739	21761	Morf4l1
217615	1827.4	1808.2	0.0129594101493185	5.71733815933817	0.108555765342102	0.744673649224341	0.827198964485753	NA	NA
21762	9855.8	9669	0.0282904168527922	7.1901294539339	0.86604589304374	0.36138714684428	0.494695503408203	21762	Psmd2
21763	6007	5685.6	0.079211256497154	7.14721908874394	6.47096456684543	0.0178769436562436	0.046835842596945	21763	Tex2
217648	139.8	128.2	0.140362044394013	2.25320079697581	1.45604503129238	0.239615496656383	0.361826409180041	217648	Gm527
217653	170	184.2	-0.115488869993654	0.181417043739222	0.421449199948325	0.522424715452639	0.645064653780322	217653	Mis18bp1
21766	988	919.2	0.109289062910839	4.53773459227055	4.86074119534175	0.0373794381611654	0.0848433415800071	21766	Tex261
217664	1615.2	1622.6	-0.00616797607591456	4.82595845254299	0.0194652268797161	0.890213715734711	0.930581402128409	217664	Mgat2
217666	2251	2283.8	-0.0247485648229004	4.01576092859919	0.236004049845233	0.631545404545383	0.737525836414233	217666	L2hgdh
21767	1549.4	1662.6	-0.103362483963978	5.83187774855511	9.46229986660682	0.00520381404905994	0.0172870439588858	21767	Tex264
217682	38.8	44.2	-0.187060453733229	1.40721574660924	2.98480889654241	0.0969927449748656	0.179252414763676	217682	Plekhd1
217684	2233.8	1749.6	0.35220729527093	5.84915680925827	84.2493994898124	2.72671540865565e-09	1.51584401987341e-07	217684	Susd6
21769	2725.8	2382.6	0.195048883095909	6.19368110169406	35.7468512718116	3.69790423234178e-06	4.70920773341569e-05	21769	Zfand3
217692	36628	29926.4	0.291798037944693	9.36194413582907	106.046608505202	2.99241440532592e-10	2.90284280634771e-08	217692	Sipa1l1
217695	1473.6	1339	0.137132464937068	5.78367065687982	14.2904104371868	0.000925182706927669	0.00430402022720712	217695	Zfyve1
217698	389.2	247.2	0.653898838379142	1.59010292873371	31.6573041848643	8.82124778419899e-06	9.54358648748594e-05	217698	Acot5
21770	2730	2663	0.0355621001404463	6.74254108450069	1.26962943819764	0.27105803762399	0.397309895123938	21770	Ppp2r5d
217700	61.6	64.2	-0.0730663015503789	1.28856417038521	0.309893189785203	0.582937758679092	0.696755778461667	217700	Acot6
217705	395.6	386.2	0.0342931489508	4.28369819998599	0.399844952606642	0.533191531094094	0.655001732996264	217705	Fam161b
217707	647.8	655	-0.0156431528131066	3.94244555439154	0.079134754041523	0.780902262355487	0.85379434947702	217707	Coq6
217708	2272.6	2185.2	0.062631315245565	4.22527786119348	1.51074822061873	0.231027188663509	0.351686886249854	217708	Lin52
21771	1169	1022.8	0.192356628242042	5.01841131973662	17.310562736656	0.000355281087958148	0.00198885857681916	21771	Utp4
217715	616.4	568.8	0.115894676296825	5.02343875321929	7.51658889466388	0.0114087099943955	0.0327510415608723	217715	Eif2b2
217716	1125.2	1047.4	0.104085941714068	4.71756747745188	7.51069504642209	0.0114369691184241	0.0328126144576623	217716	Mlh3
217718	4712.6	4993.8	-0.0826995739527636	6.2144836855442	6.55624868030398	0.0172200429609235	0.0455191113674449	217718	Nek9
217721	120.6	136	-0.186274262069764	1.41723098540944	2.03244678627949	0.166944208447822	0.27395681072943	217721	Flvcr2
217732	8393.2	8519	-0.0206433396163367	6.75229885854977	0.262795107238545	0.612926797794252	0.722908521853784	217732	Cipc
217733	2069.6	1770.2	0.225282027390121	6.42556347102063	30.3513908573202	1.18099672438969e-05	0.00012175553961718	217733	Tmem63c
217734	922.4	1071.2	-0.215513430753621	4.98556981687521	18.3115488483785	0.000263172222749263	0.0015406607159246	217734	Pomt2
217737	4332	3679.4	0.23568537801801	6.88935896565981	36.585208473604	3.11809476450958e-06	4.08974062851374e-05	217737	Ahsa1
217779	252.8	231.8	0.117735582250245	1.70515442386182	1.29345855410514	0.269139890811762	0.395420612095264	217779	Lysmd1
21778	127	150.2	-0.240093618098954	2.87432544385422	9.32360227352285	0.00549253582268749	0.0180923228762819	21778	Tex9
21780	1843.6	1721.2	0.100230403194431	4.87450820350099	5.35402750207631	0.029622016270026	0.0704320814553308	21780	Tfam
21781	1272.2	1132.4	0.169344182677231	5.00936545012151	21.2880840153232	0.000112663238768478	0.000761306429714627	21781	Tfdp1
217826	70.6	62	0.177956979465131	2.11583516067628	3.21332248781786	0.0857497267238674	0.162932371508713	217826	Kcnk13
217827	829	821.8	0.00962600402914817	4.34137252644851	0.0359118069778474	0.851303005322535	0.902106571769202	217827	Nrde2
217830	172	187	-0.116326655591728	3.11468151031637	2.2562232588291	0.146217902559146	0.247735735973497	217830	Dglucy
217835	34.2	20.8	0.670146143254022	1.65713090211747	32.6040311907651	7.17132798451224e-06	8.10062267327008e-05	217835	Rin3
217837	2570	2036.6	0.337184810445366	5.97661599380368	78.3628341853568	5.35319260788296e-09	2.57916819847801e-07	217837	Itpk1
217843	2611.2	2249.6	0.216930706523296	6.88602963936405	21.7575594380867	0.000131018200149393	0.000864325451829904	217843	Unc79
217864	349.2	319.6	0.129427387517165	4.2650370939915	4.9869627150138	0.0351980993532459	0.0810647374517986	217864	Rcor1
217866	6202.4	6570.4	-0.0830592776236986	7.92063773408103	9.50041411938072	0.00512741777733972	0.0171198190237164	217866	Cdc42bpb
217869	22723	23475.8	-0.0466328885813487	7.83030146310421	2.41115709384989	0.133657742055957	0.231192095923744	217869	Eif5
21787	1646.4	1589	0.0481622543530824	5.95221641940354	1.57236250288596	0.222029266626692	0.34060825937404	21787	Tfg
21788	137.6	159	-0.208671091430386	2.13475389981363	4.46554761524148	0.0452529697118492	0.0988643325597141	21788	Tfpi
217882	13154.4	13129.6	0.00333451568329713	8.32020374764035	0.0144147712981281	0.905441171968782	0.940108232141137	217882	Cep170b
217887	825.4	880.6	-0.0903814906218213	3.6254472157393	1.56570953004673	0.222979307606731	0.341739254813667	217887	BC022687
217893	1512.2	1581.2	-0.0632286221876617	6.75025323768497	2.63929989907088	0.11740757015904	0.207765233787967	217893	Pacs2
217935	668.6	608.8	0.13540485731193	4.76518259613338	9.36477197679985	0.00540504254655599	0.0178447887089813	217935	Wdr60
217944	2711.2	2635.4	0.0392817574603761	6.24893707982693	0.77229225062955	0.38849506093439	0.521917242378072	217944	Rapgef5
217951	345.2	428	-0.323286565725125	3.91562715225958	19.6911326370249	0.000178235256504307	0.00111863325988418	217951	Tmem196
217980	1355.8	1370.8	-0.0152364466544687	6.02851491908744	0.152042481254066	0.700055323246896	0.793553418728776	217980	Larp4b
217995	1042.6	870	0.266701148442111	5.07360025263013	33.4040726565248	6.03701294552293e-06	7.04838328873897e-05	217995	Heatr1
21802	149.2	172.2	-0.20485494590368	4.10455565944077	5.31158783373374	0.0331573231879964	0.07721217163836	21802	Tgfa
21803	57.2	66.2	-0.215836856190166	1.92121399570167	4.55912774357279	0.0432327115777266	0.0952569532232408	21803	Tgfb1
218030	0.6	1.4	-0.661374566566911	0.654843677324049	13.3777971165666	0.00125654394609565	0.00549699945425743	218030	Pou6f2
218035	9780.8	10002.4	-0.0331231079673302	7.70322877345277	1.25684533185942	0.273422774898985	0.399803013494176	218035	Vps41
218038	14198	13992.4	0.0209427016369073	8.09863277509704	0.43916239725205	0.513887802670083	0.637857834039311	218038	Amph
21804	141.8	150	-0.0849661707440726	3.95874814596637	1.2445480219116	0.276348678738564	0.402855628298381	21804	Tgfb1i1
21807	21146.8	18543.2	0.19000886431245	8.59926456861773	47.1725928629883	4.37078390082914e-07	8.34760417138136e-06	21807	Tsc22d1
21808	494.6	549.4	-0.152299293583265	3.41988851688414	5.88605697736789	0.023206684581097	0.0579525602859668	21808	Tgfb2
21809	386.8	301	0.364045079518919	4.13977285547513	38.5172650066682	2.12412269763153e-06	3.00705871415927e-05	21809	Tgfb3
21810	38	34.4	0.138515562166087	1.79285545761994	1.2613534536658	0.272585810613958	0.398942416627598	21810	Tgfbi
218100	1873.2	1654	0.178877447922243	4.8632747275408	17.1884325781714	0.000368733426105707	0.00204987420805073	218100	Zfp322a
21812	606	604	0.00500780049852709	4.9822487775167	0.00584084273418052	0.939837160902283	0.962735062561467	21812	Tgfbr1
218121	25.2	35.2	-0.484594680812917	1.08013283967623	15.5436604495195	0.000615775994065072	0.00308613946540102	218121	Mboat1
21813	327.4	347.2	-0.0915782211757305	4.14770489378698	2.65004025524889	0.116701670079636	0.206819085625029	21813	Tgfbr2
218138	208.2	195.6	0.0848598511878329	2.76136163375663	0.950099311983094	0.339487969943087	0.471777628839283	218138	Gmds
21814	361.8	387.8	-0.101680267066329	3.49400903357718	2.47330962674446	0.128981475516561	0.224614246640526	21814	Tgfbr3
21817	436.4	366.8	0.24324220233564	3.80722542572884	12.8031144800717	0.00153049751116728	0.00642329007735537	21817	Tgm2
21818	241.2	296.8	-0.30779277601065	2.44978266939059	6.54573675404068	0.0179558836467452	0.0469794826756262	21818	Tgm3
218194	18713.4	17504.8	0.0959890361526785	9.17057122090749	7.64258349980891	0.0108226393694383	0.031380226568879	218194	Phactr1
218203	371.4	323.6	0.195474787777002	4.40624114206049	13.3870948793003	0.00125257699141563	0.00548130421856541	218203	Mylip
21821	1078	1064.2	0.015577837990195	4.6307085056547	0.149045441366374	0.80748969475287	0.872306132134378	21821	Ift88
218210	1224.8	1111.4	0.140154319562833	5.80314391589833	16.1840502303863	0.000502923042115721	0.00262238443388912	218210	Nup153
218214	295.2	315.6	-0.0977574147900292	3.61064665579209	2.18788856487687	0.152201831750395	0.255763517097367	218214	Kdm1b
218215	2375.2	2918.4	-0.3002846102131	5.09924391345502	48.8857602562078	3.27275474730358e-07	6.60675937395614e-06	218215	Rnf144b
21823	77.8	88.6	-0.154502684875486	0.871834484907884	0.623682423852498	0.438020723422464	0.569399364722394	21823	Th
218232	901	735	0.292409519499635	5.10834804003052	31.7132799539498	8.71301362923707e-06	9.44770435086217e-05	218232	Ptpdc1
218236	5209	4569.2	0.189036283611204	7.61404981877446	45.6112652512381	5.72547490823936e-07	1.03445017904615e-05	218236	Fam120a
21824	201	174	0.210358299442117	3.83361447443538	8.22490223998866	0.00851920870450594	0.0259289624373403	21824	Thbd
21825	38.8	36.2	0.0761385864556419	1.63599221863655	0.207837310799016	0.653370380444754	0.755203157053057	21825	Thbs1
21826	178	210	-0.244164067884581	3.34758601440708	12.1299192159831	0.00193719925826398	0.00776128399992721	21826	Thbs2
21827	226.8	210.6	0.106852463647122	4.40262816373803	4.11061516178371	0.0539430225176711	0.113628830884834	21827	Thbs3
218271	432.6	424.2	0.0271331527620882	4.06648832323064	0.254635276687179	0.618465636188452	0.727186391073609	218271	B4galt7
21828	12.2	10.2	0.295558717548709	2.10115356894237	0.899616984796927	0.362189685838129	0.495559420589201	21828	Thbs4
218294	1175.6	1160.4	0.016978557613372	3.53522696731943	0.0637697675636475	0.802799950646015	0.869188800497191	218294	Cdc14b
21830	16.6	19.2	-0.251184855112838	0.0569707328256091	2.20077814059084	0.152493822530999	0.256147090164213	21830	Theg
218311	48.6	43.2	0.202307356403882	0.818653392827313	2.09980885558952	0.160353541221117	0.265949522066554	218311	Zfp455
21832	337.4	335	0.00544106659157895	3.73810474656883	0.00658523244974482	0.936000990928714	0.959909062216804	21832	Thpo
21833	9608.6	9253	0.0527259098973152	9.09031197724014	2.26341641493872	0.145604501941033	0.246870084581312	21833	Thra
218333	3606	4166	-0.205617223566562	7.66225006253995	31.9826977464965	8.21185025655095e-06	9.00562091109161e-05	218333	Ice1
218335	5466.2	5270.8	0.0528749452901153	6.74980292811021	2.77730814771349	0.108703987713583	0.19618022704609	218335	Clptm1l
21834	3964.6	3662.4	0.114314544570493	6.4294765322821	7.68449769727823	0.0106350899677127	0.0309544080534273	21834	Thrb
218341	201	250	-0.316514887511665	3.12996971144088	18.4685773602419	0.00025124824829225	0.00148590105598044	218341	Rfesd
218343	677.4	659.8	0.039899486174273	4.28963252516004	0.632268277284436	0.434375364744605	0.566494768746596	218343	Ttc37
21835	277	190.6	0.537129225812199	3.63342895888374	61.5839636879669	4.66205554480982e-08	1.41565863119078e-06	21835	Thrsp
21838	27920	28335.2	-0.0219836766944333	9.65735693233826	0.4435546344346	0.511809555879968	0.635844719928297	21838	Thy1
218397	2169.2	2066	0.0695098398645778	5.77798008194778	4.72166716618654	0.0399600224995816	0.0896310001876089	218397	Rasa1
21841	2684.2	2761.2	-0.0407664813711169	6.596095698673	0.624969163432014	0.438736756110848	0.570073810933674	21841	Tia1
21843	3973.8	3799.4	0.0653463663086369	6.76152029110415	3.53536483437838	0.0723548869752468	0.142462544113911	21843	Tial1
21844	2709.4	2911.2	-0.104014147395315	6.33813396454898	8.75538321620758	0.00687308197892279	0.0216434699179412	21844	Tiam1
218440	1106.4	1003.6	0.139976234693019	4.6525343819649	6.43371829419304	0.0181724967213734	0.0473961894306042	218440	Ankrd34b
218441	498	538.4	-0.109898733440757	4.17776137282636	3.77549702670593	0.063915810851319	0.129353000566363	218441	Zfyve16
218442	2326.2	2443.4	-0.0692037342124456	6.353272863298	1.32147127514123	0.266320953966579	0.39211603021625	218442	Serinc5
218454	642.6	617	0.0567410298518387	4.3663907257778	1.39740199427302	0.248823789040898	0.372269852685761	218454	Lhfpl2
21846	413	476	-0.207448959226501	3.72417203978936	8.47503725366636	0.00769120663261273	0.0238201629885975	21846	Tie1
218460	986.8	989.2	-0.00463474603421014	5.05044081566706	0.0132831700805472	0.909210793201982	0.942301002926018	218460	Wdr41
218461	2683.8	3440.2	-0.359257589793881	6.56434768025176	91.4855970644299	1.24995908038321e-09	8.17260517517373e-08	218461	Pde8b
21847	608.4	425	0.514880687297941	5.21425882713242	18.1708168541196	0.00112895631944155	0.00503018947016279	21847	Klf10
218476	831.6	921.2	-0.149684907119465	4.41725099368795	6.8899124811246	0.0148948688984372	0.0405978568844071	218476	Gcnt4
21848	993.4	1077.2	-0.118389562268099	4.7425655631047	5.37173118265003	0.0293791780053427	0.0700037648491311	21848	Trim24
21849	7285.8	7290.4	-0.00152428641820033	6.82241102650036	0.00152306473101362	0.969194489266156	0.981072704520837	21849	Trim28
218490	2021.6	2177	-0.11028911275803	3.77050078928051	3.86629307611641	0.0610212837680327	0.124929410139256	218490	Btf3
218503	616.2	553.4	0.156710365419908	5.57754910141632	11.5649150181859	0.00237036591284141	0.00909510722171748	218503	Fcho2
218506	662.6	598.2	0.146555584927406	4.66996393029476	11.1789794685238	0.00272669508159023	0.0101944259465352	218506	Mrps27
218518	28.6	23.6	0.324290215444442	0.179817260053499	3.75428258318294	0.0646144062783917	0.130365246838062	218518	Marveld2
21853	239.4	227.4	0.0712868048461996	2.61762906347371	0.628271728404908	0.435812588586235	0.567600933089335	21853	Timeless
21854	1869.8	1843.4	0.0226086618803913	5.34805679574341	0.296960680978835	0.590859488768275	0.703446981592261	21854	Timm17a
218543	4104.6	3639.8	0.173450419258206	6.16912672008895	24.9556030606157	4.28784473033048e-05	0.000346818733811957	218543	Srek1
218544	8441.2	10318.6	-0.288920827132973	7.39425005651119	55.7536048698899	1.09641225645064e-07	2.78027065872588e-06	218544	Sgtb
21855	179.4	191.8	-0.1011082252561	3.29651397867752	1.62595472887685	0.214558723162428	0.331860009051872	NA	NA
21856	1683.8	1897.8	-0.173141603067073	5.68974848130393	22.8317007103632	7.42863662251655e-05	0.000538483017762559	21856	Timm44
21857	58.8	34.8	0.775085876824267	0.542652789910312	13.234247710433	0.00149068372617669	0.00628539748487687	21857	Timp1
21858	22224.2	22620.6	-0.0261283577301767	8.24309379692919	0.471323546648851	0.499136387916391	0.624363249757119	21858	Timp2
21859	6698	5574.4	0.271005032226156	6.70475605175993	31.2441277416341	1.6706129186736e-05	0.00016196942393311	21859	Timp3
218613	407.2	402.8	0.0124662740491528	4.57021742430064	0.06030250251604	0.808121583325878	0.872793048299503	218613	Mier3
218629	1422.4	1321	0.109080260436683	4.97388352713949	6.18112491001825	0.0203256423361802	0.0519700750622942	218629	Dhx29
218630	20.2	33.4	-0.766640525363307	0.210169301970548	16.9803758606759	0.000392944673215449	0.00215627270564013	218630	Ccno
218639	1789.6	1735.4	0.0434184681529196	5.51934891332857	0.659854989914755	0.425415882195917	0.558165485157818	218639	Arl15
218693	3057.6	2885.4	0.0829611856676751	6.06398419344883	5.69069128368059	0.0253629439078881	0.0622297410861665	218693	Paip1
218699	1342	1308	0.0379258399646053	5.57953574040209	0.980866261058668	0.33193788203528	0.463359952620134	218699	Pxk
21871	915.8	848.4	0.111993705003987	5.70649117988911	8.65135793038852	0.00716493370834224	0.0224111559879634	21871	Atp6v0a2
21872	1547.4	1465.2	0.0797202527703562	7.04689242617645	5.00039657612995	0.0349744518325099	0.0806381762301959	21872	Tjp1
21873	563.6	642.2	-0.186059945774629	4.89124553477388	14.5825298036155	0.000840302185376432	0.00397829275710152	21873	Tjp2
218734	983	1106.4	-0.171044925741563	4.57261423622907	15.6373501532128	0.000597668507940076	0.00301209923771473	218734	3830406C13Rik
218756	986	807.6	0.289187337190173	4.67969215308842	23.0204418952564	7.63767416809615e-05	0.000549228569281899	218756	Slc4a7
218763	2162.4	2156.2	0.00997890398183139	3.97207502427089	0.0278944939436932	0.86876661845249	0.914797577505249	218763	Lrrc3b
218772	50.8	53.2	-0.053116825005034	3.42050464086042	0.19462666263469	0.664903107516575	0.76516795509909	218772	Rarb
218793	1153.2	1111.2	0.051285419856477	5.82395393593576	1.41463527970385	0.246007758962294	0.368935064125441	218793	Ube2e2
21881	2148.6	2403	-0.162564763856581	7.11602126176305	23.8722406568756	5.65671634856553e-05	0.00043421231068596	21881	Tkt
218811	4130.4	3637	0.181777091714294	6.78230549583261	37.0005464225978	2.86806899864846e-06	3.82143001652441e-05	218811	Sec24c
218820	5.4	4.2	0.370184316023204	0.421465305602771	3.49707957524381	0.0738470185992846	0.144710521533902	218820	Zfp503
218832	1041	1157.4	-0.154703285491703	5.26431079832185	11.8694118817139	0.0021251039579228	0.00835469671678551	218832	Polr3a
21885	2139.4	2140.6	-0.0028809405500837	5.12140076701944	0.00467656979338475	0.946049530991675	0.965875909045491	21885	Tle1
218850	1365.6	1175.8	0.214944511081068	5.69996944725472	21.423576205956	0.000108571566608788	0.000738491022947494	218850	Fam208a
21886	325	370	-0.192682570011896	5.5868782726396	18.1963026091492	0.000272314869613076	0.00158775277345196	21886	Tle2
218865	110.6	112.4	-0.0278067595203065	2.40113278573611	0.124580012415416	0.727223036892643	0.814070769458353	218865	Chdh
21887	1072.4	812.4	0.402624304589024	5.66057101129068	96.8167277769718	7.25816789836994e-10	5.58029568101272e-08	21887	Tle3
218877	47.4	35.8	0.403948171339473	2.50532099666524	24.4245240458188	4.90755178070918e-05	0.000384673283288343	218877	Sema3g
21888	2975.8	3114.8	-0.0617485771706299	5.79266002924766	1.41264664090773	0.247595300971181	0.370777297993934	21888	Tle4
218885	621	604.4	0.0383337513506084	4.02191367302226	0.611060250494064	0.442088768549708	0.57324401727976	218885	Oxnad1
218914	1340	1270.2	0.0770886237301212	5.1979178209464	3.75019269202169	0.0647500833184737	0.130566085977291	218914	Wapl
21892	72	75.8	-0.0746905434834538	0.773882122428841	0.20564756696565	0.654304084473169	0.755859274054922	21892	Tll1
21894	1714	1690.2	0.0214572304193989	5.74855947266211	0.242084256890645	0.627208031415347	0.734002500694472	21894	Tln1
218952	1711.2	1772.2	-0.0484801281955828	6.47146973184259	1.85383683760536	0.186076284825951	0.297580484225413	218952	Fermt2
218963	6691.6	6297	0.0838662879073016	7.7200925161619	2.0660605752783	0.170415766284519	0.277730238569899	NA	NA
218973	300.4	306	-0.0153146787227095	3.02617747884751	0.0479215552346436	0.828584757199881	0.886678320912644	218973	Wdhd1
218975	799.6	776.8	0.040438703639464	4.92089483720062	0.933380034062843	0.343691734331307	0.476428534384262	218975	Mapk1ip1l
218989	1247.2	1028.8	0.280558279733026	4.76456454614518	37.2746399103192	2.71503153312159e-06	3.67215871492854e-05	218989	Tmem260
219022	1431	1432	-0.00258444383870742	4.87686905518372	0.00328900631017216	0.954744803987393	0.971629142984046	219022	Ttc5
219024	4399	4604	-0.0660757349378252	5.82611263799705	3.98617500882583	0.0574246293600093	0.119202080910166	219024	Tmem55b
21907	319.4	415.6	-0.380780701005975	3.79320274556481	34.0661165890144	5.24520093915983e-06	6.26563094005092e-05	21907	Nr2e1
219072	68.8	84.2	-0.309159395421734	0.890696262259294	4.89872061485212	0.0367075636519595	0.0836335316874878	219072	Haus4
219094	1035.4	1112.4	-0.10382014722478	4.14081052426174	2.46853047208957	0.12933411651466	0.22505642580567	219094	Khnyn
219103	319.6	303.6	0.0726298744411558	1.8017913331874	0.49116985706804	0.490194907719932	0.616185251044373	219103	Cenpj
219105	795.6	770.2	0.0493671071907481	4.76189920052489	1.25996208860385	0.272843768325052	0.399183602154606	219105	Zmym5
219114	282.4	243.6	0.224872023356795	0.345185152883823	2.02089330067518	0.168107218288697	0.275209166739702	219114	Ska3
21912	51444	51669	-0.00641559961572438	10.1400453359738	0.0720266094811161	0.790718785108416	0.860685994424056	21912	Tspan7
219134	39.4	51	-0.373219320615169	1.57296132665442	8.37495813007089	0.00800871437087154	0.0246503316687771	219134	Shisa2
219135	10835	10053.2	0.107643153835351	7.47354399491157	15.5905305015769	0.000606643801332402	0.00304565109567855	219135	Mtmr6
219140	89.4	79.4	0.163270313988817	3.53005976885974	4.46011519726635	0.0453734688557082	0.0990377708910308	219140	Spata13
219148	39	18.4	1.06371908823852	0.852131095437498	51.3474495604989	2.18568792762204e-07	4.82857095779111e-06	219148	Fam167a
219149	5.4	4.8	0.0930176947810764	0.482467090475635	0.262649303591238	0.613024804423822	0.722965121013538	219149	Xkr6
21915	794.6	779	0.0300876737045683	3.88990761901643	0.251488017087915	0.620631942062873	0.728755035842411	21915	Dtymk
219150	230.2	210.6	0.152395122230588	4.93639186092119	2.58867202637629	0.129564811967572	0.225358579082946	219150	Hmbox1
219151	324.8	347.6	-0.0994835208420498	4.85730132693564	3.28070964920427	0.0827264022035888	0.158458443871014	219151	Scara3
219158	4847.6	5047.8	-0.0595480367332832	6.79918694493955	4.00294812240911	0.0569408366334688	0.118471693205723	219158	Ccar2
21916	1432.6	1429	0.00283228713146113	5.35572607467207	0.0050509270474191	0.943935384167321	0.964487632034106	21916	Tmod1
21917	1198.8	1117	0.101639534472565	4.91177873447773	6.05064786899784	0.0215475317385076	0.0544394378165337	21917	Tmpo
219181	3431.2	3472.8	-0.0172089150311215	7.71876401504514	0.285569938500401	0.59802561894139	0.709676707403847	219181	Akap11
219189	889.8	1049.6	-0.236370190142053	5.77445576397814	32.2903074306546	7.67758767901443e-06	8.56264292534527e-05	219189	Vwa8
21922	2.6	1.6	0.630516358096481	0.413950211737091	12.7174012356353	0.00157667071305157	0.00657886792333932	21922	Clec3b
219228	2803.6	2390	0.232211439822546	6.42894400648458	13.9686272737961	0.00176304730413004	0.00721695999260709	219228	Pcdh17
21923	45.8	68.4	-0.572891306916275	2.76456009810907	34.1744728333359	5.12669853351522e-06	6.14948552725552e-05	21923	Tnc
21924	1326.2	1394.6	-0.0673434242194108	4.4618336694317	0.4760793316332	0.500541945878759	0.625580050646916	21924	Tnnc1
219249	1589	1608.4	-0.0169456601802188	4.26890731754127	0.113267822714862	0.739400556367467	0.823429820612941	219249	Tdrd3
219257	2386.6	3177.6	-0.422042611685809	4.21543799701452	35.5530068807278	4.5052782517345e-06	5.53265011474685e-05	219257	Pcdh20
21927	2740	2870	-0.0656894824753288	5.86607244595689	3.88371207733557	0.0604831567534524	0.123942090424129	21927	Tnfaip1
21928	168.6	223	-0.413873339607365	1.42839701091664	9.72287302871897	0.00470533730903522	0.0160025754034812	21928	Tnfaip2
21929	157.8	141.4	0.150379161789388	3.11251677016598	3.9804281878346	0.0575914565797112	0.119414150401256	21929	Tnfaip3
21930	18	15.4	0.222296491698879	1.56584407567953	2.778691356384	0.108620649191112	0.196054303622419	21930	Tnfaip6
21934	241.2	331.8	-0.45497497357875	2.19841424075665	15.5370234943178	0.000617081200669304	0.00308839739420849	21934	Tnfrsf11a
21936	99.4	114.8	-0.201542676400119	2.94402080724785	6.38571753345919	0.0185613972474736	0.0482096021230878	21936	Tnfrsf18
21937	73.6	77.2	-0.0773176304714391	2.80544243969083	0.892948514652314	0.354165376143568	0.487487510406545	21937	Tnfrsf1a
21938	84	80.8	0.057145912965991	1.81554571632323	0.287478499952877	0.596812125163748	0.708535442907281	21938	Tnfrsf1b
21941	37.6	50.2	-0.391338525314537	1.12598168396331	8.09079112055831	0.00899156085205976	0.0270758376157649	21941	Tnfrsf8
21944	80.4	89.2	-0.147468202695149	1.97729103333632	1.85553811337639	0.185881801741604	0.297435576483244	21944	Tnfsf12
21945	1357.8	1310	0.0519023669901311	4.93518325370851	1.52028149776968	0.229605254517637	0.349890811681384	21945	Dedd
21946	923.2	341.4	1.42548006091397	2.33007988402448	248.694152163786	4.16571042102519e-14	3.6487448861946e-11	21946	Pglyrp1
21951	159.4	161.6	-0.0285258801813702	5.6372621591807	0.300133537600811	0.589229277959104	0.702294053238302	21951	Tnks
21952	28	34.4	-0.281362930445285	1.00157876400471	3.7809162017042	0.0637387362417039	0.129065705105326	21952	Tnni1
21955	53.6	81	-0.590285448142493	0.818017063684357	12.9733574455637	0.00144310372622159	0.00611331220949789	21955	Tnnt1
21956	271.8	364.2	-0.429686616405245	3.06707215894409	25.5523916638942	3.69116253349504e-05	0.000307661724699577	21956	Tnnt2
21960	44.8	39.4	0.202457405888358	6.30023630932752	0.807136880983413	0.387874917195585	0.521333230528412	21960	Tnr
21961	2241.2	1663	0.429233310570077	5.8395533325186	92.6456301649396	1.10815706028423e-09	7.59113845940674e-08	21961	Tns1
21968	51.8	58.6	-0.157986677145262	1.2930462800664	1.00246733443798	0.327022263190121	0.458287744051775	21968	Tom1
21969	3303.8	2824.4	0.225741443238387	6.48248577056441	20.2541423605543	0.000216105152284653	0.00130788278545294	21969	Top1
21973	0	0	-0.267140649415005	0.725564588472384	1.64080851863097	0.213094860634126	0.33010780110994	21973	Top2a
21974	6255.8	6471.8	-0.0499471923363356	6.90590573915658	2.55566252247554	0.123079349894243	0.216141747661809	21974	Top2b
21975	454.4	481.4	-0.0664949335133667	2.82738149061577	0.445028627579028	0.511255505503309	0.635617329824947	21975	Top3a
21976	1175.8	1185	-0.0110695938014435	5.39676700999358	0.0592185232113982	0.809818529192487	0.873907497457683	21976	Top3b
21981	2785.2	2486.8	0.162268135294617	6.48564417129365	19.3584982141094	0.000193866776356977	0.00119596687386417	21981	Ppp1r13b
21982	863	983.2	-0.195210018937593	4.94666940159397	13.8898360273618	0.00105713634816337	0.00477644538179222	21982	Tmem165
21983	920	722.2	0.35609866847798	3.6296195204404	27.035072308399	2.56464581898744e-05	0.000227838910065424	21983	Tpbg
21985	3765	3994	-0.0843437459650807	6.13585982004556	5.22103675490757	0.0315194942949272	0.0740699541178717	21985	Tpd52
21987	342.2	359.4	-0.0712163158563771	4.27594895844248	1.27173842725767	0.270670505657727	0.396962203480842	21987	Tpd52l1
21991	17033.2	17365	-0.0282247609568874	9.23808124421663	0.868317102187116	0.360769368180926	0.494177449553365	21991	Tpi1
22003	6690.4	6521.4	0.0361486031927901	7.8078688104851	0.996076158448846	0.328291461408337	0.459668083866316	22003	Tpm1
22004	41	51.6	-0.316520294588743	2.78830050800139	10.9247927146354	0.00299318187127646	0.0110197276534463	22004	Tpm2
22017	167.8	156.4	0.10217534981124	2.34803156627226	1.6722466497204	0.208357368392951	0.324447716525378	22017	Tpmt
22019	3112.2	3009.6	0.0465509439071175	6.09995054912155	1.956412857986	0.174781327069713	0.283311573563489	22019	Tpp2
22021	1659.8	1477.6	0.173660627879435	4.73974800756662	11.6660679133725	0.00228562141155307	0.00885456228426374	22021	Tpst1
22022	231.6	250.2	-0.113344288123039	4.49593664010932	3.86180523694125	0.0611608060586434	0.125126438891951	22022	Tpst2
22025	250.2	258.8	-0.0483860327794383	3.51875354877481	0.562778677180117	0.460487945620948	0.590270731288151	22025	Nr2c1
22026	1003.4	1061.2	-0.074930235725658	5.99334505726081	2.66453276981671	0.115911505601076	0.205821241026775	22026	Nr2c2
22027	22389.6	16570	0.434755486369408	8.55593126389162	119.588986747714	2.29594309750463e-10	2.40475083560376e-08	22027	Hsp90b1
22030	372.8	351.8	0.0722643951556809	3.43307639754201	0.90707453126129	0.350455408793225	0.483393690113301	22030	Traf2
22031	3485.6	2485.6	0.490846522022623	6.48198337139859	119.31290724428	1.64632511724956e-10	1.9504904298955e-08	22031	Traf3
22032	244.8	194	0.335108475419248	2.98052505622373	16.1483030071464	0.000508590075755517	0.00264906701080009	22032	Traf4
22033	265.4	319.2	-0.252738370854879	1.63357153776141	4.15566573232098	0.0527419594298499	0.111778926920682	NA	NA
22034	206.6	192	0.102231088287825	4.26276285950544	4.73320446249684	0.039738510098824	0.0891895069826712	22034	Traf6
22035	74.8	201.8	-1.51401380620698	1.13665299220888	75.1317939916272	8.26317399595701e-09	3.59746737763743e-07	22035	Tnfsf10
22036	108.6	56.2	0.937916409689111	4.04447201082858	49.8053887521613	8.46597149422804e-06	9.24921783655118e-05	22036	Traip
22038	5	8.8	-0.65529999933323	0.125785196690895	11.8332874461413	0.00215269613311761	0.00843266904163407	22038	Plscr1
22040	289.2	259	0.157035938497525	3.48712402983748	5.83033580244577	0.0238001473418365	0.0591179463273596	22040	Trex1
22041	1551.4	1769.8	-0.191546101000968	6.75014473071231	7.43710273182984	0.0162000595742583	0.0434264950085921	22041	Trf
22042	4792.2	6452.8	-0.430851097485438	6.97596597026006	89.4975610377933	3.99552476747541e-09	1.99831539754635e-07	22042	Tfrc
22044	265.8	292.6	-0.123654582327286	0.633545705089482	0.505332454862793	0.484068357359731	0.611514951874653	22044	Trh
22045	280.2	279.8	0.0136371187259775	1.52263551973822	0.0146680255685314	0.904618317974193	0.939726402759738	22045	Trhr
22051	182.6	143	0.356085035139728	2.69148558871386	22.8186159379505	7.45444305836134e-05	0.000539552529654398	22051	Trip6
22057	540.6	529.2	0.0257840879250867	4.8643248848462	0.138198398775244	0.714126446379709	0.804519380824031	22057	Tob1
22059	201.8	210.6	-0.0661233794861163	4.02284879578492	1.35460545677283	0.255998567884662	0.380405397368654	22059	Trp53
22062	5.8	3.8	0.532800672279012	0.188299045113814	4.73375106944145	0.0417333109531672	0.0925741676668323	22062	Trp73
22063	1466.6	1390.2	0.0736538938790569	5.29837119961373	3.90083201300017	0.0599595101883362	0.123051932452394	22063	Trpc1
22064	475.4	459	0.0551669735333462	4.11823723584241	0.995962254979073	0.328318562050854	0.459668083866316	22064	Trpc2
22065	881.6	883.2	0.00156289490036322	4.40340468410013	0.000987881640465853	0.975187984407893	0.984907851061363	22065	Trpc3
22066	1093	957.6	0.191635299409059	4.27810642097371	14.9769932994211	0.000738871192011058	0.00358237568890601	22066	Trpc4
22067	7.6	7.8	-0.0386728936441984	2.88095127129505	0.106613155373206	0.747424107477351	0.82929823055789	22067	Trpc5
22068	873.6	783.2	0.157542279164709	3.97201561991261	6.12094971332079	0.0208793486280419	0.0531133588647866	22068	Trpc6
22070	1873.6	1714.4	0.126684700255225	4.98984875942211	1.49039052432337	0.243600358733383	0.366327104229136	22070	Tpt1
22083	2167.4	2028	0.0967010557248101	5.95753497573054	7.72525115173519	0.0104561616715768	0.030569045469452	22083	Ctr9
22084	5978.4	5838.6	0.0332451920413631	7.30189638127942	0.91700260689536	0.347880818933624	0.480576255076613	22084	Tsc2
22088	2388.6	2536.4	-0.0883906269522126	5.59773120794747	5.36192086405675	0.0295134689980148	0.0702201943863878	22088	Tsg101
22092	12.4	15.8	-0.31486342618901	1.5823709808904	8.48293865360977	0.00766673450181886	0.0237596441872405	22092	Rsph1
22095	5.8	18	-1.56227829012676	-0.318414620271709	19.1972876719351	0.000318439117418396	0.00180569596044154	22095	Tshr
22099	2475.6	2665.2	-0.105660555242197	5.95973682001472	7.86087138057498	0.00988418149768407	0.0292518344323353	22099	Tsn
22110	10147.8	9738.6	0.0595849802957651	7.48489121388104	4.1203142980324	0.0536818511096005	0.113239561578833	22110	Tspyl1
22116	27	32.8	-0.281777074367848	0.974150701259083	4.50634068139484	0.0443595348185045	0.0973095638589564	22116	Tsks
22117	393.2	504.4	-0.365362317854933	4.10388328381761	33.2775148048523	6.20266376154189e-06	7.19528908582075e-05	22117	Tst
22121	1579.8	1631.6	-0.0440588682000975	5.41386817431703	0.585244423692352	0.452830332686571	0.583508035005055	22121	Rpl13a
22122	414	436.6	-0.0768248015620897	4.38330514656898	2.86787905094921	0.103400844936464	0.188754207212888	22122	Tsta3
22123	3022.2	3080.2	-0.0275553576259456	6.76761827334356	0.74029241459048	0.398143463735863	0.531372633872407	22123	Psmd3
22129	45767.8	45817.2	-0.00177863193383587	10.2451855727258	0.0035406209128258	0.953047702776973	0.970720101079361	22129	Ttc3
22130	656	587.6	0.163548606353761	3.74064199815191	5.29182470582541	0.0304931617029762	0.0721946206805599	22130	Ttf1
22134	9867	8913.6	0.147313064134094	7.60610307097351	24.8878819245732	4.36191248140449e-05	0.000351077902571844	22134	Tgoln1
22138	53	48.8	0.110442602234536	0.300624691744004	0.280727246249409	0.601193837347668	0.712617330246284	22138	Ttn
22141	15925.4	12666.6	0.330374358860493	8.34330111767339	121.211853622768	7.94476886644687e-11	1.12582048231003e-08	22141	Tub
22142	1497.4	1644.4	-0.139110132682908	6.76369500251234	2.20873808924728	0.163010195784616	0.26918192275458	22142	Tuba1a
22143	388.6	389.8	-0.0536834750242897	2.76042613690174	0.0338648356919857	0.857223628717591	0.906851374477352	22143	Tuba1b
22145	16174	15569.6	0.0542203714950267	9.14309592007207	2.95831367566274	0.0984034144799625	0.181395606796758	22145	Tuba4a
22146	1011.4	959.4	0.0695520680519094	4.40675602574132	0.443607063012184	0.516062801808318	0.639394114292596	22146	Tuba1c
22151	16272.8	16112.4	0.0140574406076698	8.59332724995321	0.153815490962235	0.698402102210264	0.792052097712606	22151	Tubb2a
22152	5040.4	4958.2	0.0234086302634679	8.45014263604978	0.478055373786853	0.495987500172895	0.621284628433921	22152	Tubb3
22153	22298.6	23425	-0.0727604036511177	9.634057619546	2.67469036505555	0.11847360117377	0.20936757933313	22153	Tubb4a
22154	5101.8	5083	0.00334627125319507	6.76507217266335	0.0079402754797987	0.929740767156677	0.956349934015734	22154	Tubb5
22156	43.8	45.6	-0.0949085287203501	0.756698201765152	0.398333439263479	0.533960096209147	0.655500189451929	22156	Tuft1
22158	1005.6	916.8	0.133338954587288	4.25444236865944	7.91558956093004	0.00966323498110169	0.0287628497563517	22158	Tulp3
22163	294.8	308	-0.0629715084773728	0.550548254399942	0.155359411802513	0.696971465842119	0.790863994919295	22163	Tnfrsf4
22166	2580.8	2625.2	-0.0212149675166857	5.10565775526103	0.19017705693503	0.666695554271803	0.766507935349156	22166	Txn1
22169	1287.2	1373.4	-0.0917128139991065	4.90592825248743	4.07185581450865	0.0550011481907262	0.115332452625672	22169	Cmpk2
22174	12185.4	11275.4	0.111932518482404	8.44089093582966	13.6082504984505	0.00116213339797155	0.00515576308602847	22174	Tyro3
22177	116.8	134.8	-0.214495129830753	3.53181172691669	11.5436806073698	0.00238858835066326	0.00916016344401348	22177	Tyrobp
22183	3083.8	3031	0.0258103961595044	6.35708080048832	0.540357109636319	0.469459711120513	0.598427609536635	22183	Zrsr1
22184	981	1020.6	-0.0571429631629771	5.14302574554965	1.6449417866735	0.211987691663378	0.329186731338899	22184	Zrsr2
22185	2120.2	2022.6	0.0672763030383752	6.76356617026002	4.49397041030627	0.0446283502990293	0.0977657131285496	22185	U2af2
22186	742.8	791.4	-0.0978733165363095	3.70979119340253	1.5905632475957	0.219671958181257	0.337797630885164	22186	Uba52
22187	3608.2	3493.6	0.0444343887266285	8.50738598474728	1.10916044472777	0.304373842049055	0.433941433937757	22187	Ubb
22192	2245.2	2337.8	-0.0600037325707	6.92801579273066	2.52083485149611	0.125535728595932	0.219672327012785	22192	Ube2m
22193	4680.2	4630.2	0.0178432578131171	5.99282290261231	0.227533147366959	0.637705549291866	0.742500081316628	22193	Ube2e3
22194	922.4	938.4	-0.0284880743892568	5.1193134493925	0.385961273702534	0.540329333369342	0.660905490777733	22194	Ube2e1
22195	5355.6	5583.8	-0.0600105614226031	6.68257595912022	4.16983928362381	0.0523703596935279	0.111121723283948	22195	Ube2l3
22196	1873.4	1841.6	0.0266686855712449	5.73744027215801	0.375785347963281	0.545675653876708	0.665661492521208	22196	Ube2i
22200	4278.6	3996.4	0.0976849006621681	6.28185131355863	10.055349599246	0.00414379081000741	0.0144703989544394	22200	Uba3
22201	18536.8	18294.2	0.0175130478038701	8.5577529820645	0.303232945853161	0.586989775608984	0.700744565266842	22201	Uba1
22209	3452	3205	0.107724128953715	5.24824392324206	8.12012535645926	0.00888420546862969	0.02684203717466	22209	Ube2a
22210	6284	5637.6	0.155968908000838	7.34249107481057	21.4388396405603	0.00010810021710825	0.000736671635116755	22210	Ube2b
22213	998	812	0.299107341350682	5.31270511285133	53.1171820294861	1.64870147231647e-07	3.85604062797124e-06	22213	Ube2g2
22214	7233.2	6940.2	0.0599103809396114	6.60294310719005	3.13476884317603	0.0894358780589945	0.168225017076027	22214	Ube2h
22215	904.2	967.4	-0.0926918159989848	4.49184973490448	2.09589647523903	0.161150407000115	0.267087258660665	22215	Ube3a
22217	4479.8	4444.6	0.00969763417430764	6.33690236681529	0.075495154310445	0.785866386419836	0.857082377522999	22217	Usp12
22218	3894.8	3797.6	0.0361825198123076	5.71088234224699	0.645859994971176	0.42954282489196	0.561814495610207	22218	Sumo1
22221	4353.2	4852.8	-0.156276102877022	7.1447041633464	23.6740978043454	5.95505987848431e-05	0.000452785036736518	22221	Ubp1
22222	2135	2262.6	-0.0838817724862866	5.83602169686408	4.99875701876932	0.0350016618971606	0.08067517478258	22222	Ubr1
22223	50362.4	51777.8	-0.0387256960098444	8.97510658423255	1.42767810929039	0.243903593181266	0.366616320283073	22223	Uchl1
22224	2367.6	2281.8	0.0512910183086893	5.88703604398439	1.85133793111201	0.186362402083431	0.297940732188243	22224	Usp10
22225	12359.4	12709.6	-0.0403024906777059	7.88000425244775	2.04418641005295	0.165772411781595	0.27259094879308	22225	Usp5
22228	585.2	266.8	1.12479656576506	4.0970754009004	229.681580764706	3.25692759792435e-13	1.34772579240181e-10	22228	Ucp2
22229	9.6	15.2	-0.648785824191781	1.16746062939849	26.6073177643673	2.84540417643102e-05	0.000248745115310529	22229	Ucp3
22230	3487.2	3547	-0.0249801704520609	5.88016935220251	0.619802650588009	0.438883099353041	0.570161452278344	22230	Ufd1
22232	816.2	750.8	0.12089383493962	4.46989903819205	5.86475525155463	0.0234315967686434	0.0584233741062569	22232	Slc35a2
22234	4758.6	4863	-0.0315947683256388	6.73702640140283	1.00641032841233	0.325845493381613	0.45708178972611	22234	Ugcg
22235	910.8	829.6	0.139777487499248	4.57879785754564	7.71380944451274	0.0105060594547851	0.0306714973458823	22235	Ugdh
22239	238	246.6	-0.0529068414780223	4.94473473598033	0.266485047779555	0.614137827179279	0.723982395730307	22239	Ugt8a
22240	319.6	362	-0.180888939637718	4.23539759209489	5.79988652124831	0.0252696700377286	0.0620641989337858	22240	Dpysl3
22241	3270	2914	0.165671535848022	6.86314247951074	28.5090157138765	1.8054139699756e-05	0.000171793637406368	22241	Ulk1
22245	2379.8	2260.6	0.0750953347037828	4.61130679960446	2.38429755754206	0.135740516955515	0.233932685355313	22245	Uck1
22247	1272.2	897.8	0.504245202956581	4.33500014388731	100.486246233784	5.06278452931454e-10	4.22991257726661e-08	22247	Umps
22248	728.6	837.6	-0.198663547290364	4.40754001229441	13.8959162872174	0.00105498641963216	0.00476822192287781	22248	Unc119
22249	2275.6	2240.2	0.0246752800708561	6.63431342479154	0.375582065159395	0.54578347501514	0.665661492521208	22249	Unc13b
22253	1583	1653.6	-0.0637114046502153	4.75988943462033	0.919772099374691	0.348548861492141	0.481453100535876	22253	Unc5c
22256	44	38.2	0.217155797938504	1.01626493092492	3.05731274195218	0.0932505958111795	0.173780829274728	22256	Ung
22258	3127	3218.8	-0.0398562408912921	6.79023922342213	1.50136083284351	0.232438278314971	0.353351164783823	22258	Usp4
22259	448.4	351.6	0.369087677741233	1.70112062308493	9.21135070385025	0.00573908327532055	0.0187000345566081	22259	Nr1h3
22260	775.8	790.8	-0.0282665281597242	5.58966815499129	0.401694572519468	0.53225382909311	0.654100621792337	22260	Nr1h2
22268	285.6	464.2	-0.7259443534175	0.338252755722566	15.3824628126933	0.000648345133682284	0.00321481322890008	22268	Upk1b
22271	4.8	4.6	0.00798087151181231	0.253690940442064	0.00231106085187896	0.978137405868212	0.986188481056022	22271	Upp1
22272	2757.2	2767.6	-0.00482167183722983	6.13081817106386	0.0148266096273738	0.904106726888869	0.939397500571614	22272	Uqcrq
22273	5600.4	5862.6	-0.0671709728592273	7.48149730440835	4.63205265592777	0.0417285531519299	0.0925741676668323	22273	Uqcrc1
22275	1479.2	1424.8	0.0528816161208766	4.89242395568124	1.46705251738235	0.237689401340151	0.359594160243933	22275	Urod
22276	1729.8	1687.4	0.0240372956979486	4.15888352808226	0.145284068179519	0.706461454541293	0.798685480167372	22276	Uros
22278	1526.4	1412.2	0.112873421071156	5.24078898385168	7.07479768563739	0.0137574739932893	0.0381707984489449	22278	Usf1
22282	1151	1055.2	0.125354093354338	5.96368102673636	12.9893275774446	0.00143518923391816	0.006085134991802	22282	Usf2
22284	2839	2656	0.094397344676912	6.62069232962714	5.15193186906449	0.0325803387069567	0.0762123669963348	22284	Usp9x
22288	517.4	556.4	-0.103830541842089	6.31404979593961	9.35292482029473	0.00543006228627438	0.0179192055447055	22288	Utrn
22289	1165.6	1358.2	-0.220077887154879	4.9765583318737	16.7662918679555	0.000419675374265754	0.00227360864304243	22289	Kdm6a
22290	395	344.6	0.196247351006479	3.97719015304482	13.3602251701998	0.0012640786146028	0.00552160540811994	22290	Uty
22294	87.8	106	-0.255749982311376	0.736164522010819	2.95448136660371	0.0986094180141476	0.181539068318978	22294	Uxt
22317	5851.6	6503.2	-0.153418424730443	7.18913612299991	7.35602713641359	0.0149544767751822	0.040729603789049	22317	Vamp1
22318	59239	61095.2	-0.0462174986491095	10.308128341297	2.01113901660765	0.169096754890259	0.276149094283084	22318	Vamp2
22319	258	243.2	0.0887469003548964	3.80917021942824	1.94579361801345	0.175911111288967	0.284632173130049	22319	Vamp3
22320	62.8	65.2	-0.0606678264855193	2.41874064259511	0.544110132948206	0.467938001978773	0.59690900014131	22320	Vamp8
22321	1449.8	1780.6	-0.298235484981804	5.36666589498079	57.8543090464367	7.99924128627439e-08	2.13322940132491e-06	22321	Vars
223227	209.6	274.6	-0.38948050456391	3.06302952629656	22.2507242245972	8.67402279359578e-05	0.000613352050274566	223227	Sox21
22323	187	208.2	-0.162405147546036	3.25417411106277	5.63496813601242	0.0260181403006158	0.0635139672192366	22323	Vasp
22324	59.6	59	-0.00396141902128247	2.06851543266966	0.00184664755713609	0.966081484013357	0.979087208661412	22324	Vav1
22325	709.8	558	0.352602538960838	3.90665303012697	34.4020447222366	4.88716667133849e-06	5.91093307895019e-05	22325	Vav2
223254	3372.2	3161.6	0.0946858282263905	6.70519379708296	7.82171126756731	0.0100457192855318	0.0295857469608379	223254	Farp1
223255	2423.8	2370	0.0325613176138909	5.57545536339538	0.67798384907514	0.418448396427995	0.551545971363327	223255	Stk24
223267	193	208.6	-0.120112536875542	3.50194564117029	2.45873399259582	0.130060537039686	0.226057600092788	223267	Ggact
22327	5556.6	4979	0.159782894266679	5.56615677817866	10.4449764961012	0.00364744627393915	0.0130366440265867	22327	Vbp1
223272	55.8	54.2	0.0542687750183494	2.06073034562174	0.243229716057823	0.626398541636204	0.733233278329259	223272	Itgbl1
22329	1017.6	1058.6	-0.0398278040777518	4.61102008635024	0.319482539631687	0.578173388784952	0.69304682635352	22329	Vcam1
22330	504.4	500.2	0.0144219000596203	5.52748596586959	0.109335965408959	0.74379186698189	0.826600618588055	22330	Vcl
22333	20958.8	21151.2	-0.0137800971318551	8.76500638933257	0.234816663941498	0.632400531626514	0.738211836499244	22333	Vdac1
223332	118	167.4	-0.513797690585168	3.16228119508613	29.4021450232393	1.72616211712644e-05	0.000165761581932627	223332	Ranbp3l
22334	8042.6	8495.4	-0.0806465581726416	7.22882182883699	4.9448461432799	0.0359096970859173	0.0822435052574631	22334	Vdac2
22335	5135.8	5433.4	-0.0788443441573309	4.93615640067739	1.93673903156717	0.177158388459008	0.28623377451224	22335	Vdac3
22339	2161.8	1967.2	0.141208268722642	6.53971148353202	5.2469593624717	0.0357067240784489	0.081869446356266	22339	Vegfa
22340	638.8	711.2	-0.156114849974028	5.46039595995186	16.1326979661817	0.00051108572365697	0.00265919116261261	22340	Vegfb
22341	454.4	580.4	-0.377222423664814	2.03472011041744	11.0594129198555	0.00284866724090975	0.0105765826612149	22341	Vegfc
22342	1487	1795.2	-0.271231995491402	5.49256135724145	27.9755103410338	2.26513327799909e-05	0.000206432764187887	22342	Lin7b
22343	1765.4	1573.2	0.165642293013671	6.2290058135328	20.019968446958	0.000160484805273708	0.00102503198207078	22343	Lin7c
223433	1868.6	1829.4	0.0316200329311635	4.65590947841838	0.535694738998273	0.471361578717836	0.600005306806482	223433	Fam105a
223435	6015.6	4717	0.351667649057778	8.06637609059182	92.3489857518308	1.14267772907081e-09	7.71788032522876e-08	223435	Trio
22344	1385.4	1325	0.0637193578240974	5.33428410076089	2.69121937949433	0.114040876853825	0.203348980267109	22344	Vezf1
223453	107.6	122.4	-0.179418244216151	2.275047624874	3.58035803299928	0.0706813426825146	0.140006595468421	223453	Dap
223455	21246.8	21566.6	-0.0209411527130899	8.32399709630749	0.573321172489548	0.456366100999036	0.58654771686289	223455	March6
22346	4087.4	4122	-0.00779672489176262	5.38758851178176	0.0280712150555635	0.868355592413187	0.914678015795088	22346	Vhl
223473	304	362.2	-0.243769988013395	2.85295802484196	9.14664363687957	0.00588670308492756	0.0190803901770816	223473	Nipal2
22348	2067.8	2148.2	-0.0553312725807097	6.0291837405277	2.18602382811331	0.152369186336333	0.255997235767215	22348	Slc32a1
223499	402.2	411.2	-0.029102776840128	4.15193296613221	0.396641429457999	0.534822878789115	0.656224948218834	223499	Dcaf13
22350	3279.6	2090	0.652998731198123	6.33514929406156	267.26757173064	1.89401994455557e-14	2.48874220714603e-11	22350	Ezr
22351	938.6	1009.8	-0.104975416119644	3.5050336024625	2.86530184983297	0.103547523982937	0.188926522551044	22351	Vill
22352	950.6	828.2	0.201864643908749	4.21393799596355	13.8221340980076	0.0010814006198123	0.00486327459824734	22352	Vim
223527	2501.2	2803.6	-0.166171688264392	5.79930277936159	19.0427125304193	0.000212406033872843	0.00129087738606844	223527	Eny2
22353	11099.6	9168.8	0.278435983252556	5.99434933137854	39.4468053495255	1.77365737679614e-06	2.57911908694279e-05	22353	Vip
22354	1856	1775	0.0658991079523516	5.73193204516401	2.4022945414631	0.134340761503472	0.232102341582987	22354	Vipr1
22359	2100.2	2505.4	-0.255285792849002	6.06835110914473	29.8398672960816	1.50939810621425e-05	0.000148920411107309	22359	Vldlr
223593	1557.4	1618.8	-0.0555065808581621	5.78232204194224	2.65999341733671	0.116051943213825	0.206010077023063	223593	Washc5
22360	44870	43631.4	0.0407312304095267	8.84259051381394	1.70760912226995	0.203769964768794	0.319272744798716	22360	Nrsn1
223601	6300	6680.6	-0.086065948869096	7.01814759837159	7.58581331293973	0.0110824981552359	0.0319812414867155	223601	Fam49b
223604	35.2	38.2	-0.0880071529268952	4.06047776522855	0.656692933930942	0.429914557010503	0.562198951147183	223604	Kcnk9
223626	494.8	455.4	0.120991860681478	5.30841331015384	9.38753059976001	0.00535733305029417	0.0177115489270247	223626	Them6
223642	226.6	208.8	0.119175136854715	2.94089515905374	2.94826642181651	0.098944562590486	0.1820217268274	223642	Zc3h3
223646	19	19	0.0292881092075909	1.82651145696976	0.0788609063938356	0.78127141932504	0.853810456292463	223646	Naprt
223648	151.6	153.2	-0.0146335338794394	2.48911165382739	0.0325698159127811	0.858309133217819	0.907711019352254	223648	Ccdc166
223649	1384.4	1636	-0.241689689728782	6.69588975276129	47.2547889072728	4.30983072447794e-07	8.28381559728778e-06	223649	Nrbp2
22365	1967	2043	-0.0579351253764836	5.24486829788156	1.37720899056067	0.252176385788574	0.375760748167445	22365	Vps45
223658	5364	4921.4	0.124588343677425	6.73676609464357	13.3363982701819	0.0012743741716275	0.00555482638018813	223658	Mroh1
223664	1877.4	1929.2	-0.0454554322939323	4.63649062080911	0.879320580543108	0.357797667472315	0.491340320122836	223664	Lrrc14
223665	151.8	204.2	-0.442501810524187	2.91531727940023	36.3056557370537	3.29964902058413e-06	4.27741048820834e-05	223665	Lrrc24
223666	1719.4	1340.4	0.357667616609445	6.58159839191279	105.165821118379	3.24735585459178e-10	3.1084292398854e-08	223666	Arhgap39
223669	206.2	165.8	0.311217917472487	1.6971316222305	9.74298147757827	0.0046691038785666	0.0158964423757239	223669	Zfp7
22367	359.8	408.4	-0.183539218715582	3.74248517198814	9.49461441622293	0.00513896297299169	0.0171504435030297	22367	Vrk1
22368	648.4	740.6	-0.193281737722255	4.34100086367294	14.4274135077339	0.000884264391355127	0.00413921759685593	22368	Trpv2
223690	250.6	238.6	0.074647998128434	3.32328858536093	1.27645121640702	0.269807135883409	0.396119079945027	223690	Ankrd54
223691	2321	2300.2	0.0108705489808657	6.01490356652694	0.0694490703290475	0.794406614710457	0.862945529011345	223691	Eif3l
223693	1576.6	1761.8	-0.161251773571652	6.55943102704007	24.3492010201411	5.00305576301845e-05	0.000390018975536267	223693	Tmem184b
223696	2529.2	2539	-0.00338348619202864	5.58832610093686	0.0060406395533239	0.938698629101342	0.961993050555218	223696	Tomm22
223697	775.8	913.4	-0.238454372707981	5.39761801058986	11.3249084524187	0.00371498729795625	0.0132355007159625	223697	Sun2
22370	1668.4	2042.6	-0.287106374312521	5.77997136302514	37.9263584761762	2.40170211135073e-06	3.3061145064251e-05	22370	Vtn
223701	1639	1338.2	0.292233768350857	6.28000036654273	65.5844056452852	2.681715965192e-08	9.03531994426227e-07	223701	Mkl1
22371	481.6	463.4	0.0590209424414938	3.84391031067392	0.323204829378685	0.57719803915796	0.692235351641981	22371	Vwf
223722	1190.2	1313.6	-0.142807712576178	3.84915095020963	4.11734714741272	0.0537615963359324	0.113341615145794	223722	Mcat
223723	1658.4	1436.8	0.205402155586638	4.17030153924233	18.319561782305	0.000262549078554751	0.00153825876831389	223723	Ttll12
223726	10006.8	9544.2	0.0685208659327486	8.06074540574447	6.36718930041584	0.0187139707091877	0.0485012887616596	223726	Mpped1
223732	3041	2996.8	0.0195097667468106	6.49851367845588	0.120489736969514	0.732566050999712	0.818701281560937	223732	Rtl6
223739	1819.4	1629	0.160118267664611	6.90471363318388	28.4104037653482	1.84771198475345e-05	0.000174897374116741	223739	5031439G07Rik
22375	5279.2	5031.2	0.0682063222518211	6.62927825950198	3.91208320109353	0.0596181717527385	0.122507969080762	22375	Wars
223752	1695.6	1590.8	0.0943641199590935	6.12880889530842	3.51987081336174	0.0746609018280052	0.146028237486061	223752	Gramd4
223753	4686.8	4350.8	0.1078419014806	6.45418646099855	7.06749542427133	0.0138005320845266	0.0382425020609177	223753	Cerk
223754	1741.2	1588.8	0.133050967536527	5.5157484786706	9.59646854768891	0.00494028402840929	0.016664379310765	223754	Tbc1d22a
22376	8.6	8.4	0.0446011052158312	0.397401236210304	0.0647073036188033	0.801387633895809	0.867984777844138	22376	Was
22377	200.4	175	0.193350369094506	4.30413747198022	13.6666125396201	0.00113947113596263	0.00506766639975501	22377	Wbp1
223770	1556.8	1587.6	-0.0272069593664282	5.98910334561768	0.673954365629583	0.419815572382021	0.552944622125909	223770	Brd1
223773	365.4	383	-0.0713960060466191	2.6441595353818	0.732794027904214	0.400507193140492	0.533578560858396	223773	Zbed4
223774	372	376	-0.015625777548719	3.64505824705655	0.079253773823404	0.780742034696585	0.85369780781232	223774	Alg12
223775	1246	1032.6	0.271013813024839	4.59405499725549	18.4641471164042	0.00027261361170794	0.00158885368694619	223775	Pim3
223776	403.4	448.4	-0.158058339627697	3.80856882792694	7.88341154151828	0.0097925001111596	0.0290494667996924	223776	Selenoo
22378	9260	9748.8	-0.0759172432749677	8.51130713027745	3.68929577031232	0.0677004513121529	0.135027228269057	22378	Wbp2
22379	565.4	722.2	-0.360798124572726	3.98748616326811	26.291425489399	3.07413198286535e-05	0.000265909656973883	22379	Fmnl3
22380	5237.8	5290.8	-0.0150886283541386	5.78268555553661	0.190982041068708	0.66603614626173	0.766105877611574	22380	Wbp4
22381	1264.6	1268.6	-0.00728524673993809	5.38261737151221	0.0204864967806347	0.887410075604337	0.928265022902593	22381	Tceal9
223827	215.4	201.2	0.0921409894136178	4.26138635592629	3.22176838874635	0.0853639203512259	0.162391432581814	223827	Gxylt1
223828	2026	1768.4	0.200517563289447	5.05453021504404	18.4130996605	0.000255392430457776	0.00150462077059698	223828	Pphln1
223838	183.2	209	-0.184467513475708	4.119509791246	11.5773467309785	0.00235976810564766	0.00906888811460549	223838	Adamts20
22384	17653.2	17666.6	-1.3181407415757e-05	8.42314750679356	2.18041886287982e-07	0.999631316214779	0.999738753184119	22384	Eif4h
223843	245.4	254.6	-0.0539770381443453	3.52713407334361	0.828983604745481	0.371687022454171	0.505443994971548	223843	Dbx2
22385	4521	4414.8	0.0355006722286986	7.48848106401475	1.24692028522923	0.27527735126458	0.401961595404521	22385	Baz1b
223864	1472.4	1052.2	0.485283135425669	5.16213256201774	96.9006767867105	7.19771483571097e-10	5.58029568101272e-08	223864	Rapgef3
223870	475.8	495.8	-0.0583721991455286	4.00303836948195	1.32615962749827	0.260915798716354	0.385966324290879	223870	Senp1
22388	8767	9109.8	-0.0558663078957281	7.32054858604149	2.87310626727824	0.103104083823964	0.188307610259234	22388	Wdr1
223881	1717.6	1710.4	0.0025969488470735	4.96948024750439	0.00244285559812022	0.960992440285104	0.975617752949156	223881	Rnd1
22390	924.2	799.8	0.208033182032202	4.82705538972142	19.8241087673687	0.000169665520163533	0.00107370640474768	22390	Wee1
223915	29	24	0.238998190413381	0.361161771741209	2.15181583410663	0.155478741898404	0.260012696447938	223915	Krt73
223918	6163.8	6196.4	-0.00817841235623436	7.36326134852651	0.0700163263375091	0.793588788355746	0.862191439674827	223918	Spryd3
223921	363.8	443.4	-0.2954769997124	3.8897620561695	24.3198965204603	5.04075560042571e-05	0.000392137144502439	223921	Aaas
223922	38	37.2	0.0404263169671338	3.14855272384623	0.287984047151119	0.596491564888421	0.708419222146317	223922	Atf7
22393	1831.2	1633	0.167370354341703	6.98434395474708	4.49258659057126	0.0540154987952193	0.113727606640364	22393	Wfs1
223978	1669.4	1911.2	-0.194967360738663	5.57442472429361	27.8601277738721	2.10439223174645e-05	0.000194109032020824	223978	Cpped1
223989	9905.4	8896.4	0.157630515762835	7.50937025216615	21.3357806767236	0.000111197331895469	0.000753161309848695	223989	Marf1
224008	440	343.4	0.356248852793957	1.39150770312712	8.24308674296889	0.00844929081486835	0.025764989332934	224008	Spidr
22401	7437	6716.2	0.147998311959618	6.91286754952117	26.9805182426012	2.59871726982501e-05	0.000230723952199328	22401	Zmat3
224014	41.4	37.2	0.122902168916979	2.29794687331325	1.43374351822144	0.242932923973391	0.365613544680487	224014	Fgd4
224019	1645.2	1852.4	-0.170447425418565	6.39890800717676	18.6228537871044	0.000240103494008607	0.00142775159292429	224019	Tmem191c
22402	221.8	132.8	0.735041737448994	2.96397471444233	49.50931877453	5.38641652822158e-07	9.83021016400439e-06	22402	Wisp1
224020	20086.8	20005.8	0.00513888340575146	9.05078542417868	0.0317559688304428	0.860070930416545	0.90899862739403	224020	Pi4ka
224022	7145.4	5874.2	0.286340707485694	6.42684008785691	27.9638157914826	4.37577338525789e-05	0.00035176545333992	224022	Slc7a4
224023	4489	4503	-0.00403322819508579	6.53844123676268	0.0203435472448866	0.887781188456776	0.928575822994011	224023	Klhl22
224024	16.4	18	-0.142457566912915	1.61047859021018	1.05601312798772	0.314447301729808	0.444631314733188	224024	Scarf2
22404	741	770.4	-0.0583606538401406	5.75206902358241	2.53188872223519	0.124749905037427	0.218561833625572	22404	Wiz
224045	3058.6	3038	0.00952952377115967	5.88962043344804	0.0789411742978938	0.781163143408924	0.853810456292463	224045	Eif2b5
224079	337	353	-0.0640772320442448	3.40516644188272	0.61455108721521	0.440833894852899	0.572125912443855	224079	Atp13a4
22408	7.4	9.4	-0.366733998928036	0.193736328703562	3.77299715122036	0.0639976841587658	0.129451849900065	22408	Wnt1
224088	1409.4	1359	0.0524500807417754	6.14995716382846	2.08565440997781	0.161711982637926	0.267833734049339	224088	Atp13a3
22409	321.4	283.4	0.180515056589522	3.31152382741565	6.20903334628177	0.0200743843601024	0.051430529522761	22409	Wnt10a
224090	3538.8	3929.2	-0.149440120809777	6.57999136149049	13.6616801795843	0.00114136762732781	0.00507374985142091	224090	Tmem44
224092	520	513.8	0.0168604176523473	3.97255528963966	0.102692744762867	0.751415712569857	0.832449046484611	224092	Lsg1
224093	843.6	829.8	0.0314919288749608	3.64505203415379	0.187720308893648	0.668718397209618	0.767846815480443	224093	Fam43a
22410	90	140.4	-0.605906661103736	0.603289375362349	6.04429660584468	0.0241551390044694	0.0598454540916353	22410	Wnt10b
224105	2007.2	1960.2	0.0329850565070497	5.64455955048367	0.700994877063682	0.410770171581791	0.543582724179658	224105	Pak2
224109	647.8	466.4	0.473193523406828	3.07805970834017	29.2202585903259	1.52975467019291e-05	0.000150211100563644	224109	Nrros
224111	3084	2774	0.153915821906122	5.48425215977389	14.5221347837207	0.000857129210045095	0.00403943449689984	224111	Ubxn7
224129	1692	1562.4	0.119318555101792	7.33610574932689	1.79697551453946	0.20481138115119	0.320383517657932	224129	Adcy5
22413	161.6	103.4	0.670230008025512	2.03002251143631	43.8835525461521	7.77609117132328e-07	1.33486486686825e-05	22413	Wnt2
224132	2842.4	2663.8	0.0946486352801588	6.16544065741905	7.8783691950388	0.00981292811656467	0.0291005463678346	224132	Dirc2
224139	1146.4	1229.8	-0.100477913016078	7.45143313623795	2.46701917847943	0.137368199207187	0.236258918531732	224139	Golgb1
22414	151.2	157	-0.053513007654385	2.47172724711892	0.443460884274249	0.518725302860677	0.641757727257402	22414	Wnt2b
224143	2589.2	2367.8	0.129571151576455	5.32227582748983	12.1296735135143	0.00193736769556783	0.00776128399992721	224143	Poglut1
22415	106.8	101.2	0.0810758620217114	0.779470443999722	0.193129168080036	0.664359932392338	0.764664633126203	22415	Wnt3
22417	880.8	799.4	0.146670697883573	4.79164272787709	4.52509070658338	0.0462240444128111	0.100378957022652	22417	Wnt4
224170	2431.4	2475.6	-0.0256194666374424	6.23480479168081	0.551358120594901	0.46502217334048	0.594396046468279	224170	Dzip3
224171	40.6	43.6	-0.100739534649902	1.92407551757564	1.10947230048784	0.302762942502065	0.431997588442729	224171	C330027C09Rik
22418	337	345.4	-0.0272879810737205	2.77197031852013	0.11646871796565	0.735888114929447	0.821036419389442	22418	Wnt5a
22419	43.2	42.6	0.0322244938973097	0.725256639739089	0.0390139630537401	0.845096559733233	0.898361820576903	22419	Wnt5b
22420	104.6	112.2	-0.0777592137457744	0.137196849264094	0.158137818378858	0.694417572636055	0.789329316992886	22420	Wnt6
22421	224.2	257.6	-0.202268887341191	3.03390702290042	7.72932199963189	0.0104384715245549	0.0305235013991335	22421	Wnt7a
22422	2282.6	2451	-0.106127623854724	5.57491220572707	4.25440689523199	0.0507951613806385	0.108352016321687	22422	Wnt7b
224224	39.8	17.4	1.15916151029507	0.739988856605681	62.9675103295789	3.83922840712394e-08	1.21177493368844e-06	224224	Impg2
224250	2778.8	2840	-0.0330442308734686	6.123500023863	0.608381181774519	0.443078579191819	0.574218397170138	224250	Cldnd1
22427	198	241	-0.289920344090929	3.43746110898923	23.1365282618977	6.85409481673872e-05	0.000504168379038888	22427	Wrn
224273	44.4	39.8	0.161737522022337	2.82150671319972	3.04453882917984	0.0938976064217427	0.174671300285697	NA	NA
22428	1047.4	1134.4	-0.11660007437914	5.84649588697348	10.6301029451022	0.00333833316891122	0.0120963318183612	22428	Dctn6
22433	4038	3001.8	0.432309064690897	5.9991597822181	45.4342764784091	3.95571548055393e-06	4.98565568509319e-05	22433	Xbp1
224344	630.6	1032.4	-0.721295803351745	2.87580674585522	62.1851650976716	4.2831339299327e-08	1.31720037921803e-06	224344	Rbm11
22436	4051.6	1169.8	1.76642438191969	3.4418043035245	150.188002423791	6.81279959914209e-09	3.05814302503105e-07	22436	Xdh
22439	719.8	683	0.0761646911020901	4.58207392351492	2.64981067547083	0.116716706893826	0.206819085625029	22439	Xk
224405	70	105.8	-0.607142205848308	0.732481826386553	16.6905789200064	0.00042959756734641	0.00231765383622405	224405	Cyyr1
224432	729.2	729.8	-0.00136383827518954	5.6219845793646	0.00107496838904184	0.974117819121844	0.984195369606259	224432	Scaf4
224440	386.2	390.8	-0.0171229234534344	3.24274206967584	0.0500954615128594	0.82480547395209	0.884336348972889	224440	Setd4
224454	1861.4	1374.8	0.439630093339344	5.52372886399407	82.6934066678155	3.41318520779127e-09	1.78101729218105e-07	224454	Zdhhc14
224481	78.4	90.4	-0.199121319861081	2.34455021635048	5.22842001468692	0.0314106657429338	0.0738467408341518	224481	Tfb1m
224523	93	121.2	-0.39513964477274	1.97595335618478	17.2134445741495	0.000365933920716791	0.00203823078614277	NA	NA
224530	72.4	92	-0.341461519158293	1.77512565427778	6.92418277233283	0.0146764316836641	0.040115949991619	224530	Acat3
224585	935.4	923.6	0.016522954193367	2.7447850908714	0.0300862016496286	0.8637601234109	0.911697737971458	224585	Zfp160
224598	278.6	278.8	0.00105198440898504	1.14708635181175	4.83879038978243e-05	0.994507768379643	0.99588577554104	224598	Zfp758
224613	7423.6	7691.8	-0.0508494123624874	7.66493512076647	1.93904787114708	0.176633408358439	0.285641002955122	224613	Flywch1
224617	3111.2	3215.2	-0.0486980396928498	6.63500947269245	1.68686372856313	0.206445761004026	0.322173075961152	224617	Tbc1d24
224619	1420	1429.8	-0.0118839890257609	5.83463737030216	0.129380265882566	0.722244323599094	0.810380333279096	224619	Traf7
224624	2121.8	1891.8	0.165815877044275	5.38723559808955	15.6171308521671	0.000601526665219496	0.00302626746226335	224624	Rab40c
224630	549.6	631.4	-0.203867604724775	3.95792365700835	13.114893144049	0.00137458642394994	0.00588340899371409	224630	Bnip1
224640	563.6	600.8	-0.0935559938366077	4.82693845111133	4.75924328097014	0.0392436171873542	0.0883256373133008	224640	Lemd2
224647	12200	11375.4	0.101980171284325	8.39616121494278	11.6441189803506	0.00230372470601357	0.00891036577487827	224647	D17Wsu92e
224648	1053.8	1078.2	-0.0282252317735771	5.09393689189678	0.312876876466179	0.581141115229912	0.695389864630025	224648	Uhrf1bp1
224650	910.8	859.6	0.0840333722158037	5.17138326317031	3.54833722648156	0.0718677749757027	0.141774083120126	224650	Anks1
224656	1807.8	1706.8	0.0822930070558352	6.81842740472386	6.34780401974959	0.0188750903257306	0.0488313147607141	224656	Zfp523
224661	370.8	530	-0.514737893711911	2.70916193273835	40.5022314565854	1.45005312079206e-06	2.18950764404162e-05	224661	Slc26a8
224671	7760.8	5686.4	0.449379548470391	6.59511308665937	142.83282524753	1.50049547272189e-11	3.09830879467461e-09	224671	Btbd9
224674	168.4	245.2	-0.552417577004459	2.94895634588297	52.0717867781487	1.94589222070553e-07	4.38781999345986e-06	224674	Slc37a1
224691	623.6	599.2	0.0661333408946317	2.09584767036589	0.607091195451838	0.443556437148247	0.574631598327576	224691	Zfp472
224694	421	532.6	-0.334972400257432	3.33428376989268	35.300389343153	4.05361234079818e-06	5.07720214678482e-05	224694	Zfp81
224697	758	732.8	0.0495678417643176	5.17801970599388	1.62048785845309	0.215306208117046	0.332695737879387	224697	Adamts10
224703	1645.4	1629.4	0.0135113052105897	5.55207826855107	0.0905713134736519	0.766062974815795	0.843311061537509	224703	March2
224705	4441	4415	0.00869030143448743	6.491630443347	0.0716387350154339	0.791269156875962	0.860896077793387	224705	Vps52
224727	5933.8	5899.2	0.00779112026558384	7.58295444580312	0.0754249852490759	0.785963346824331	0.857123450656322	224727	Bag6
224742	3161.6	2882.2	0.132578744939142	6.8046057813725	11.3995068812161	0.00251643546280976	0.00955412613066779	224742	Abcf1
224792	985.4	1037.2	-0.0681023199844821	5.48493196838507	1.44466915440868	0.242831692739554	0.36549924886572	224792	Adgrf5
224794	1353.4	1284.2	0.0759336623381453	4.56364411442913	2.15569694724135	0.155122140587587	0.259536453299338	224794	Enpp4
224796	296.6	239.8	0.313444212983195	3.33419929482149	18.1175134321534	0.000278763947080037	0.00161752472544956	224796	Clic5
224805	688.6	667	0.0448207161803501	5.27452993258774	1.26714493077172	0.271515504613739	0.397899736762342	224805	Aars2
224807	4400.8	4669	-0.0854868981717963	7.29642947814438	7.84346043287354	0.00995564687540762	0.029439222573065	224807	Tmem63b
224813	1038.6	1032.8	0.0123404131983613	4.79104099234759	0.0820641609881933	0.776995824564951	0.851197335778521	224813	Lrrc73
224814	174.8	163.6	0.0940582198057003	3.93483191896271	2.68908345971924	0.11417713149115	0.203560245621486	224814	Abcc10
224823	217	190.8	0.183848068388673	3.51025145566269	7.88590572231303	0.00978241277056929	0.0290338797096116	224823	Rrp36
224824	2140	1779	0.268303794224511	5.70416731950966	43.0233252613949	9.08375146256855e-07	1.50569430779777e-05	224824	Pex6
224826	4330	3903.6	0.149558257608469	6.74995444260056	21.1172007501498	0.000118090110795707	0.000792053114357842	224826	Ubr2
224829	405.4	379	0.0935197487564855	5.49026175434562	5.82460846013792	0.0238620964591418	0.0592514588937357	NA	NA
224836	611.6	631	-0.046612536645215	4.5642388631522	0.739538323270268	0.398380229848206	0.531590458108011	224836	Usp49
224860	3919.4	3806.2	0.0394525791719704	6.59889959490688	0.492612779520696	0.491906734141849	0.61777912375413	224860	Plcl2
224897	4768.6	4177.6	0.193189676081747	6.66359810931329	32.4143974830394	7.47284952795121e-06	8.38606887243842e-05	224897	Dpp9
224902	1630.8	1558	0.0669038005565125	6.62963558910922	3.74785458676765	0.0648277926116408	0.130686320001207	224902	Safb2
224903	2381.8	2390.8	-0.0063661959955134	7.14051538453486	0.0402414805210849	0.842711842898351	0.896874129928318	224903	Safb
224904	972.8	1041.6	-0.0969088212106533	4.87803232142273	4.63193349932818	0.0417309624459023	0.0925741676668323	224904	2410015M20Rik
224907	909.6	909.6	0.00070541928019788	6.22729177444101	0.000389929803883715	0.984409936047148	0.99030214474008	224907	Dus3l
224938	22526.8	22323.6	0.0123575762802797	9.53823074124917	0.185615102830256	0.670464399885391	0.769484868663129	224938	Pja2
224997	21957.6	24492.8	-0.158362223381101	9.36750592948965	29.073761801197	1.58255683165442e-05	0.000154660422209148	224997	Dlgap1
225010	2293.6	2373.6	-0.0479090893402051	5.76307566724939	2.0071569084758	0.169502751635088	0.276679025650318	225010	Lclat1
225020	2181.4	2225.4	-0.0287470663590182	5.24836428448888	0.493211975348361	0.489303370977547	0.615743253885405	225020	Fez2
225027	5552.2	4646.4	0.259071113779165	6.65583701075236	28.9766953781739	2.55334295617226e-05	0.000226974287137231	225027	Srsf7
225028	5687.4	4865.2	0.22475172003873	6.73629638792334	64.605873120415	3.06289492767485e-08	1.01505492873782e-06	225028	Map4k3
225030	0	0	0.0315901237452022	0.630177427025303	0.0161129425396415	0.900232076581807	0.936988149702127	225030	Kcng3
225049	538.2	556	-0.0483505064883323	3.72720194938651	0.53315075889711	0.472404718702118	0.600856899341818	225049	Ttc7
225055	8772.4	8458.8	0.0531460283712282	7.37690427143537	3.15829201711087	0.0883132279765407	0.166751064294307	225055	Fbxo11
225115	427	326.4	0.390839025302302	3.62332361771323	48.8449584971728	3.2951140059925e-07	6.63336738755091e-06	225115	Svil
225131	4755.2	4596.4	0.0484960723615985	6.98211969670494	2.24877667812418	0.146856164736165	0.248554918629571	225131	Wac
225160	2221.6	2508.4	-0.1755068043954	5.28335498401206	17.6944902520825	0.000316355369601034	0.00179528877589845	225160	Thoc1
225164	194.4	167.2	0.185627401232169	4.4587072393507	4.0022835023189	0.0625232602800405	0.127247423836624	225164	Mib1
225182	207	231	-0.168823468182765	2.59472462299108	4.15360435030492	0.0527962521348604	0.111844793838088	225182	Rbbp8
225187	1793.6	1596	0.167620102916236	4.50447774329616	14.2588182695266	0.000934908256533911	0.00433670216301064	225187	Ankrd29
225207	58.4	70.6	-0.259733625412446	2.93516411966827	14.1240173638588	0.000977676860414076	0.00448756473179582	225207	Zfp521
225215	2033.2	1940.6	0.0728913631868876	4.06320216906711	1.5328189100241	0.227752048245869	0.347616484197021	225215	Rsl24d1
225266	179.4	197.8	-0.120308205290846	1.38766584532978	0.995792932894312	0.328358853962486	0.459670593237169	225266	Klhl14
225280	347.2	381.6	-0.136442507791524	3.80972675957482	4.96594465804248	0.0355512262586532	0.081603529354069	225280	Ino80c
225283	2898.6	2741.8	0.0783898990340391	6.27192527401423	4.92852355541413	0.0361897996336173	0.0827277184729248	225283	Rprd1a
225288	4097.8	4614.4	-0.172836250633519	6.95126463160453	20.6399700004738	0.000134809195165651	0.000884490289116805	225288	Fhod3
225289	573.6	628.4	-0.137519717697952	4.05915169051203	6.09503475748165	0.0211229441335515	0.0535928549757354	225289	AW554918
225326	3101.4	3089.2	0.00332511619098974	5.7809718986697	0.00788170215276592	0.92999967767331	0.956400949205978	225326	Pik3c3
225339	1897	1883.8	0.0135759458115643	5.45861092312074	0.097515689656238	0.757548350762225	0.836972843087047	225339	Ammecr1l
225341	153	118.4	0.364244418401403	3.47038260170833	32.7646187143827	6.92630507383495e-06	7.88289870371736e-05	225341	Lims2
225348	2198.2	2063.4	0.0959022450424043	4.86387865795073	4.03499595013242	0.0560292492063848	0.117046615825633	225348	Wdr36
225358	4775	4175.8	0.195015258578305	6.1080424821125	28.0923621748328	1.99162775501674e-05	0.000186203024392057	225358	Fam13b
225362	3134.8	3327.4	-0.0860482396100691	7.1581495338307	7.81422779697494	0.0100769186358887	0.0296643140454449	225362	Reep2
225363	3724.2	3545.6	0.0706523218704921	6.52983584774521	4.58672054950328	0.0426565287378058	0.0942604290439146	225363	Etf1
225372	1514.4	1660.2	-0.131936740382826	5.3218534193507	10.0154815320442	0.00420708169667579	0.0146492794130937	225372	Sra1
225392	2685	2791.8	-0.0580699133652134	5.21367027893997	1.46091795343831	0.238644184820665	0.360620457575463	225392	Rell2
225432	1573.4	1455.2	0.113842996526295	5.44411710187611	7.96270078626726	0.00947735525127349	0.0282794576387091	225432	Rbm27
225467	52.2	44	0.240944432288129	2.51309119440204	9.97447991691068	0.00427327821170733	0.0148440190511939	225467	Pggt1b
225523	1787.2	1754.4	0.0257188211594516	5.87711763062846	0.60714428431367	0.443536754905868	0.574631598327576	225523	Cep120
225583	1521	2030.8	-0.419165849385424	4.73050425635543	55.1157054475505	1.20860501577187e-07	3.00674301169821e-06	225583	A730017C20Rik
225608	7.2	7.4	-0.0427945876273595	1.04574903951269	0.109047803250516	0.744117138809209	0.826737736813737	225608	Sh3tc2
225631	23.8	19.4	0.247136556075574	1.9003717945757	3.55428519145137	0.0720686577300127	0.142069297976574	225631	Onecut2
225642	97.6	79	0.310617979196676	2.7135090573874	7.64421630530097	0.0116536643026385	0.0333218721721734	225642	Grp
225651	549.4	582.6	-0.0922890430957742	3.44134661174158	1.95717062804512	0.174701045401062	0.283213202134023	225651	Mppe1
225655	1154.4	1155	-0.00150572127944567	4.80673497158263	0.001102149339358	0.973792765547829	0.984055261545047	225655	Prelid3a
225659	322.6	291.4	0.151853448526226	2.72420981982342	3.34687985838395	0.0798762577989062	0.154143048094178	225659	Cep76
225724	6830.6	5968.2	0.194911348070904	6.5895540121356	30.1995521125034	1.22233280901469e-05	0.000125569285156349	225724	Mapk4
225742	1547	1351.2	0.195047783022774	5.97419528978807	10.8240074794611	0.00407470440588386	0.014277764238217	225742	St8sia5
225743	3878	3031.8	0.361335342854622	6.17211700988569	21.9846925511329	0.000361041324825848	0.00201641858927079	225743	Rnf165
225745	481.8	623.8	-0.376581072211066	2.57245660520169	17.3709084795536	0.000348832109142895	0.00195502881176867	225745	Haus1
225791	1177	1366.8	-0.216132365487746	4.97825281099442	29.9230851108374	1.30168808843835e-05	0.000132364704051025	225791	Zadh2
225845	321.6	379	-0.237124606289819	3.80500103058949	18.7472515657474	0.000231508545896023	0.0013875982222661	225845	Pla2g16
225849	3356	3651.6	-0.123266590320053	7.00686756439956	13.4941157001582	0.00120788636260999	0.00531955803935553	225849	Ppp2r5b
225861	2715.6	2925.6	-0.107005261588646	6.43815522804762	11.0952102662574	0.0028115354867772	0.0104682982807516	225861	Snx32
225870	2485.4	1520.8	0.708847831587468	6.53256967166889	323.000776389281	2.33495217504207e-15	6.74987974761161e-12	225870	Rin1
225872	260.4	186.6	0.455817888271749	4.48276601369204	3.64128800567193	0.0822862121169643	0.157824430724337	225872	Npas4
225875	491.8	491.6	0.000208859378707119	5.19522760341793	3.12654355094996e-05	0.995585170131548	0.996596630006368	225875	Lrfn4
225876	3649.4	3344.6	0.125303922011523	6.98541684129298	14.7760531061154	0.000788763453894408	0.00377634546624371	225876	Kdm2a
225887	1638.8	1663	-0.0235048802944919	5.76838948037445	0.475330018434932	0.497206114004086	0.622379593991085	225887	Ndufs8
225888	1534.2	1426.6	0.107252094733708	5.97811592184728	8.00438364532424	0.0093161708880914	0.0278733044952335	225888	Kmt5b
22589	2409.6	2414.8	-0.00320969575010049	7.43744577606334	0.00639543427572557	0.936942579360357	0.960767803940027	22589	Atrx
225895	127	131.8	-0.0615744392845327	2.71507475978254	0.616870901292149	0.439953996097373	0.571448551020503	225895	Taf6l
225896	603.4	691.4	-0.200642922109449	5.77788112796152	18.0817252675055	0.000288898943509554	0.00166563435559916	225896	Ubxn1
225898	159	190.6	-0.259581242690737	3.40348290021685	10.5458521703161	0.00344484806518312	0.0124355229605786	225898	Eml3
22590	77.4	91.6	-0.252697773852823	2.62833634098611	12.6521165919166	0.0016128590723478	0.00671242874509505	22590	Xpa
225908	351	325.8	0.102252859162087	5.15714726421402	1.09437572564893	0.314064512591621	0.444263893619034	225908	Myrf
22591	474	510	-0.108199576505593	4.63731844283901	5.28065740218648	0.0306525656888913	0.0724533416953778	22591	Xpc
225912	723.8	852.2	-0.228122861039923	3.54979402990399	11.1997091311801	0.00270613506706803	0.0101411657400574	225912	Cyb561a3
225913	497.8	569.8	-0.193736792597684	3.46893539072722	5.54120895966845	0.027290505700742	0.0659847723985488	225913	Tkfc
22592	968.4	867	0.161444132794395	4.58709662251907	10.980977832766	0.00293191485756587	0.0108383369184801	22592	Ercc5
225929	743.4	694	0.0954341952670093	4.88625602886635	3.53121916544712	0.0725113507629789	0.142731725987757	225929	Patl1
22594	816.2	840.8	-0.0431321306223764	4.88607112122438	1.00209831379941	0.326863023200693	0.458242302361088	22594	Xrcc1
22596	1089.8	1166.2	-0.0988570025088168	4.06226833986131	3.52316651178216	0.0728163759280934	0.143113023108151	22596	Xrcc5
225994	51.8	64.8	-0.335215956768241	1.94257843994078	7.41033863561544	0.0119301822109949	0.0339714053738614	225994	Nmrk1
225995	3583.6	3196.6	0.166775736152934	4.60835970882182	9.52757885574746	0.00507371937917875	0.0169836822386868	225995	D030056L22Rik
225997	131.2	153.4	-0.223679775450589	0.561378827965544	1.42951063497587	0.243609805303062	0.366327104229136	225997	Trpm6
225998	4216.2	5285	-0.322828997737419	5.79625417721328	62.7691743468268	3.94683487751208e-08	1.22682906063569e-06	225998	Rorb
22601	1109.2	1342.4	-0.267641238184227	4.76326027695852	14.9117373363881	0.00096484904605207	0.00443713907465371	22601	Yap1
226016	1354.8	1239.6	0.131122231384998	4.71046949003755	3.61017771607498	0.0718679055639382	0.141774083120126	226016	Abhd17b
226025	14	13.8	0.0126798430168708	3.89227032685161	0.0270225169019135	0.870859768005106	0.916380830427038	226025	Trpm3
226026	658	673.4	-0.0325751451444419	5.07233787975851	0.599320773196294	0.446452353775411	0.577399992973318	226026	Smc5
226040	11.4	2.4	1.68566314378991	0.306786025294931	53.3644336931256	2.31186235562236e-07	5.04006915356948e-06	226040	Tmem252
226041	83.6	102.4	-0.309013996802628	2.36140596987093	11.8285898536892	0.00215631285913303	0.00843619390811398	226041	Pgm5
226043	597.8	585	0.0338051286408608	3.49327621942916	0.283976024946322	0.599043082287181	0.710592426046689	226043	Cbwd1
226049	34.4	26.4	0.339202812484863	1.38236114156391	1.8946038129596	0.189402333595988	0.301766019598369	226049	Dmrt2
226075	50.8	50.2	0.0408715295513817	1.10778043270387	0.09195427624943	0.764339475221582	0.842247676667893	226075	Glis3
22608	692.8	657.8	0.0728835040041736	6.08437229531093	4.33495565396988	0.0482522669501463	0.103940129135233	22608	Ybx1
226089	904.8	836.4	0.113234432470414	5.67123580439537	9.89493891309762	0.00440497342895229	0.0151992088665735	226089	Ric1
226090	1932	2062.4	-0.0944644862806884	5.69686523591926	5.37055781953714	0.0293952039494568	0.0700194920707727	226090	Ermp1
226098	557.6	489	0.189331285326642	3.86569225661615	9.26146167660997	0.00562755190109922	0.0184236999271774	226098	Hectd2
226101	59	63.8	-0.127718692806729	2.52900913684475	1.64700258260892	0.211710960070246	0.328872941002467	226101	Myof
226115	10.6	28.4	-1.36093897840609	3.26068620908779	263.051825763566	2.25484311320513e-14	2.50703864294361e-11	226115	Opalin
22612	341.2	376	-0.146615696514074	3.61377156304737	3.80355164507953	0.0630051146548284	0.127903922362485	22612	Yes1
226122	287.8	297.6	-0.053300468055512	2.87553159646651	0.515028125308511	0.479948696564421	0.607511906484118	226122	Ubtd1
226123	1221.4	1276	-0.0631631692172948	5.92423518262058	3.7081981775444	0.0661621112310735	0.132719971583163	226123	Morn4
226139	1462.4	1455.2	0.00588985007748212	4.73278994855954	0.0186410536404822	0.892547742232888	0.931808238803479	226139	Cox15
226144	1516.2	1560.2	-0.0395998031327008	4.9113263730265	0.686416211489989	0.415609407428111	0.548454156392396	226144	Erlin1
226151	2332.2	2158	0.115084694785438	6.15403464818995	8.99493017838646	0.00624941791886517	0.0200748324603884	226151	Slf2
226153	325.4	294	0.152843323699022	3.96605590311616	6.94954252061734	0.0145170682119873	0.0397966626874327	226153	Twnk
226154	592.8	558.2	0.0868582258035127	5.2317378030795	2.74361927035021	0.110960067353029	0.199182415986176	226154	Lzts2
226162	1609.6	1613	-0.00482403854678023	5.15449454088971	0.0168808585426047	0.897715470651383	0.935519062758109	226162	Gm17018
226169	550.6	543.4	0.0180422426081325	4.9989928982061	0.188546445899433	0.66803641455602	0.767307560075709	226169	Pprc1
226178	1552.4	1325	0.232289714648094	5.31930516532927	31.1692452901303	9.82923463581975e-06	0.000104081873572263	226178	Wbp1l
226180	8156.8	6465.8	0.334437232345036	7.13378790439129	46.3752438467553	1.47852605894652e-06	2.2237893502615e-05	226180	Ina
226182	685.2	609.6	0.164349341281359	2.84287216323356	2.7996553428348	0.107561094846842	0.194672403264584	226182	Taf5
22619	3260.2	2911.8	0.169000233984672	4.95217794888442	9.51222851728937	0.00511235880376052	0.0170813763637436	22619	Siae
226245	26.4	33.6	-0.345949717387995	0.285877397101292	4.12363216420659	0.0535928383672615	0.113101311981369	226245	Plekhs1
22625	28.8	20.4	0.487967826082284	2.37156388612511	13.1111870837516	0.00174692292937499	0.00716312738189676	22625	Map3k19
226250	261.2	259	0.0120334469388486	3.52094450614324	0.042285647544458	0.838823244452789	0.893805012372591	226250	Afap1l2
226251	10243.6	9882.2	0.0511000285402439	7.68209717134387	2.37907572003011	0.136149887073388	0.234582673892577	226251	Ablim1
226252	1980.2	1961	0.0136020712055527	5.65730725821363	0.166577512892045	0.686816500660179	0.78301055664759	226252	Fam160b1
226255	7888.6	7586	0.0562269114468993	7.60091920841659	3.27476140609215	0.0829882821584103	0.158833769904351	226255	Atrnl1
226265	253.4	285.4	-0.168017418078057	1.45398850032634	2.34030048206838	0.139235949305856	0.238817658866363	226265	Eno4
22627	29122.8	29554.4	-0.0216641781159264	9.30690376120919	0.493371384703503	0.489233893712414	0.615743253885405	22627	Ywhae
22628	69829.4	69329	0.0102825317789372	9.5441359002707	0.167579346486322	0.685929306842593	0.782388115617333	22628	Ywhag
22629	36968	35911.2	0.0421016872400982	8.51317627081226	0.708495736635584	0.41135343457839	0.544003202787384	22629	Ywhah
22630	7130.6	6975.2	0.0315916237386684	6.78329768372949	0.782863918318455	0.385109700794014	0.518332769836734	22630	Ywhaq
226304	4.2	9.2	-1.02247808644349	0.384448299196373	26.6254598102091	2.83284145782703e-05	0.000247856479609152	226304	Npbwr1
22631	19274.4	19818.6	-0.0427745475090034	8.70176637906827	1.2828015382168	0.269019220883873	0.395323690387912	22631	Ywhaz
22632	1191	1071.4	0.155253895132585	5.25300372048241	14.4036176884082	0.000891227487954144	0.00416886799705152	22632	Yy1
22634	350.8	334.4	0.0633692740535041	4.76431802224962	0.967843366469307	0.336285830424024	0.468092776670729	22634	Plagl1
226351	855.6	759.4	0.179077809345222	3.59735393630815	6.35819978074137	0.018788496339291	0.0486508287510053	226351	Tmem185b
226352	134.8	187.4	-0.473371833809733	3.19437392878033	37.5880764177162	2.55080453336255e-06	3.4881105700305e-05	226352	Epb41l5
22637	9	7.2	0.296145414666853	0.895338927250447	4.29150365662259	0.0492993973821908	0.105770148398721	22637	Zap70
22640	290.6	281.6	0.0533681149563528	2.70081083988542	0.390050388519474	0.538208617084002	0.659148224990016	22640	Zfp1
226407	4837.8	4775	0.0189338612992855	6.89117025496363	0.256404159406551	0.617255497415396	0.726354388963782	226407	Rab3gap1
226409	423.2	499.6	-0.244162203965575	3.42076440397799	14.8699319662486	0.000765011432638534	0.0036735798163978	226409	Zranb3
226412	16486.4	18375.4	-0.157583420855815	9.08390727702223	29.3369576180695	1.48906092087509e-05	0.000147417031166634	226412	R3hdm1
226413	170.4	180	-0.0824362645578097	2.09731238070648	0.563028993368407	0.46038937587912	0.590196721858697	226413	Lct
226414	1803.6	1848	-0.0361422624240597	5.59781428063907	1.28374494839014	0.268478030855496	0.394729067031364	226414	Dars
226418	184.4	189.4	-0.0287158855882622	2.51745417999926	0.10973454780662	0.74334274057913	0.826419196394949	226418	Yod1
226419	743.4	514.4	0.537113095329534	3.55712424348055	50.9121115858852	2.3450994156447e-07	5.08949954260187e-06	226419	Dyrk3
22642	854.2	794.4	0.103682156520422	5.31959732969829	6.96767138679026	0.0144043161797665	0.0395216374453959	22642	Zbtb17
226421	0	0	-0.574941580548803	0.499833006359343	14.2839787711821	0.00092715369877312	0.00431180166089661	226421	Rab7b
226422	44.8	44	0.0103037258777698	1.55353978851421	0.00869581024751637	0.942192271936912	0.963689381428755	226422	Rab29
22643	677	595.8	0.186537272725487	2.78608417779466	4.15957595601076	0.0526391451479668	0.111610122336616	22643	Zfp101
226432	12137	12636.4	-0.0588080034592912	7.93315217712797	4.61276954655337	0.0421204900175193	0.0932657871933425	226432	Ipo9
226438	2973.2	5810.8	-0.9544585116003	5.8287484564577	64.7645214069341	4.29763186138425e-06	5.31928585458057e-05	226438	Igfn1
22644	4677.8	4223.8	0.147955527915164	5.63416688449295	18.8056126262182	0.000227592071978627	0.00136905788157207	22644	Rnf103
226442	1473.2	1464	0.00659664077873019	5.53370897696032	0.0214387740341438	0.884821882126371	0.926553320600924	226442	Zfp281
22646	205.4	244.6	-0.259491795737733	1.18297318330746	3.4832741377323	0.0743492465240114	0.145551055515433	22646	Zfp105
226470	536.4	464	0.205203247847756	4.33921665285634	8.7199861991261	0.00738951378165405	0.0230438041424008	226470	Zbtb41
22648	396	388.2	0.0171033171493191	2.33336323908339	0.0186187671919198	0.892738705523417	0.931940289588002	22648	Zfp11
226499	3260	3367.8	-0.0446574051669713	5.9746735278573	1.78348675536187	0.194341719883292	0.307803552398982	226499	BC003331
226517	4795.8	4183.4	0.196137073731269	7.19265831924488	28.4737884610547	1.82040219711664e-05	0.000172791150292631	226517	Smg7
226518	9564.6	9392.6	0.0253769217852762	7.51211864890158	0.634119845078254	0.433712036307578	0.565884976781886	226518	Nmnat2
226519	890.8	840.6	0.0887006225827511	5.43999334807452	4.13774194226641	0.0532161556978438	0.112421267824705	226519	Lamc1
226525	2300.6	2257.2	0.0270185468435681	7.12847650086016	0.361830201689135	0.553773156948179	0.672122623502317	226525	Rasal2
226527	104.6	114.2	-0.142999938415966	1.69293929308341	1.779447052238	0.194829917486896	0.308407800608432	226527	BC026585
226539	1913.8	1982.6	-0.0541880564367379	4.27693549724661	0.951187147908119	0.339216953894122	0.471537012077864	226539	Dars2
22654	171	188.2	-0.143232336280276	3.92362458459609	6.75315928860757	0.0158030072048599	0.0425753338562991	22654	Zfp13
226541	617.8	632.4	-0.0365436216713636	4.48565109304539	0.599603943861942	0.446346290686315	0.577314477456823	226541	Klhl20
226548	557.6	579.8	-0.059350960724027	3.67237692426422	0.775157369389719	0.387421790434842	0.520911121762345	226548	Aph1a
226551	2121.6	2284.4	-0.107814841840962	5.25194062030093	8.78944854150691	0.00678036634513679	0.0213981255791719	226551	Suco
226562	1486	1471.4	0.0144634721294514	7.79240917513465	0.0231632095802913	0.881632496806262	0.924217878505782	226562	Prrc2c
22658	541.4	712.4	-0.397695477409932	5.3580338098517	89.0623132118861	1.61390389950419e-09	9.84277087064706e-08	22658	Pcgf2
226591	2720.4	2751	-0.0166743188746781	5.54304532869493	0.229620014519	0.636174945707223	0.741173618858248	226591	Tiprl
226594	124.8	106.6	0.229594807632986	2.46048957890883	4.71263268159471	0.0401344489578896	0.089952446152479	226594	Rcsd1
22661	2879.4	2773.6	0.0546502372750262	6.63275193984329	1.97893212622884	0.172414530817519	0.280040412230186	22661	Zfp148
226610	1450.2	1390.8	0.0618840110455874	5.49650920473659	2.26342197438174	0.14560402904457	0.246870084581312	226610	Fam78b
226641	5660	4657.2	0.280455982048673	7.07519592389155	57.5591815975874	8.35731450596788e-08	2.21645181411486e-06	226641	Atf6
226646	6198.8	6459.4	-0.0597888466847484	7.42687118713034	4.77219947316728	0.038999950215317	0.0879004023720868	226646	Ndufs2
226652	74.2	85.4	-0.20131644329034	2.09640680838816	4.83408830966146	0.0378591660448281	0.0857974891834344	226652	Arhgap30
22666	424.4	412.4	0.039464217234905	4.29846648406114	0.634145227545373	0.433702954041822	0.565884976781886	22666	Zbtb14
22668	3875.4	3540.4	0.128661541181949	7.2982411877062	15.6294054764513	0.00059918125190619	0.00301761875088923	22668	Sf1
22670	475.6	509	-0.0982992863762299	4.31205811542585	3.75122160195777	0.0647159200329808	0.130515405072793	22670	Trim26
22671	22297.4	20287.2	0.13818376086697	9.00533009744775	11.8744543112756	0.00235618274078478	0.00905992693144539	22671	Rnf112
22673	651.8	667.2	-0.00173822917474671	0.729124013797787	0.000113594548797346	0.991584997157359	0.994109372131593	22673	Zfp185
226744	1780.4	1643.4	0.116973025380008	5.87252744552544	11.4957751229112	0.00243026355139587	0.00928758329809547	226744	Cnst
226747	2531.4	2022	0.324297178397839	5.95667195062082	58.680399166926	7.08249777001646e-08	1.94675288790157e-06	226747	Ahctf1
226751	12197	11594.2	0.0734257144234369	8.59507734267742	6.98092847519906	0.0143224763569832	0.0393493771647664	226751	Cdc42bpa
226757	9175.6	8779.4	0.0632925486423487	7.16519228938521	5.11840889823653	0.0330766556440518	0.0770690270650625	226757	Wdr26
226777	2369.4	3431	-0.533325912007689	6.49757939005893	136.542323077847	4.96925710429688e-11	7.98062690950079e-09	226777	C130074G19Rik
226778	4453	4355	0.0324767016124697	7.11340722410965	1.14408320099182	0.295508992414471	0.423738787337179	226778	Mark1
22678	665	720.2	-0.119934431778171	3.41426972304504	2.32677887511227	0.140331595443816	0.240202335987973	22678	Zfp2
226781	569.6	706.8	-0.306543023971192	4.37327194480559	27.136876236033	2.50235469838434e-05	0.000223956934957608	226781	Slc30a10
226791	24.8	25.8	-0.0586898627870853	1.84596270909235	0.339661702317334	0.566752641519955	0.683439337219466	226791	Lyplal1
22680	2426.2	2217.4	0.128656397136668	6.97421618579828	14.9573199282368	0.000743600727362026	0.00359946581155081	22680	Zfp207
22682	12737.2	13566.4	-0.0906882960876586	7.24449647322466	5.10001215593034	0.0334711773223599	0.0778552296455407	22682	Zfand5
226823	3027.2	2782.4	0.122235876815549	6.66862147815736	14.756474506853	0.000793817561768473	0.00379175116913467	226823	Kctd3
226830	2200.6	2673.8	-0.279477828060284	5.64098774165744	38.7920400876799	2.01328776932119e-06	2.86982854218625e-05	226830	Smyd2
226841	38.2	40	-0.0574657230771155	1.66942846519111	0.240633636534553	0.628236618791958	0.734730325108743	226841	Vash2
226844	416.8	442	-0.0822580694629641	3.59285076112748	1.49717856179206	0.233070465063768	0.354014344475798	226844	Flvcr1
226849	3344.2	3034.6	0.140194899363926	5.75063137713415	13.5235718741308	0.00119589318133446	0.00527316657809895	226849	Ppp2r5a
22685	869.8	1040	-0.262830182205335	4.98443214211318	34.1617945088418	5.1404127326812e-06	6.16082302140747e-05	22685	Zfp239
226856	16323.4	15644	0.0612514104767853	8.55442323316476	4.95351963925822	0.0357618440877716	0.081982822275123	226856	Lpgat1
22687	2064.8	2124.8	-0.0408265595235177	5.33756577265458	0.9170610081856	0.34786575325381	0.480576255076613	22687	Zpr1
22688	109.8	106.6	0.0431535565408276	3.12213257612027	0.26358515408202	0.612396342334449	0.72251871129721	22688	Zfp26
22689	502.4	428	0.239816400963112	2.69838386131794	10.3026975264456	0.0037736846521463	0.013398388101725	22689	Zfp27
22690	159.8	238.8	-0.568645705604915	2.32810532042933	29.1440229163059	1.55698965517224e-05	0.000152367829897492	22690	Zfp28
22691	69.6	56.8	0.296722544135836	2.38525025913134	13.0080780189252	0.00142595726885725	0.00605131719438128	22691	Zscan2
226922	5012.4	5901.2	-0.237029728242236	7.19948704302127	61.7437353371007	4.55793145920731e-08	1.38695455392384e-06	226922	Kcnq5
22693	515.2	508.8	0.0159403001744595	2.7316693368397	0.0386990444994366	0.845714628524359	0.898622306894883	22693	Zfp30
22694	260.2	217	0.250849948990088	1.65661097906582	4.56066950265596	0.04320028740685	0.0952145401309255	22694	Zfp35
22695	14.6	11.4	0.349891594157704	1.46067072907412	6.54880390402544	0.0172763087683408	0.0456344603321634	22695	Zfp36
22696	240.6	230.8	0.0519378969288917	2.92379645049344	0.40050993772408	0.532854051969661	0.654646840205356	22696	Zfp37
22697	221.2	212.8	0.0603020953949347	3.84727043501337	1.00324063912536	0.326593035917938	0.457952633018809	22697	Zscan21
226970	6559	6151.2	0.0919319393607018	7.93242655787944	9.49661442089251	0.00513497844183924	0.0171411035561996	226970	Arhgef4
226971	18891.4	18598.8	0.023571978750193	7.95950789349353	0.725184558257137	0.402927559631947	0.535877341453825	226971	Plekhb2
226976	4083.2	3764.4	0.117882206452429	6.62978020288402	11.9928302846171	0.00203371163980916	0.0080822843117409	226976	Kansl3
226977	15425.2	15288.6	0.013138171743062	8.33459919886095	0.237645729145677	0.630367501200377	0.736447774195785	226977	Actr1b
22698	577.6	697.6	-0.270653397817794	2.83894077095331	13.191801602665	0.00133884985177582	0.00576115979683467	22698	Zfp39
226982	3386	3377.4	0.00151563190219298	6.58771878010335	0.00130841276071877	0.971447759859101	0.982390395368603	226982	Eif5b
226999	73	60	0.282056061786104	2.14005863630094	9.55238913333113	0.00502521350126716	0.0168721105568677	226999	Slc9a2
22700	474.4	641.4	-0.441933300582126	3.13332123035685	29.0745530307822	1.58226638803404e-05	0.000154660422209148	22700	Zfp40
22701	102.8	115	-0.150731247374448	2.34249169444985	2.6716647154049	0.115295448156891	0.205029577714039	22701	Zfp41
22704	884.2	1100.4	-0.315434295921923	5.69807857792265	35.5129685610712	5.83889819089987e-06	6.84472298874831e-05	22704	Zfp46
227058	88.4	104.4	-0.217933966534305	1.61626118322322	3.02752828202394	0.0947672818406862	0.17599464110565	227058	Dnah7b
227059	20554.6	18669.8	0.138483792179323	8.6894726530879	13.2645559047966	0.00136787869366286	0.00586338037906373	227059	Slc39a10
227094	645.8	784.6	-0.275710408636987	2.95312527346543	6.39776213892759	0.0196037261605743	0.0504515744191708	227094	Nemp2
227095	580.6	616.8	-0.0928012677494294	3.50369905439677	1.80714672248656	0.19151247053461	0.304458521747119	227095	Hibch
227099	205.8	246.8	-0.256687534449317	1.89838690786126	4.45126007751506	0.0455706634109976	0.0992882678538678	227099	Pms1
22710	334.2	318.2	0.0866883788830583	0.848177653784327	0.278052308783157	0.602857084010533	0.714003301564097	22710	Zfp52
227102	1202.4	1133.6	0.0847479500393324	3.17511781647435	1.445844269203	0.241011103636786	0.363440218254157	227102	Ormdl1
227120	1951.2	1556.6	0.327844583544039	5.10319642191429	75.8502951060411	7.22624666008274e-09	3.19413361543841e-07	227120	Plcl1
22715	566	561.8	0.0185904702428596	3.66099512325887	0.084002530564521	0.77445240718339	0.849453096661717	22715	Zfp57
227154	3700.2	3714.2	-0.00483782184894126	5.53650359102597	0.0165890510729527	0.898598260332909	0.935961609487056	227154	Stradb
227157	70.4	46.8	0.566921624860991	0.363372268770794	14.907030822934	0.000755840974865211	0.00364285610226801	227157	Mpp4
22717	458.4	487.8	-0.0863815092033104	2.17820967422969	0.79333139985181	0.382001708597061	0.515397432657698	22717	Zfp59
22718	985.8	996.6	-0.0185500139606667	4.52141662667398	0.159412773664472	0.693254376506047	0.788441164373153	22718	Zfp60
22719	244.2	250.6	-0.0457762388831532	3.16519653101029	0.438260323510548	0.514316495292823	0.638105632872315	22719	Zfp61
227195	828.4	735.4	0.17302551190533	5.28647810866513	14.8753953143774	0.000763653369858393	0.00367071692980818	227195	Ino80d
227197	4843	4970.6	-0.0389637444573355	6.97184973316399	1.29195770785327	0.266991674023751	0.392943453450697	227197	Ndufs1
22720	931.6	894.2	0.0555784970224999	4.20221968265714	0.787525136089876	0.383721120492671	0.517186224878875	22720	Zfp62
227210	963	1057.8	-0.131463239725643	3.6210224691137	3.27591983938673	0.0829372058631077	0.15877806272124	227210	Ccnyl1
22722	226	234.4	-0.0573313559278483	3.58038962550394	0.749484846644685	0.395274113058588	0.528323657309861	22722	Zfp64
22724	230.4	217.8	0.0844841329866067	3.84032927486085	2.18414278039564	0.152538228128968	0.256191906736708	22724	Zbtb7b
227290	3997.8	4016.2	-0.00635502710409765	6.98645435079537	0.038856612655751	0.845405054706661	0.898491519171329	227290	Aamp
227292	206.6	227.8	-0.135161640378497	3.99197847160761	3.96612317210652	0.0580091136864661	0.119951892592873	227292	Ctdsp1
227298	8302.2	8359.4	-0.0096740419176098	7.61171100590709	0.135171789282815	0.716374991653457	0.806111735071297	227298	Retreg2
227325	7709.6	7542.8	0.0313106533668268	7.0242731559476	0.994846563619316	0.328584178115899	0.45985241193718	227325	Dner
227326	90.4	76.2	0.277314460503944	1.03626604995989	4.085932268815	0.0546141712266475	0.114704044014816	227326	Gpr55
227331	3165.2	2978.4	0.0872420811586013	6.70330391606545	6.58129661531214	0.0170322204835044	0.0451381948787261	227331	Gigyf2
227333	6461.4	6272.2	0.0434576687480111	7.05814080274703	1.88966516865237	0.182032565244245	0.292403051989683	227333	Dgkd
227334	744.6	689.8	0.10916244838822	4.5179999037035	7.34635068641319	0.0122568786989072	0.0347034132642517	227334	Usp40
227357	130.8	252	-0.935939804392579	0.292237018612684	27.5840461777351	2.24754782331723e-05	0.000205348016676531	227357	Espnl
227358	93.8	175.6	-1.0158412020392	0.784125169704523	42.3586519926446	1.02574510756204e-06	1.65470086882832e-05	227358	Erfe
227377	540.6	393.4	0.455067318590855	2.95629342035599	28.6097172267285	1.76330224838281e-05	0.000168451888288996	227377	Farp2
227394	88.4	71.4	0.30274720609318	1.52436114988796	5.3971009280592	0.0290350460083707	0.06940177856871	227394	Slco4c1
227399	920.6	948	-0.0401793117300787	5.06865455818449	0.56901288263695	0.458071564562905	0.588216630614093	227399	Ppip5k2
227446	3958.4	3814.6	0.0544041663489275	6.17078882176709	2.25537839101998	0.146290151268553	0.247829095925418	227446	2310035C23Rik
227449	1656.2	1769.8	-0.0933398251535533	5.44670225784393	3.54076728316491	0.072199291788566	0.142194926217732	227449	Zcchc2
22746	216.6	205.6	0.0912053910456418	0.786305638899551	0.565562559797274	0.471838223859096	0.6004520060534	22746	Zfp85
227485	940.8	580	0.698522660309745	3.19824454745079	115.90074933329	1.24326144433217e-10	1.55684261528051e-08	227485	Cdh19
22750	1304.2	1283.2	0.0271612919393573	4.04499690006864	0.337905600567269	0.56650027546313	0.683317615083375	22750	Zfp9
22751	842.4	1004.6	-0.256081795697924	3.11692493217637	7.87190211837428	0.00997204898936194	0.0294753013181658	22751	Zfp90
227522	265	274.8	-0.0596126778149383	2.42086203210832	0.563487041591068	0.460209094438848	0.590122626953434	227522	Rpp38
227525	445	449.6	-0.0126071173044267	3.76007455404909	0.0455602075813955	0.832793341754382	0.889404090565822	227525	Dclre1c
227526	3	4.6	-0.486666634641571	0.0291281523680729	8.32717073303776	0.0081653823370832	0.0250259618957168	227526	Cdnf
22754	84.6	70.4	0.28095789899961	1.52315117207144	3.56468499755145	0.0717454716205063	0.141629206064299	22754	Zfp92
227541	10676.4	9910.6	0.107107364652282	7.84442019267752	9.99472121778373	0.00424045745309836	0.0147441837928996	227541	Camk1d
227545	79.6	60.8	0.378977891454751	1.41899786904357	9.20278261576981	0.00575839477572095	0.0187496128889539	227545	Proser2
22755	487.2	388	0.324056238811553	2.43081079198738	10.6425384234404	0.00332291901999956	0.0120434983738901	22755	Zfp93
22756	231.2	208	0.167769980604729	2.42398091982049	1.6771275553635	0.209983717475081	0.326566026725288	22756	Zfp94
22757	576.6	562.6	0.035911323569441	4.02838352327466	0.394389008273088	0.535975448992776	0.657081351971297	22757	Zkscan5
22758	83.4	79.4	0.0605436079729992	1.90625311961098	0.403396852060823	0.53139351334597	0.653292663256159	22758	Zscan12
227580	11818.2	11840.8	-0.00324284815158046	6.80861588663289	0.00345999991972017	0.953753185159137	0.971018422081437	227580	C1ql3
22761	767	639.2	0.263001792670057	5.18022531435913	23.9718530850651	6.0326982304829e-05	0.000457484890993703	22761	Zfpm1
227612	31.6	34.4	-0.140165901415199	1.64529821099124	1.4883449204232	0.234412933628969	0.355717012354133	227612	Tor4a
227613	9226	8896	0.0518635069258734	7.95892136150642	2.4456778178514	0.131036173032483	0.22742517351243	227613	Tubb4b
227615	173.8	225.4	-0.382451324650138	2.85933744846999	21.7289004936413	9.98756022193879e-05	0.000689070145336054	227615	Tmem203
227618	151	80.8	0.925060434537869	0.93528052477514	49.7319354686343	2.84426587733962e-07	5.97966010042466e-06	227618	Lrrc26
227619	5526.6	5615.2	-0.0238626574320364	6.45907537154989	0.545237213501395	0.467482605445161	0.596538675651483	227619	Man1b1
22762	764.6	776.8	-0.0461675745579179	4.2476269811643	0.0556840013400757	0.817666868108204	0.879226075854485	22762	Zfpm2
227620	401.6	482.8	-0.270485927387074	3.52790698239795	19.1132352691246	0.000208104501071514	0.00126917403311716	227620	Uap1l1
227622	708.8	739	-0.0555624057210111	4.53745091117544	0.995934108600512	0.328325259294026	0.459668083866316	227622	Paxx
227624	6933	6438.4	0.107890987430418	7.45345763863132	13.0424621200578	0.00140919582256213	0.00599603073868502	227624	Rabl6
22763	14246.8	13079	0.12284111048418	8.78659407142461	17.8865577098576	0.000298645029728997	0.00171079865736163	22763	Zfr
227632	5608.4	5411.2	0.051312285969937	7.88033933483193	2.07924396806187	0.162331770125157	0.2683068502446	227632	Kcnt1
227634	7122.2	6724.4	0.0832087490576654	7.27217946856428	7.0720523828104	0.0137736443637484	0.0381899588784999	227634	Camsap1
227638	470	520.2	-0.148880822550674	4.50004794044017	8.15795949528588	0.00874781925646639	0.0264964332634043	227638	Qsox2
22764	977	931.8	0.0704283763847035	4.43211769880679	1.28516105533572	0.268283225991194	0.394522916723646	22764	Zfx
227644	1534.4	1773	-0.207661497451824	6.14044031624057	36.1938198077539	3.37546534205128e-06	4.35615857625082e-05	227644	Snapc4
227648	3030.2	2671	0.181962520563681	6.52332558001328	38.8049275850641	2.00824579650097e-06	2.86982854218625e-05	227648	Sec16a
227656	2891.6	2516.6	0.201669318775715	5.98229854302635	32.6482243845264	7.10297365494519e-06	8.03965397091447e-05	227656	Rexo4
227659	497	473.4	0.0689769503830601	5.00314671889152	2.76362713168527	0.109532300115723	0.197354757650544	227659	Slc2a6
227674	319.8	315.4	0.0224415958316406	2.82776708943641	0.081481153874504	0.77776717951175	0.851655061565366	227674	Ddx31
227682	634.8	716.4	-0.172678120763886	4.06447185720463	10.8621209953184	0.00306317901536541	0.0112060717509723	227682	Trub2
227683	579	597.4	-0.0419815463151753	4.07244489060258	0.561791592032744	0.460876977257066	0.590455223300268	227683	Coq4
227693	8248.6	7403.4	0.155995671764357	7.87157739740761	21.9474046435687	9.41294509307457e-05	0.000658223069062892	227693	Zer1
227695	1009.6	988.6	0.0308497432186726	4.67190392587019	0.453086519236664	0.507350408864735	0.631794848774953	227695	Spout1
227696	927.6	700.6	0.41231226097786	4.33093515177801	45.9689842622598	5.37910490392403e-07	9.82927715313754e-06	227696	Phyhd1
227697	880.2	908.4	-0.0484552349980486	4.02654186791639	0.774093357522731	0.387742620939273	0.521294004562948	227697	Dolk
227699	695.4	715.6	-0.0420555175666091	4.7363538292546	0.900918111103362	0.35206548142802	0.485336620749699	227699	Nup188
22770	3184.2	3086	0.0456271063948623	6.30961724231807	2.24966464706122	0.146779880696887	0.248484000420802	22770	Zhx1
227700	4021.6	4425.6	-0.138151599683239	7.59597142733682	21.370645828497	0.000110138906905058	0.000746692195312245	227700	Sh3glb2
227707	1259.8	1344.4	-0.0962082629360627	6.18901769684425	4.31016981919494	0.0494030682501366	0.10597684008422	227707	BC005624
22771	89.6	109.8	-0.284616939509396	3.28529472081961	11.7686121681754	0.00220307842881942	0.00858772805020386	22771	Zic1
227715	1226.2	1173.4	0.0668239157934454	3.8300653005863	1.26158364704752	0.272543163820956	0.398942416627598	227715	Exosc2
22772	321.4	322.4	-0.000168418158807807	3.36810142807521	4.47682149146626e-06	0.99832941475964	0.998536666039432	22772	Zic2
227720	1847.6	1897.8	-0.0419876241275428	5.6768574801245	1.24471239521005	0.275692158899511	0.402270554316819	227720	Nup214
227721	987.2	914.6	0.108604041372457	4.87914927907397	6.01800147608665	0.0218658591800505	0.0551184388888122	227721	Plpp7
227723	34054.4	33183	0.0376987070818964	9.50090299358318	2.00009801826069	0.170225348170573	0.277513781012572	227723	Prrc2b
22773	136	122	0.149673948448688	1.94553007430408	1.63203619553396	0.213731013469485	0.33082759356264	22773	Zic3
227731	2350.8	2004.6	0.230687519527028	5.85992501445764	38.5544882537071	2.10872788346639e-06	2.98819145368855e-05	227731	Slc25a25
227733	172.2	212.6	-0.316654134574813	3.25876100743775	22.0725202614111	9.10017287098815e-05	0.000639756316523651	227733	Pip5kl1
227736	15.4	12.6	0.279748331232045	1.48353824786885	7.09932090257337	0.0136139536431579	0.0378576498682074	227736	Cfap157
227737	566.6	503.2	0.172193008305179	5.22849878496585	6.76423054585667	0.0178362540364764	0.0467886054161942	227737	Fam129b
227738	590	659.2	-0.161777875643988	5.19142181250309	16.6836517483608	0.000430518044959899	0.0023193096615171	227738	Lrsam1
22774	137.4	128.6	0.09333195994707	1.64658933989184	0.663526502400244	0.423385835548876	0.556278417146028	22774	Zic4
227743	1462	1383	0.0791715519452554	5.53616616211096	4.42063595666165	0.0462601051393663	0.100427089168579	227743	Mapkap1
227746	507.6	493.8	0.0355897772476755	4.40117565475937	0.388169439461427	0.539182184211953	0.659893250685822	227746	Rabepk
22775	566.6	538.8	0.0816944625137496	3.49291155804184	1.36008851860892	0.255064568560992	0.379485668963518	22775	Zik1
227753	367.8	358.2	0.0302405968776911	5.53013120810652	0.195935665500808	0.663627832741003	0.764126240296221	227753	Gsn
22776	0.2	0	0.296677504312185	-0.0933939162287921	1.41296898801423	0.24644053368265	0.369457217789977	22776	Zim1
22778	68.8	59.2	0.201382235018921	2.06112526874491	4.21994998847751	0.0510800772766872	0.108799209690132	22778	Ikzf1
22779	50.6	50.4	0.0236837155995419	1.09348008612821	0.0250840424574491	0.875492679592212	0.919916486684053	22779	Ikzf2
227800	7672	8083.4	-0.074946443269118	6.79431051932384	5.24354895112443	0.0311889745703453	0.0734042980578598	227800	Rabgap1
227801	1635.8	1808.2	-0.145795270644933	6.31427362009852	18.9608829972205	0.000217518801783812	0.00131548818451181	227801	Dennd1a
22781	250	261.8	-0.0699712800557432	3.94339076338326	1.48023108539441	0.235654674665529	0.356985463671085	22781	Ikzf4
22782	1187.6	1365.4	-0.197454529245379	5.05185693430366	11.0663232431215	0.00309499006957666	0.0112995671800104	22782	Slc30a1
227835	2563	3115.2	-0.27930764382571	5.79789195353095	38.4257261982587	2.16250250108558e-06	3.02876077041579e-05	227835	Gtdc1
22784	3662.4	3203	0.193837748267466	7.45980353481655	29.5187842113685	1.42797982473294e-05	0.000142541577256146	22784	Slc30a3
22785	7030	6672.6	0.0745942803149087	6.44902880374058	3.93128039585774	0.0590408432061474	0.121563582293683	22785	Slc30a4
227867	1171.4	1065	0.135084980156172	5.94891398306983	11.2240514765224	0.00268220803698739	0.0100776280131572	227867	Epc2
22791	1328.8	1438	-0.117022925174937	5.00066460662663	7.39262924882674	0.0120196275080806	0.0341722454763565	22791	Dnajc2
22793	941.2	1056.6	-0.168788220188342	5.52501494627499	13.4258135120233	0.00123620369195542	0.00542443477945467	22793	Zyx
227933	472.8	514.2	-0.120946153543264	4.03840800076417	4.33673293237937	0.0482099739786601	0.103879988653481	227933	Ccdc148
227937	5278	4989.8	0.080914412430839	7.93562498126708	6.98620367809688	0.0142900539572518	0.0392752310131427	227937	Pkp4
227960	1044.6	1144.4	-0.129986839007049	4.9911833869152	2.73367545107451	0.11726068797258	0.207604848598195	227960	Gca
228005	2373.8	2397.4	-0.0140865118752453	6.19116475148975	0.168163416488023	0.685413507064832	0.781984910499257	228005	Ppig
228012	5517.2	6172.8	-0.162095896085023	7.1792451320371	26.0884975640536	3.23155511670531e-05	0.000277039725129647	228012	Tlk1
228019	402	424	-0.0742580517474074	3.50299363801016	1.43507136800823	0.242721082885115	0.365446930418901	228019	Mettl8
228026	5792.4	5822.4	-0.00199239314551096	6.22848898693024	0.00219302917524984	0.963039237363404	0.976775519685089	228026	Pdk1
228033	20177	20373.8	-0.0130912663399289	7.14415231124252	0.144857282346193	0.706871705849496	0.798961810787349	228033	Atp5g3
228061	1821.6	1794	0.0234638188461069	5.42687269587984	0.300566201442876	0.588628577192577	0.701809573104142	228061	Agps
228071	3107.4	3426	-0.141688383534515	6.41216158770628	13.7082179315225	0.00112360993935479	0.00501292180979481	228071	Sestd1
228136	2881.2	2323.8	0.308954076963326	6.28871662541944	42.0671062408752	1.74396386599741e-06	2.54876175117558e-05	228136	Zdhhc5
228139	1169.8	1221.6	-0.0355568287598484	1.38638372971058	0.0872883580970142	0.770212811946963	0.846525434102457	228139	P2rx3
228140	3194.6	3063.6	0.0612159402505662	6.97870158854206	2.7277496576354	0.111739712822211	0.200407719212338	228140	Tnks1bp1
228355	15871.4	14702	0.109870540244674	8.48870802126838	15.7012553268455	0.000585650552500405	0.00295925313906574	228355	Madd
228356	2643	2724	-0.0443278070439927	6.44530287537316	1.61783317898615	0.215670357509923	0.333044802077823	228356	1110051M20Rik
228357	1921.2	1841.2	0.067916015276111	5.67937505767157	1.77500906774802	0.196259301656598	0.310330592511155	228357	Lrp4
228359	2539.4	2512.6	0.0120596451031677	6.5201878509306	0.0706435585702342	0.792841506270674	0.86195796401928	228359	Arhgap1
228361	3789.6	4034.2	-0.0921887553029227	6.60468132150148	6.48056921161037	0.0178015956529684	0.0467297469050428	228361	Ambra1
228368	545.8	519.4	0.063280755475738	3.95749448407691	1.21082406507103	0.28216350303327	0.409189452477464	228368	Slc35c1
228410	2661.4	2049.8	0.37745170943141	5.17988880279869	98.3885645167531	6.21206414831705e-10	5.10165768180538e-08	228410	Cstf3
228432	1163.6	1190.8	-0.0364725598288017	6.22042500669939	0.490565686204103	0.49170293477614	0.617652494553371	228432	Ano3
228482	108	113.4	-0.0811037507625079	2.00711083539293	0.567691511744802	0.458559641061469	0.588791067949051	228482	Arhgap11a
228491	1636.2	1549.2	0.0787732873496303	5.04287094604947	3.2640879851864	0.0834605869439342	0.159526490834121	228491	Zfp770
228536	1052.4	1035.4	0.0235667437601421	5.61387180841752	0.365153925304897	0.551369499226219	0.67049425726197	228536	Bahd1
228543	412.2	562.8	-0.443501996533848	3.01133614202624	32.2517356198344	7.74246204185229e-06	8.6126005930411e-05	228543	Rhov
228545	2127	1959.8	0.117932312054994	5.77342182956889	12.186995569144	0.00189850142258448	0.00764594639480487	228545	Vps18
228550	5296.8	5432.8	-0.0348601878519125	7.14594407469347	0.806218107187567	0.378225717020158	0.511783796462213	228550	Itpka
228564	1354.6	1356	-0.00168815538215273	5.2363185760594	0.001577968621991	0.968644460729663	0.980790685491177	228564	Frmd5
228598	144.2	163.4	-0.182315173318697	3.48053444689953	7.44589586864379	0.0117527999055386	0.0335389871341864	228598	Ebf4
228602	2385.4	2549.8	-0.0943323154639756	6.83656364408233	8.22693050405133	0.00850507571357283	0.0258968536684183	228602	4930402H24Rik
228607	143.8	141.6	0.0223097036199035	2.82690799414284	0.0767180381396171	0.784184334995502	0.856022987540593	228607	Mavs
228608	1581.8	970.4	0.708843835902451	5.31661734072402	210.748109029996	2.50320236800903e-13	1.16713829120008e-10	228608	Smox
228662	17759.4	17013.4	0.0647529818934358	7.46875089545506	2.93725760892036	0.0995414668887807	0.182887042380887	228662	Btbd3
228714	1153.8	1191	-0.0501270061452713	5.13995850234365	1.31237904653307	0.263342018005901	0.388521540089547	228714	Kat14
228715	2339	2249.2	0.0475944023278376	2.8669044440841	0.472853991411348	0.515777100253325	0.639149709110216	228715	Smim26
228730	822	974.8	-0.251368464172398	3.68403672483112	14.0428476412663	0.00100445553634134	0.00459152445359825	228730	Kiz
228765	422.8	323.2	0.404442783443628	1.16787298747307	9.23649890083661	0.00568281115045257	0.0185748249237897	228765	Sdcbp2
228769	1236.2	1531.6	-0.31517201802402	5.10908712827304	50.5868341898557	2.47243181081284e-07	5.33381035723714e-06	228769	Psmf1
228777	942.4	961.6	-0.0330077824707822	4.97845323550017	0.332729641461459	0.569678964416036	0.685721165195652	228777	Nrsn2
228778	56.4	66.8	-0.256314686703545	1.13058297828315	3.62568695527734	0.0690398322818592	0.137281845618654	228778	6820408C15Rik
228787	169	147.4	0.192455617516098	1.89074619415843	2.01521007137405	0.169197901550758	0.276275019093387	228787	Xkr7
228788	91.2	73.6	0.30901702876204	2.42833534663573	10.1462700995931	0.00400331896409154	0.0140754007071222	228788	Ccm2l
228790	2888	2935.2	-0.0238624501260985	6.09655364945765	0.570036607314047	0.457643818907586	0.587845007706484	228790	Asxl1
228807	183.2	170	0.10673981417697	3.48884695424556	2.0272450100637	0.167466626925988	0.27450245243686	228807	Zfp341
228812	355.4	367.4	-0.0527225013020971	4.64760297494781	0.917585074377723	0.347730602012126	0.480543434820844	228812	Pigu
228829	5482.2	5599.8	-0.0288358372677992	6.34174742158511	0.75875839933301	0.392410601361916	0.525419437895797	228829	Phf20
228836	8795	7760.4	0.179776803194174	8.34389064027096	29.8503141402019	1.32349366541113e-05	0.000134055903572898	228836	Dlgap4
228839	160	187.8	-0.252511985206444	1.43462703570712	4.0388900047609	0.0559196145029735	0.116864560155937	228839	Tgif2
228846	296.8	321.6	-0.109310486052257	2.86421504552486	1.34918658209469	0.256925981150204	0.381391407162889	228846	D630003M21Rik
228850	6261.2	6439.8	-0.0401251411946374	7.60246928783668	2.04185752801784	0.166004077958197	0.272878760696893	228850	Ralgapb
228852	4868.4	4100.6	0.249240113805981	7.11904771990869	42.5085501417895	9.97907232697392e-07	1.62246919475907e-05	228852	Ppp1r16b
228858	1523.6	1559.8	-0.0344098625020826	6.34931102346884	1.05101488445982	0.315570876522417	0.445871109409093	228858	Gdap1l1
228859	726	625.4	0.213350210560988	3.78630841938918	11.9440209623815	0.00206933174914952	0.00819006601922431	228859	Fitm2
228866	545.6	650	-0.256364160465903	5.22593044819931	34.5420839727923	4.74582251380745e-06	5.76500719848389e-05	228866	Pcif1
228869	2913.4	2288.8	0.350466023782669	6.07682651462882	89.7978208435477	1.49258770421924e-09	9.37994029425427e-08	228869	Ncoa5
228875	1667.8	1473.4	0.177051701786369	5.55614967523923	21.5590877344735	0.000104604552770364	0.000715548606598598	228875	Slc35c2
228876	257.8	253	0.0267339370372612	4.18212748256612	0.297559669627311	0.590487643812284	0.703275420504551	228876	Zfp334
228880	6048	4189.8	0.530245186829333	7.74145594191156	245.500020045998	4.79632993203939e-14	3.6487448861946e-11	228880	Zmynd8
228889	931.4	922.8	0.00912973296158153	5.40235873705789	0.0513136441344714	0.82272534232837	0.882760901047751	228889	Ddx27
228911	315	312.2	0.00675113820400536	4.43628241307339	0.0112683337466613	0.916371403113134	0.94725266308306	228911	Tshz2
228913	121.4	153.2	-0.349980964543248	1.9146686711416	13.3371405257087	0.00127405206763705	0.00555482638018813	228913	Zfp217
228942	836.8	425.4	0.99376112919911	3.74659592519654	45.6638462765766	1.30221813449949e-05	0.000132364704051025	228942	Cbln4
228960	4081.2	3926	0.0573225322140518	6.74674283756127	4.26883382267046	0.0498558637533768	0.106663211173965	228960	Stx16
228961	184.6	228.8	-0.320257028447591	3.4710152593815	24.4436318011737	4.88364072316014e-05	0.00038321467433527	228961	Npepl1
228966	807.8	794.2	0.037986789961958	3.08175633370284	0.255646169093338	0.617773410506891	0.726574059963746	228966	Ppp1r3d
228980	519.8	486.2	0.0965578787739945	4.73078054244325	3.2877011487734	0.0824198043570999	0.157996797371024	228980	Taf4
228983	2732.2	2915.6	-0.0941509838565294	6.08619503842351	6.87694111746552	0.0149784828328151	0.0407742509751956	228983	Osbpl2
228994	1159.4	1064.4	0.118382160042759	5.66558131203163	7.18490853530884	0.0131258590086009	0.0367107519563307	228994	Ythdf1
228998	3621.8	3904.2	-0.108903163647218	6.95160969871377	10.2456296919116	0.00385574468485749	0.0136461639752522	228998	Arfgap1
229003	521	339.8	0.617446759442663	3.59055360031093	87.881778988002	1.83155856406737e-09	1.09393997872024e-07	229003	Helz2
229004	1332.8	1203	0.147517931559365	4.89998798833	6.98005674819655	0.0144014088346375	0.0395211625775299	229004	Gmeb2
229007	1625	1378.6	0.239527128665832	6.08776647363623	41.0643677787062	1.30434017458261e-06	2.00990755686749e-05	229007	Zgpat
229011	1008.4	1098	-0.123986307124599	4.61303466657314	7.16270437336131	0.0132506036226708	0.0370166650100665	229011	Samd10
229055	140.6	145	-0.044037518828558	3.27203912945703	0.412247987943414	0.526961180625982	0.649279422450596	229055	Zbtb10
229096	1839.2	1611.2	0.189179706789267	6.43807718828012	15.484929294118	0.000754290775991181	0.00363810621612868	229096	Ythdf3
229211	2171.6	2217.8	-0.0316163594943403	5.32246850040647	0.647932160542215	0.428813458891936	0.561119543636041	229211	Acad9
229214	60	61.6	-0.00853261181967256	0.446085828081381	0.00352882024395358	0.953125916617548	0.970720101079361	229214	Qrfpr
229227	2999.8	2884.6	0.0581135884148993	7.11119326081069	1.0594365558807	0.317839684123542	0.44859435546545	229227	4932438A13Rik
229228	139.8	179.4	-0.366102598562798	1.97721082913837	8.3684031405824	0.00805799962048916	0.0247651130160643	229228	Nudt6
229279	6361.2	6370.4	-0.00245793543008139	6.37492202411098	0.00530990688896255	0.942518612898879	0.963782979994745	229279	Hnrnpa3
229285	612.8	666	-0.122988375836435	4.74500740702588	7.64307282167961	0.01082042894097	0.0313801123420506	229285	Spg20
229317	1933.4	1955.8	-0.0184498029435028	5.43374649226474	0.212720469796817	0.64882659232376	0.751152548293762	229317	Eif2a
229363	1813	1620.6	0.157607497325392	4.92133856545113	15.6272796076214	0.000599586744953547	0.00301860912976613	229363	Gmps
229445	1569.2	1779.8	-0.17847310295866	4.8960325301386	11.375756526144	0.0025382048470203	0.00961404949130804	229445	Ctso
229473	714.4	706.8	0.0131458152548086	4.58154450670573	0.0510538006707759	0.823166843456069	0.883103507408448	229473	Tmem131l
229474	280.4	282.6	-0.0114498749137209	2.32088031461718	0.0147749928218097	0.904272936048488	0.939502660842787	229474	Fhdc1
229487	359.8	405.4	-0.171513771027855	3.99494471571016	9.42498248442304	0.0052798237448946	0.0174872989020867	229487	Gatb
229488	398	359.4	0.16126072752819	1.47401676851917	1.20755764865655	0.283060477754335	0.410161017088837	229488	Fam160a1
229503	538.8	539.4	0.000441390448448876	4.79506241428934	0.000117308008664741	0.991448563545856	0.994061982345436	229503	Rrnad1
229504	471.6	416.8	0.180038849704194	3.46278944475039	7.28651214851383	0.0125713359382993	0.0354202903805415	229504	Isg20l2
229512	3961.4	3488.8	0.182617792272426	6.96866653234072	27.4827153123801	2.30271489222691e-05	0.000209329817938665	229512	Smg5
229517	4797.4	4492.8	0.0940560117020861	6.83564923205697	9.81364315141203	0.00454418299600539	0.0155606778072168	229517	Slc25a44
229521	39248.8	41067.8	-0.0653506791386613	9.73394156058016	6.43545376822661	0.0181586060038613	0.0473762619458144	229521	Syt11
229524	249.8	299.2	-0.263780858023412	3.98149081407479	21.7730729910489	9.86839215758925e-05	0.000682477226056436	229524	Msto1
229534	825.8	862.8	-0.0621182476739478	5.41512842564491	2.52270937282516	0.125402058665809	0.219464990429302	229534	Pbxip1
229541	1412.2	1513	-0.0981583111123627	5.98436055197656	7.06245667640301	0.0138303300209319	0.0382957069200286	229541	Dennd4b
229542	515	513	0.0069909518377043	4.99281559449954	0.0154796357845088	0.90205445770242	0.938007513367294	229542	Gatad2b
229543	5102.6	4496.6	0.183371692324392	6.50069585221537	24.4728850306585	4.84727865512761e-05	0.000380956547348767	229543	Ints3
229584	3014	2786.8	0.113381397605364	6.45872131025251	12.7664215488227	0.00155008057557111	0.0064791395718059	229584	Pogz
229589	1305.4	1443.6	-0.145914209202192	5.14422979767488	14.4790193717304	0.000869366423672846	0.00408379014877066	229589	Prune1
229593	1555.2	1515	0.0307458471114298	4.48149848988831	0.312819724549153	0.581175423047648	0.695389864630025	229593	Golph3l
229595	20.2	22.8	-0.166618385855711	2.36867095444979	2.7359882616869	0.111228261539194	0.199614265245531	229595	Adamtsl4
229599	124.2	150.2	-0.26702437692441	3.3079051957413	6.98998868363561	0.0155898025636246	0.0420950880356119	229599	Ciart
229603	1847.2	1795.4	0.0401907814667278	5.86000353880207	0.83833634056384	0.369048254934004	0.502754333347417	229603	Otud7b
229613	94	104.4	-0.150539077421268	1.37979014391995	1.49415786702846	0.233528426441999	0.354596254483652	NA	NA
229615	1604.6	1813.2	-0.179156331584421	4.54633676316032	15.8847701913453	0.000552577959456887	0.00282250822894437	229615	Pias3
229644	419.8	444	-0.0914467664322509	3.19541042124142	1.9500992585153	0.175451965604502	0.284080061705777	229644	Trim45
229658	14.6	15.4	-0.0887699662462421	1.60734328148048	0.781094706952905	0.385638688921414	0.518996425481389	229658	Vangl1
229663	11889.2	12216.8	-0.0388495192511171	7.5189788221496	1.76165875459594	0.196997707841818	0.311259823911854	229663	Csde1
229675	618.4	587.2	0.0727323149198139	4.16216186488671	2.05192904126181	0.165005014100308	0.271730941529663	229675	Rsbn1
229681	858.4	866.8	-0.0134665375047163	4.18405883634594	0.0683945984670956	0.79593644107163	0.864022930473101	229681	St7l
229694	2261	2048.4	0.142644732004103	5.59337671930941	5.35710320033959	0.0323504056936386	0.0757480583016123	NA	NA
229699	66.8	114.8	-0.781180436499986	1.66428161162088	44.4533255843951	7.02319092538135e-07	1.22126448408385e-05	229699	Slc16a4
229700	419	323	0.376514302327256	2.93169409356911	16.9132535042587	0.000401120564668164	0.00219281264815191	229700	Rbm15
229706	35780.4	34410.2	0.0554614176151993	9.4895123350478	3.01688006821043	0.0953164200675326	0.176696618655395	229706	Slc6a17
229707	3912	3882.8	0.0107231152347094	6.5917166328668	0.132613243024794	0.718949917376595	0.808001096785733	229707	Strip1
229709	16518.2	16096.8	0.037052629653433	8.76661646310803	2.08452453716443	0.161821016008124	0.267860852654767	229709	Ahcyl1
229714	821.4	917.8	-0.162464332951688	4.60827312507266	11.4745889596545	0.00244894724095023	0.00934206477189089	229714	Gpr61
229715	7901.8	7923	-0.00460375381419608	7.26055042833984	0.0266243881950418	0.871760959685884	0.916928606556525	229715	Amigo1
229722	989.6	960.4	0.0417095863686774	5.27086842722985	1.11406754421068	0.301786160738542	0.430816510352087	229722	5330417C22Rik
229725	1185.4	1354.4	-0.191330648660966	4.52190214932326	11.8114438229307	0.00216957020851554	0.00848456920830186	229725	Clcc1
229731	18.8	20.4	-0.161301769373947	1.65999840313875	1.35547982011016	0.25589683983088	0.38033243423296	229731	Slc25a24
229759	709.4	628	0.173744217992629	5.12693349317848	11.5862147405856	0.00235223993359866	0.00904958104877163	229759	Olfm3
229776	80.8	82	-0.00739301322742879	1.8056563098714	0.00530065230107862	0.985678333096027	0.990888484251632	229776	Cdc14a
229780	199.2	248.4	-0.310552626750453	2.18386344842257	9.7647563624349	0.00463021214280691	0.0158028539107747	229780	Trmt13
229782	374	387	-0.0485214559894585	3.78375673805362	0.684027693339472	0.416410560382474	0.549210533786685	229782	Slc35a3
229791	7528.6	7318.2	0.0403993846348911	8.22263124351424	1.4464743240978	0.240911572170088	0.363365946378634	229791	Plppr4
229801	2075.4	1880.2	0.143781936458926	4.76214397853007	9.87353715934088	0.0044411626434698	0.0152766694071186	229801	Tram1l1
229841	46	63.4	-0.456949836585112	0.554972733494895	8.12286277683224	0.00887425940189033	0.0268232006262909	229841	Cenpe
229877	34200.6	35541.8	-0.0562016693512773	8.78105541541524	3.60205120004027	0.0698902703535352	0.138648636795223	229877	Rap1gds1
229898	120.4	248	-1.06717651981381	1.36521226230811	51.5578311840673	2.1128969967066e-07	4.69843279852265e-06	229898	Gbp5
229900	29.8	31	-0.0501096922867	2.09074243017037	0.200513081726577	0.658352382795513	0.759564602564363	229900	Gbp7
229905	28.8	27.8	0.058300601157902	1.9833896758699	0.243484193756472	0.626219027404147	0.733141893900821	229905	Kyat3
229906	1529.8	1370.8	0.153015665721603	4.9877701633509	8.39712698028472	0.0079371596285188	0.0244724723170789	229906	Gtf2b
229937	241.2	264.8	-0.138154879416925	3.38037157647794	4.54204995324936	0.0435937038838027	0.0958186429343803	229937	Znhit6
229949	8870.8	9277.2	-0.0652355773354141	7.76270314964045	4.10383504614241	0.0541264458077605	0.113894838798278	229949	Ak5
230027	949.4	1066	-0.161597846854537	3.59082353056957	6.00540890257374	0.0219900385602906	0.0553943175484354	230027	Coq3
230073	34.4	36.8	-0.0990467131672573	2.41711472330925	1.33456450974793	0.259450264372657	0.384111933235113	230073	Ddx58
230075	5824.4	5940.8	-0.0226005279053223	5.24560026131331	0.139580007421292	0.712518885968798	0.803146531840677	230075	Ndufb6
230082	5014	5007.2	0.000799618379564581	7.19479036845494	0.000674922470439857	0.979490261062796	0.986932884865922	230082	Nol6
230085	12162.6	13276.4	-0.125632228187046	8.5288231402896	16.242196383745	0.000493851416763399	0.00258253559258255	230085	Phf24
230088	1712	1868.4	-0.126709764055453	5.65673663434845	9.91077723054291	0.00437839969210363	0.0151319073566585	230088	Fam214b
230101	3423	3097	0.144321715934001	7.00441587990369	13.3169025107144	0.00128286630320716	0.00558174278945104	230101	Gba2
230103	1904.8	2084.4	-0.131950571566426	6.09142192126442	9.03969042129941	0.00613991890474568	0.0197962051860794	230103	Npr2
230119	257.8	241.2	0.102191465402731	3.54780851420333	2.33365650201992	0.139773031161413	0.239520970667464	230119	Zbtb5
230125	4985.4	4459.6	0.162085532411906	6.54774803059485	24.8025197193791	4.45726088042672e-05	0.000356137361888821	230125	Slc25a51
230126	62.8	61.2	0.0407753858892071	2.44379583350348	0.165818528026047	0.687490719509106	0.783488989969614	230126	Shb
230145	66.8	66.2	0.017533944488862	1.02682784564022	0.0176429906963264	0.895445803096	0.934091630914375	230145	Galnt12
230157	2528.4	2408.6	0.0673711381310044	6.44178930314389	2.87646142487636	0.102914125440515	0.188079500457354	230157	Tmeff1
230162	295.2	141.2	1.04763254198657	2.19640923401697	85.2726372079113	2.4342684499411e-09	1.39636624828312e-07	230162	Zfp189
230163	247.6	391.2	-0.633136097014694	1.30829857880804	27.3655624709029	2.36833502940324e-05	0.000214083267761066	230163	Aldob
230233	3071.8	3290	-0.100326702385471	6.25436197033658	8.5468620481437	0.0074718685465287	0.0232454558698936	230233	Ikbkap
230234	637.4	571.4	0.162190839322207	3.04510104507867	5.20585240132593	0.031744635905069	0.0745228142556225	230234	Fam206a
230235	3687	3947	-0.09689268098419	7.81973513280035	3.81855786630444	0.0660967381208683	0.132654665948314	230235	Frrs1l
230249	7529.6	7288	0.0475925503358421	6.7034530429015	1.95813241273015	0.174599214015033	0.283079869811923	230249	AI314180
230257	496.4	441.2	0.172446986597306	4.78810382569059	10.2768635515126	0.00381059301148838	0.0135095195948131	230257	Ptbp3
230259	244.8	216.8	0.183461749814681	2.8984259366519	5.8366789238527	0.0237317462218434	0.0590190398985761	230259	E130308A19Rik
230279	372.6	377.6	-0.0201564730599857	3.8442708481471	0.127466267116781	0.724216736985186	0.811900156393693	230279	Tmem268
230316	1898.8	2129.4	-0.167597461703867	6.1843825010138	16.7278527773148	0.00042468127994691	0.00229299335836856	230316	Megf9
230376	134.6	165.8	-0.307705520590765	2.74439435396298	15.1508275951147	0.000698476873761322	0.003426946616886	230376	Haus6
230379	160.6	75.6	1.06991247595298	2.62901734516949	40.8491602077064	1.38518800731323e-05	0.000138749185431084	230379	Acer2
230393	1922.6	1882	0.0291877933164733	5.58504131507003	0.506945933113883	0.483378654620613	0.610966994996098	230393	Focad
230484	1802.2	1910.6	-0.0847869682763975	4.58068831578742	3.9351933313789	0.0589239465224803	0.121374764576875	230484	Usp1
230500	243.6	370.8	-0.60257101504301	1.07277848438164	15.7900108156035	0.000569393752298583	0.00288678679865963	NA	NA
230514	547.4	539.4	0.0214294095538488	4.4791030180932	0.155206185101728	0.697113079883327	0.790962591775933	230514	Leprot
230576	74	93.2	-0.310548906847762	0.321469474952273	2.76421411076823	0.109496610843964	0.197315049637034	230576	Ttc22
230577	286.2	388.4	-0.450025595698726	2.87609626459937	23.8547221259278	5.68242822305813e-05	0.000435723169952691	230577	Pars2
230582	101.6	112.8	-0.14519456388483	1.30533986370269	1.65958371527127	0.216906697446571	0.334596521333269	230582	Cyb5rl
230584	1668.8	1628.8	0.0337130223172437	4.53573814679413	0.563854066695925	0.460064721626788	0.590094550216842	230584	Yipf1
230587	0	0	-0.105695473463528	0.150281864012212	0.276126824063752	0.604108068343877	0.714968887201723	230587	Glis1
230594	764.4	847.8	-0.150854305705833	5.29762018957766	11.701617914599	0.00225662895786915	0.00875632616296393	230594	Zcchc11
230596	473.8	451.8	0.065420812951675	4.20452656151603	1.89885598131906	0.181012620099995	0.291062010337672	230596	Prpf38a
230597	3432	3173.8	0.111196411310396	5.91945557030738	12.336660736642	0.00180097890785673	0.007324521422105	230597	Zfyve9
230598	7178.2	7046	0.0276499033442403	7.33429869474175	0.743066020221521	0.397274430225212	0.5305067086544	230598	Nrd1
230603	23.4	28.2	-0.245271798070171	1.32891322126379	3.11763318751549	0.0902640476907305	0.169548608878729	230603	Ttc39a
230648	2096.2	1880.8	0.160993674118023	5.57171135847114	14.0369287989353	0.00100643926784693	0.00459477990444077	230648	Efcab14
230649	983.6	1103.4	-0.169552221109192	3.67180922783837	7.58317556068515	0.0110947381662135	0.0320086517873154	230649	Atpaf1
230654	1653.2	1822.6	-0.139879926968676	5.42437767320844	13.019021200031	0.00142059924385444	0.00603566768685245	230654	Lrrc41
230657	559	536.2	0.058225431820553	2.61724283198531	0.514516800087616	0.480164476370057	0.60767860445257	230657	Tmem69
230661	426	482.4	-0.182707384309544	2.60828330407748	4.88240237760963	0.036994569822904	0.0841415440157756	230661	Tesk2
230673	2196.4	2252	-0.036582523368572	6.60414077654024	1.57998347913967	0.220947242127346	0.339344537000177	230673	Ipo13
230674	2344.4	2338.2	0.00287982421016191	5.94229075291962	0.00626769768339678	0.937559605464348	0.961030177815877	230674	Kdm4a
230676	2417.6	2314	0.0650106376139839	6.68520519423428	2.36989224033775	0.137061907974316	0.235900549876253	230676	Szt2
230678	12.8	18.8	-0.519396094477594	2.02068071409272	18.9031332910582	0.000221207556689796	0.00133611952544685	230678	Tmem125
230696	178.4	147	0.281604743045204	3.48586708352474	24.8249310605694	4.43201048854374e-05	0.000354708081956873	230696	AU022252
230700	4567.4	4927	-0.111237162923213	6.45706178126355	13.2518480581031	0.00131165297824667	0.0056777764990443	230700	Foxj3
230709	610.2	535	0.187755496801371	4.83124751559924	24.0896529145329	5.34792553883463e-05	0.000413584353870068	230709	Zmpste24
230718	148.6	132	0.162760150316017	1.37723890233917	1.7344475376261	0.200371783177289	0.315212641929096	230718	Nt5c1a
230721	458.2	446.6	0.0380970583281955	4.11061139278344	0.428506025087484	0.518993272027916	0.64197935420552	230721	Pabpc4
230734	2040.6	2160	-0.0852492494252481	4.23013728713588	2.23306255173624	0.148214003507076	0.250237730018839	230734	Yrdc
230735	3645	2631.2	0.468868186822102	6.36719866680961	152.638427603769	7.56207641663786e-12	1.80229814171244e-09	230735	Epha10
230737	1734.8	1874.6	-0.113035820558298	6.03134033525475	8.1311461084523	0.00884423750372606	0.0267436420248654	230737	Gnl2
230738	23.6	25	-0.0702805338174361	0.749141177324384	0.187048554422499	0.669274257978585	0.768240956545622	230738	Zc3h12a
230751	681.8	854.6	-0.327057469207602	5.0805081492374	56.8704924215131	9.26234745440069e-08	2.42972722515259e-06	230751	Oscp1
230752	12.8	17.6	-0.453232823436572	0.41246608738535	9.21133091066209	0.00573912780497535	0.0187000345566081	230752	Eva1b
230753	3265	3082.4	0.0820046358491839	6.6555573571204	6.83797021774686	0.0152328267930921	0.0413552363762874	230753	Thrap3
230757	3274	3605.6	-0.140386107010393	6.45218455603168	18.7766912785183	0.000229523831552759	0.00137886012521346	230757	5730409E04Rik
230761	362	415	-0.201010298140074	4.89173256774433	17.7756576812273	0.000308735333599489	0.00176033945240513	230761	Zfp362
230767	352.2	370	-0.0653847306245963	3.96466884081013	1.03853314318863	0.318400744950116	0.449280685201936	230767	Iqcc
230770	126.2	120.4	0.0509360333181435	3.25968034707919	0.495704514876508	0.488218944907087	0.614964412173162	230770	Tmem39b
230775	12105.6	11764.8	0.0408316260720904	9.18471430226872	2.14361811641943	0.156235197241512	0.260841132435137	230775	Adgrb2
230777	185.6	155.6	0.226840350082162	1.99550515585099	3.76430077852124	0.0642834290302515	0.129878764775406	230777	Hcrtr1
230779	203.2	96.6	1.06785953910033	3.38119812770826	72.1284438165692	3.0532678025883e-07	6.25098198563899e-06	230779	Serinc2
230784	389.4	394.6	-0.0211505261428918	3.34605376049246	0.0981777270056626	0.756754259346869	0.83644001411636	230784	Sesn2
230789	2855.8	2970.6	-0.0555495882404163	5.84517704115458	1.60544631141248	0.217379726497208	0.335111621884667	230789	Fam76a
230793	1380	1170.2	0.237533899982474	6.25060564085601	29.4348006425058	1.52369829292996e-05	0.000149718117783886	230793	Ahdc1
230796	2401.2	1936.6	0.311664294642495	6.21746842643299	75.9267886344108	7.15973360179197e-09	3.18761496810769e-07	230796	Wdtc1
230801	288.6	289.4	-0.0137167439298847	2.04251285578063	0.0158618461960898	0.900833222342426	0.937276374585187	230801	Pigv
230806	16.4	20.8	-0.335823154318427	0.618983008514507	3.31693775540517	0.0811517528650764	0.156083491139297	230806	Crybg2
230809	366.4	341.2	0.103306337016589	3.52548570562213	2.32842955898166	0.14019729410729	0.240039290337216	230809	Pdik1l
230810	241.4	166	0.534914149157936	2.82215708511234	42.2354200256929	1.04926197511273e-06	1.68279604747136e-05	230810	Slc30a2
230815	2076.2	1941.4	0.101101300550344	5.47875110375747	5.65590849550233	0.0257697388059235	0.0630612520705325	230815	Man1c1
230824	75.8	64	0.209012080238299	0.666081981368067	1.4046980258178	0.247626547078525	0.370785674036362	230824	Grhl3
230837	149	143.6	0.0461989832692223	2.40090252782888	0.130099745773262	0.721939574733168	0.810164178042951	230837	Asap3
230848	2115.8	1313.6	0.707182454776179	4.34402291641681	66.7596053841546	2.27687315121235e-07	4.97880855183409e-06	230848	Zbtb40
230857	1508.2	1571.8	-0.057816802042	5.9964233745077	2.03292672766854	0.166896106931071	0.273940078308165	230857	Ece1
230861	11390	12214.8	-0.101686056831008	8.72354320166692	11.954445888223	0.00206166699249361	0.00817315817594698	230861	Eif4g3
230863	1902.8	1460.2	0.382368722520829	6.68732122181008	101.274518305283	4.69238593123605e-10	3.98963213235799e-08	230863	Sh2d5
230866	3498.2	3777	-0.111088410963052	6.32140720288754	13.9595083679807	0.00103278426588982	0.00468251686925077	230866	Emc1
230868	1730.4	1651.2	0.0675551331168682	5.93038203048675	2.48771669844498	0.127925262223867	0.22315130825293	230868	Igsf21
230872	1462.6	1131.6	0.376052795354396	6.79652468051113	42.2138550803738	5.84828289139358e-06	6.85016863145889e-05	230872	Crocc
230895	515.2	487.2	0.0768297921726056	6.87134057894295	1.59335816024648	0.224859216605095	0.343818376897285	230895	Vps13d
230903	3369.6	3373.2	-0.00202813721423066	6.64565294242385	0.00385308631846855	0.951022349503637	0.969310435156062	230903	Fbxo44
230904	598.8	571.8	0.0634749298996254	5.69663321101987	2.44780579927734	0.130876569144544	0.227202730052275	230904	Fbxo2
230908	5131.6	4899.8	0.0673451947232682	7.69340180141124	4.55298598906833	0.0433621483597497	0.0954479356646298	230908	Tardbp
230917	1260.4	1345.4	-0.0942744687223873	6.44126478785377	7.21795102198283	0.0129426162927795	0.0362473504932832	230917	Tmem201
230935	2296.8	2356.2	-0.0389308295850001	6.19425900011106	1.35232963075292	0.256387536042933	0.380844655433877	230935	Dnajc11
230936	1136.6	1190.8	-0.075548682750138	4.1316371431495	1.75569743121789	0.19773084374048	0.312008909980884	230936	Phf13
230959	1371	1306.4	0.0709380116126206	5.64268333168683	2.34191313985259	0.139105956262638	0.238623011134603	230959	Ajap1
230967	1515.8	1270.2	0.255840655402021	5.451749231673	38.4711851552172	2.14334955773639e-06	3.02538813550017e-05	230967	Cep104
230971	108.4	65	0.718647548472926	1.85134444471952	39.5280264773188	1.74615908282661e-06	2.54939226092685e-05	230971	Megf6
230991	383.6	517.8	-0.436588920064852	4.69453756273346	74.850028145584	8.16050039826138e-09	3.56350068750664e-07	230991	Fndc10
230996	1299.6	1267.2	0.0356588448648802	4.75244744432726	0.631559831331905	0.434629589068136	0.566621816577148	230996	9430015G10Rik
231002	101.2	99.8	0.0154193059812759	2.84660350195215	0.0411250297666443	0.841018728221525	0.895475852501947	231002	Plekhn1
231003	760	742	0.0351766642447023	5.71052903745376	0.655301293689676	0.426235230444276	0.558904474357395	231003	Plekhn1
231004	3.8	5	-0.244410518404494	0.375192137357786	1.35601578966837	0.255822564720828	0.380329358132044	231004	Samd11
231014	1124	1280	-0.187001951388047	5.62287272639927	17.6575541526824	0.000319890491572652	0.00181321457458475	231014	9330182L06Rik
231042	138.4	168.2	-0.282996497488715	3.05061424627627	12.8338188920483	0.00151431795559129	0.00636381423915652	231042	Nupl2
231050	1787.8	1673.4	0.0972615268240951	5.5716277776249	7.6868146706941	0.0106248273592724	0.0309370166034237	231050	Galnt11
231051	312	289	0.106550609847605	6.66420535473017	5.63219543948448	0.026569674571872	0.0645225262536689	231051	Kmt2c
231070	2147.6	3032.2	-0.496288500713719	5.79593738346813	208.639492064581	2.78878029892719e-13	1.2512717844855e-10	231070	Insig1
231086	468.8	436.8	0.103394028936968	3.32975411589553	2.85807863158999	0.10395991781679	0.189487597997967	231086	Hadhb
231093	344.4	412	-0.255976642587289	4.16570173909876	24.4610632445279	4.86193772557938e-05	0.00038171889128476	231093	Agbl5
231123	328.6	319.4	0.0467294602488588	2.86653031688359	0.467635221915395	0.500674974257279	0.625692208016143	231123	Haus3
231125	1175	1601.6	-0.445503351786774	5.97584397355285	132.503291422022	3.2317967870499e-11	5.36924031724359e-09	231125	Zfyve28
231128	2187.2	2336.2	-0.094704339383567	5.91920056651155	6.74693970801744	0.0158457405431501	0.0426505449589578	231128	Fam193a
231130	185.4	237.2	-0.356248320081405	3.96646774282198	41.0724312155173	1.30236924248988e-06	2.00901227651533e-05	231130	Tnip2
231134	703.8	733.8	-0.0690085699000766	3.39552759062039	0.759610844502391	0.392148932242409	0.525290169878201	231134	Dok7
231147	16	12.8	0.309027167411669	1.08114405602636	5.74056099228917	0.0247921081567501	0.0611301827529284	231147	Sh3tc1
231148	3040.6	2605	0.222461439059176	7.53470805640109	32.2380829941096	8.16778423918597e-06	8.96409668892893e-05	231148	Ablim2
231151	887.8	829	0.0957046881114225	4.79543201339154	5.36094565511335	0.0295268557486031	0.0702311571386111	231151	Tada2b
231207	2330	2287.6	0.0266274274292359	6.3556721777188	0.321919208456031	0.576239518471873	0.691430018262697	231207	Cpeb2
231214	379.4	474.4	-0.322327272584053	5.22959765149914	51.1172835731587	2.26845246489285e-07	4.97544945790004e-06	231214	Cc2d2a
231225	3373.4	3062	0.140061135331724	5.98256740102545	18.3668058833935	0.000258907509161584	0.00151938657629782	231225	Tapt1
231238	5249.8	5073.8	0.0502522556058206	6.780520229133	1.7745617242897	0.195422329942132	0.309210110233561	231238	Sel1l3
231279	1037	1252.2	-0.271738692621613	4.82372727068002	29.011631900663	1.60554512553e-05	0.000156378364180664	231279	Guf1
231287	152	156.6	-0.0501878678454978	2.62712102338025	0.239773577734604	0.628848287020354	0.735221867245422	231287	Atp10d
231293	202.6	186.8	0.111600947606213	2.78380229973474	1.24508050851457	0.275889113777011	0.402432258606611	231293	Cwh43
231326	440.4	444.6	-0.00790089962557491	4.04958472667063	0.0187527997895662	0.892228240443365	0.931659904112164	231326	Aasdh
231327	345.2	328	0.0671350118641749	3.94046766540594	1.24582990444612	0.275482104091648	0.402071622299652	231327	Ppat
231329	3320.2	3321.2	-0.00294319227308152	6.26303701699638	0.00673495224073853	0.935279230020245	0.959738820437366	231329	Polr2b
231380	805.6	606.2	0.413527116609925	4.44662099394381	55.4964453326936	1.14022057241028e-07	2.88124967720597e-06	231380	Uba6
231386	1951.8	1562.6	0.320157050489969	5.89603153472229	70.713928968738	1.36770014240794e-08	5.34290212388227e-07	231386	Ythdc1
231413	8164.4	8307.8	-0.0251593325379772	6.71285929531964	0.758067536531359	0.392622861210961	0.525654949605709	231413	Grsf1
231430	385.8	414.2	-0.0947837847311136	3.27080179969079	2.05974852086355	0.164234349526341	0.270832092190956	231430	Cox18
231440	748.2	793.8	-0.096588540404773	5.16048854339359	1.18765250910741	0.293898973912468	0.42222599830343	231440	Parm1
231452	838	837.2	0.002565942839276	4.81951754022912	0.00358910013850817	0.952727751033568	0.970605451415553	231452	Sdad1
231464	284.2	274	0.0634798306476594	3.54726811950473	0.827309217778333	0.372162315739898	0.505709703083998	231464	Cnot6l
231470	250.6	252.2	-0.0161475316422518	5.62364280174138	0.0667387451011032	0.799038035093516	0.866218837414061	231470	Fras1
231474	441	413	0.0991989256189911	3.27348290274357	1.58334272675487	0.220472401663171	0.338759231810298	231474	Paqr3
231503	859.6	703	0.284801928129957	5.45926214768334	21.7649221168185	0.00016780776938759	0.00106427972739282	231503	Tmem150c
231506	446	391.4	0.191417055536213	3.90826195199636	10.1595936325579	0.00398317587219715	0.0140216327464047	231506	Lin54
231510	113.4	122	-0.115207414326557	1.43604279134993	1.02088010548906	0.322462709102713	0.453524958389668	231510	Gpat3
231532	179	179.2	0.0093129834531918	2.4090670727339	0.013500222368496	0.908475475389287	0.941837937259844	231532	Arhgap24
231549	973.4	1235.4	-0.345213918634659	5.27839051756577	60.9304334006071	5.11562381341131e-08	1.50900462447035e-06	231549	Lrrc8d
231570	3247.2	3403.8	-0.0689545499125803	7.63979279804752	3.25122569506524	0.0840338609460506	0.16036776156776	231570	A830010M20Rik
231571	910.6	961.2	-0.076027084805615	4.27777821987787	2.1570755518135	0.154995709016846	0.259384969101481	231571	Rpap2
231580	3956.2	3989.4	-0.0129382915527037	7.04543850847551	0.137248934564447	0.714304907851426	0.804576635712391	231580	Gak
231583	49.4	54.2	-0.126822844002243	1.17091929196361	0.87649085817831	0.35855853667138	0.492128486283175	231583	Slc26a1
231600	575.4	580	-0.0101934820825107	5.15237012316291	0.056730214159105	0.813777342195219	0.87693371419683	231600	Chfr
231605	6967.4	4174.6	0.742582084554236	6.71940522357549	96.9003728948219	1.56389525438137e-07	3.70892569017097e-06	231605	Galnt9
231630	518.4	446	0.215870257332509	3.83169971536929	18.5648550369608	0.000244228881229454	0.00145032220595338	231630	Ficd
231633	953	722.2	0.404036883980862	4.35351160784042	45.4206582367697	5.91985363358953e-07	1.06292626608575e-05	231633	Tmem119
231637	340.8	295.2	0.206147695945293	3.80052495352424	14.3660317938814	0.000902347869883761	0.00420998583321494	231637	Ssh1
231642	132	127.4	0.0638401264156854	2.22449842451291	0.441397828930364	0.512828202162555	0.636696343760313	231642	Alkbh2
231646	27.8	18.8	0.583610043777405	0.809295708015183	15.1008082023485	0.000709847663722175	0.00347095335975654	231646	Myo1h
231659	4478.2	4061.4	0.141757100053935	6.62878626069843	16.3983042274899	0.00047036578453549	0.00248944234700695	231659	Gcn1l1
231668	38	35.8	0.0753076789149202	1.08665305874056	0.371681325270449	0.547860293883591	0.667243199653197	231668	Vsig10
231670	4576.6	4310.2	0.0876062494351599	6.95535776898539	6.67683147275085	0.016336378741116	0.0436946740051981	231670	Fbxo21
231672	3329.6	3135.4	0.0884069914423929	5.64162088276164	5.61980210215328	0.0261997084920591	0.0638664815111273	231672	Fbxw8
231691	128.8	109.2	0.231935948706007	1.20443891090284	2.92644663224756	0.10013171309632	0.183752951642836	231691	Sds
231712	1239.4	1173.8	0.0789717627064324	6.11851693102083	6.07754704820046	0.0212891064046555	0.0539239500084584	231712	Trafd1
231713	1782.2	1589.2	0.160394475043836	5.33896396276805	11.2307359283481	0.00267567817636243	0.0100557078422108	231713	Naa25
231717	565.2	556.6	0.0155401272010199	3.33406656816562	0.0514480719256549	0.822497397593128	0.882616876905433	231717	Fam109a
231724	25.6	28.2	-0.133744328020292	1.53201019115744	1.43001487314919	0.243529046002876	0.366327104229136	231724	Rad9b
231760	3605.2	3319.8	0.117635113032643	7.77987420528163	8.80936925134587	0.00689185567803504	0.021688413231073	231760	Rimbp2
231769	1176	1110.6	0.0817071365176584	6.34273761109953	2.62353213704263	0.120721497783867	0.212818619821969	231769	Sfswap
231801	735.4	775.2	-0.07736579116026	5.13133005329944	2.45467031210621	0.13036327700872	0.226474856476446	231801	Agfg2
231803	1232	1197.4	0.0394832443907302	5.2200894713894	1.02006689300922	0.322651539217745	0.453746385274693	231803	Mepce
231807	1344.4	1333	0.0107960924081845	6.10471621374972	0.112260136101854	0.74051778373006	0.824280259275112	231807	BC037034
231821	7942.8	8039.8	-0.0162472845703892	7.63682338658182	0.280478724547254	0.601288556127326	0.712671159513274	231821	Adap1
231830	27	56.8	-1.03483382619442	0.818697832802197	42.0091456158748	1.09398016784652e-06	1.73953678174407e-05	231830	Micall2
231834	316.8	323	-0.0345527025774303	3.30386514713541	0.297875224324752	0.590291947817384	0.703154756366612	NA	NA
231841	687.6	757.4	-0.145028525069087	4.24076708889093	7.39550730654525	0.012005041039388	0.0341374902977206	231841	Brat1
231842	130	165	-0.34019139271642	3.4760446685291	22.5033003574314	8.10673882815276e-05	0.000579213064864656	231842	Amz1
231855	333.4	291.2	0.194067630754111	4.67090934610042	22.7571748323517	7.57692980559657e-05	0.000546219169127645	231855	Ap5z1
231858	406.2	457.4	-0.171034995551151	4.21300076051042	7.83985217749669	0.00997052845202967	0.0294753013181658	231858	Radil
231861	2991.2	2783.8	0.103858025401039	6.82717797941741	8.92144376906403	0.0064338680789916	0.0205151399103782	231861	Tnrc18
231863	239.2	190	0.331784299159396	4.26568675764983	33.3176966905626	6.14954167128369e-06	7.13939560776984e-05	231863	Fbxl18
231866	2227	2004	0.160487048330622	4.41841721933361	8.30015527323018	0.00825543934284695	0.0252591279131054	231866	Zfp12
231868	326.8	292.8	0.159666316617134	4.14752215517532	6.44681116201909	0.0180679912457207	0.0472336309397084	231868	E130309D02Rik
231871	1139.8	1466.4	-0.368948841317058	5.36113193708939	58.8184622916187	6.94071747803771e-08	1.91452538983887e-06	231871	Daglb
231872	644.8	653	-0.0176782827590699	4.44394198573619	0.149568452164789	0.702380952239496	0.795503391605522	231872	Aimp2
231874	2219	2421.6	-0.129530565471231	5.24685443330169	9.8099789413872	0.00455057004541506	0.0155787237359301	231874	Ccz1
231876	19723.8	21287	-0.110157124442602	8.222496402418	9.02366048412825	0.0061788897755799	0.0198905084272845	231876	Lmtk2
231887	1376.2	1435.8	-0.0656618732943984	6.7641605587673	1.53180980274894	0.231371431229944	0.352099670140831	231887	Pdap1
231889	859	806.4	0.093087712423026	4.41963409214612	3.06939599838526	0.0926433057071606	0.172871977884237	231889	Bud31
231912	3688.4	3347.2	0.138610498241221	6.58860847186003	14.4943916232686	0.000864981695688705	0.00406583591202749	231912	Katnal1
231915	1435.2	1480	-0.0454184993466576	5.34132254518006	1.21570345767915	0.281219466466172	0.408312020924365	231915	Uspl1
231931	55	28.8	0.900608777904978	1.99040624549837	93.0445460870436	1.06350575538909e-09	7.35498190832248e-08	231931	Gimap6
231986	1984.6	2008.6	-0.0157499844479159	5.19013569979096	0.137209277316088	0.714344262217871	0.804576635712391	231986	Jazf1
231991	1.2	2.8	-0.875630834436902	0.0771837757272604	19.7501243689641	0.000173280758907897	0.00109437703354312	231991	Creb5
231997	515.4	399.8	0.36712283964071	3.44167441728533	23.0743415448155	6.96726322504811e-05	0.00051019604447012	231997	Fkbp14
231999	861.6	818	0.0750895215464298	4.21188604549186	1.67584922801142	0.207884188881548	0.323858381773431	231999	Plekha8
232016	176.8	179	-0.0282923595667874	1.74869771370042	0.0506700047283506	0.823821122680076	0.883543111020095	232016	Ccdc129
232023	11088	10408.8	0.0911454593222586	7.39407444154628	6.94682464886767	0.0145340558244378	0.0398322417304558	232023	Vopp1
232035	434.6	403.8	0.100029142323086	3.4822564792901	2.09641671490951	0.160677838217686	0.266426233061653	232035	Ccser1
232078	102.2	130.4	-0.369453490248888	1.6463116321016	8.05577168251753	0.00912159530013014	0.0273925535914513	232078	Thnsl2
232086	156	213	-0.45216148698228	3.65162148164349	64.3600216909729	3.16764152908211e-08	1.03586177966862e-06	232086	Tmem150a
232087	8110.4	6023.6	0.429230334611224	7.548511666074	214.345874219593	2.08647323822798e-13	1.07706729233383e-10	232087	Mat2a
232089	843.2	788.4	0.0999172161219122	4.29087625215455	4.45532907446262	0.0454799314529793	0.0991802850364157	232089	Elmod3
232146	478.8	375	0.354213100541615	2.9930417016125	15.1963774428555	0.000690472099043506	0.00339574131322723	232146	Eva1a
232157	583.8	531.6	0.139463813479768	3.24429189820031	4.08605002305284	0.0546109470511353	0.114704044014816	232157	Mob1a
232164	5722.4	5378.2	0.0900037326351579	6.26824408892452	7.71890559480639	0.0104838026047107	0.0306202634718596	232164	Paip2b
232174	390.6	229.6	0.776367628907404	4.25379179486371	42.7949222686306	1.60384934445076e-05	0.000156318532870474	232174	Cyp26b1
232187	1777.4	1958	-0.140481909714797	5.63427301279112	13.9340387012223	0.00104161483051264	0.00471515839656425	232187	Smyd5
232196	1302.6	1290	0.0098705908472651	4.38556049361266	0.0231720564561915	0.880323132315939	0.923187110118756	232196	C87436
232201	1091.8	897.8	0.291186573789969	4.15375414569879	8.68484761860792	0.00944823010875726	0.02819837249473	232201	Arhgap25
232210	919.8	916.2	0.0152006162823201	3.90082243131075	0.0597120249950766	0.809043935203795	0.873397642798988	232210	Hmces
232223	548.4	888	-0.684783767256449	2.55337482327281	30.8350898304644	1.67191352226512e-05	0.00016196942393311	232223	Txnrd3
232227	11838	11129.2	0.0879220491754064	8.50447997183932	7.59721165652747	0.0110297770024852	0.0318593918453081	232227	Iqsec1
232232	3175.6	3204.2	-0.0134713091705769	7.72532391345276	0.241944236968663	0.627307146813734	0.734059059265359	232232	Hdac11
232236	727.8	774.4	-0.0923801879104776	4.45203311679113	3.20042228099968	0.0863428846602959	0.163810714752185	232236	Ccdc174
232237	367.8	329.8	0.172682064880033	3.28296948315239	3.7425105397462	0.0656103296734397	0.131957667541781	232237	Fgd5
232286	1567.4	1479.6	0.0844791766458453	5.34530947324773	4.15065276923694	0.0528741008978057	0.111976887088188	232286	Tmf1
232288	211.6	234.8	-0.148591340719814	4.18897756758702	7.42579618716032	0.0118527099323157	0.0337953853162939	232288	Frmd4b
232314	3571.6	3106.4	0.202042157999717	5.28913829664191	19.3694975279202	0.000193253579016831	0.00119422284356959	232314	Ppp4r2
232333	21247.8	21190.8	0.00425945330925395	8.77960302301289	0.0232394137735977	0.880119849414021	0.923167801410033	232333	Slc6a1
232334	181	215	-0.257463440641134	3.41767615242414	9.32998223470809	0.00557380802654826	0.0182968597616118	232334	Vgll4
232337	1447.2	1638	-0.176369627624073	3.94469769881449	8.48117875957822	0.00767217781097481	0.0237714165230075	232337	Zfp637
232339	212.2	208.2	0.0258204610465276	4.17341308780546	0.166589751723602	0.686805643467924	0.78301055664759	232339	Ankrd26
232341	1890.6	1782.4	0.083231938986608	7.84272822222402	4.511372164938	0.044519652365566	0.0975719568297031	232341	Wnk1
232345	67.6	28.2	1.20959485539748	1.30225018232726	83.1427301959685	3.08648077862006e-09	1.65229604348794e-07	232345	A2m
232370	23569	22046.8	0.0953216044547017	8.91903856892052	7.81640091414663	0.0100678477117047	0.0296436485689509	232370	Clstn3
232400	81.6	98	-0.278085167365752	2.4848946509513	3.467916618204	0.0799630211830673	0.154269288331561	232400	A2ml1
232430	2470.2	2205.2	0.164017435453568	4.93849033762731	9.70821730465499	0.00473193957128913	0.0160892624237622	232430	Crebl2
232440	478.2	445.6	0.0980448740726038	4.48723324736273	3.28669350749189	0.0824639117811451	0.158056420504141	232440	H2afj
232441	24.4	26.2	-0.0940914600078061	2.26744908333951	0.982855391406757	0.33145782736186	0.462843342352268	232441	Rerg
232449	41.4	48.2	-0.218607411623242	0.345044514609374	1.6396200053098	0.212704412368928	0.329836101810158	232449	Dera
232491	367.2	356.8	0.0412623397649883	3.21232655418769	0.387465419934641	0.539547428511681	0.660228456798835	232491	Pyroxd1
232533	3718	3624.2	0.0428942544632174	4.80478064118904	0.762491922334473	0.391266464763039	0.524613137280954	232533	Stk38l
232536	366	345.4	0.0811685661355542	3.9200040526466	2.0296039587606	0.167229471217464	0.274238118558795	232536	Mrps35
232539	2710.8	2568.2	0.0822083091617062	5.01858757524157	4.10197652536715	0.0541768476777324	0.113967713045255	232539	Klhl42
232560	356.8	465.8	-0.379341734606074	3.42534959313753	24.0684698138995	5.37719126003779e-05	0.000415403113161871	232560	Caprin2
232566	1463	1285.6	0.193833257341794	3.27254115325599	8.83689866455853	0.00665350204176446	0.0210898505508034	232566	Amn1
232599	204.4	270.8	-0.397164408413293	1.12202191440678	9.85521444232221	0.00447240424246135	0.0153585485674831	NA	NA
232664	1462.2	1666.8	-0.188676936479776	6.50227960504595	31.7745407056967	8.596209946798e-06	9.34910598728505e-05	232664	Ccdc136
232670	1798.8	1736.4	0.0531358746502639	4.47203575179117	0.602113339776313	0.446128496185922	0.577084417743988	232670	Tspan33
232679	727.4	733.4	-0.0130241603177689	3.8386018705963	0.0442607348353209	0.835158211514673	0.891016587783905	232679	Zc3hc1
232784	480	461.4	0.0551951731545785	3.80724847258648	1.06442256300254	0.312569184221399	0.442885500317233	232784	Zfp212
232785	344.6	470.2	-0.458032722570593	3.00357015552462	31.568904978188	8.99515909003238e-06	9.68822872483815e-05	NA	NA
232790	167	121.4	0.473403239165579	1.78082376344142	22.2955304167956	8.57032040448985e-05	0.000608635542594897	232790	Oscar
232791	854	718.8	0.248514383840944	5.60206584349809	40.9991963644868	1.32038918615631e-06	2.02599843914048e-05	232791	Cnot3
232798	6768.6	7557.6	-0.159996039090297	8.85170481410976	28.102506564018	1.98685392700416e-05	0.000185997322933408	232798	Leng8
232807	3185	3079.4	0.0488581910636226	6.95390888133602	2.59727004587546	0.120218510242605	0.212114056035964	232807	Ppp1r12c
232811	265.6	255.8	0.0587785654324697	3.87757670148515	0.778030145451901	0.386557521677992	0.519990918411698	232811	Kmt5c
232813	9147.8	6788	0.429652207466239	8.27113573243586	160.709688044617	4.4250666592629e-12	1.20679082062238e-09	232813	Shisa7
232816	159	144	0.14108890321947	3.60722599241944	4.82468788874102	0.038030007651444	0.0861036545416623	232816	Zfp628
232821	727.6	816.2	-0.166187150063193	4.79051333063878	11.1032120241347	0.00280330802232656	0.0104430448852341	232821	Ccdc106
232853	293	259.2	0.163890532404739	2.80741458037964	4.56113843551384	0.043190430872946	0.0952145401309255	232853	Zfp954
232854	64.2	60.2	0.118125798899287	0.862453748126979	0.509066637374163	0.482474659928	0.610121499090054	232854	Zfp418
232855	1443.4	1227.4	0.231048774194605	3.3488984452223	10.8880107149422	0.00303404845812342	0.0111276671945486	232855	Zfp772
232875	772.6	939	-0.281881347311941	4.70812898079633	30.4492287659749	1.15516699804734e-05	0.000119518853183796	232875	Zscan18
232878	373.8	318.4	0.235163261131252	3.27213110227337	13.0455908283775	0.00140768135452553	0.00599311525723478	232878	Zscan22
232879	864.2	865.4	-0.00525193902469015	4.49350129405897	0.0106001478306427	0.918858828227983	0.948859434393603	232879	Zbtb45
232906	18457.8	17084.4	0.11329259431166	8.25572965326568	13.5399236359961	0.00118929161378741	0.00525206873989711	232906	Arhgap35
232910	3388	3375	0.00642652485268276	6.85932753909307	0.0344427339504765	0.854339253505545	0.904263295999498	232910	Ap2s1
232933	136.8	142.2	-0.0519020774127661	3.01950728831896	0.404543318933463	0.530815544529673	0.652748671144453	232933	Ccdc61
232934	581.8	583.6	-0.00717493635326598	5.12066331185019	0.0193705273415256	0.890479304482922	0.930657112581067	232934	Mypop
232944	1234.4	1243	-0.0116108862217994	6.04741473293657	0.0802687520413633	0.779380902396416	0.85268232520599	232944	Mark4
232946	1144	1039.2	0.146432164274793	3.26991229645826	3.54916121152582	0.0718369611431631	0.141771086341245	232946	Bloc1s3
232947	5065.6	4439.6	0.19084203455225	7.58436160463832	40.4553818123978	1.46297125006016e-06	2.20268608837183e-05	232947	Ppp1r37
232969	667.2	618.6	0.10632164978671	4.60335298782091	2.55206220609926	0.124782107266123	0.218565266411118	232969	Zfp428
232975	109531.2	103183	0.0853370094329841	10.9166316244334	7.70007424468759	0.0105663059392462	0.0308034319834298	232975	Atp1a3
232976	566.6	599	-0.0825560040529747	4.99001742999968	2.66631775092059	0.115641301806162	0.205467655354181	232976	Zfp574
232984	103.6	97	0.0983701631215563	0.390076662990266	0.342538578560768	0.563870604041308	0.680941240773086	232984	B3gnt8
232987	265.6	224	0.247940634970161	3.42311273801695	15.007979521846	0.000731488345635684	0.00355512190578957	232987	B9d2
232989	2146.4	2175.8	-0.0214731233259238	6.34073306776145	0.300309673541607	0.588786723383026	0.701940225979731	232989	Hnrnpul1
233011	852.8	740.6	0.206894271058223	3.08130240573996	7.55512285837389	0.0112258373111497	0.032296626690955	233011	Itpkc
233016	76	80.4	-0.0887370601678455	2.7297414449656	1.03801579799991	0.318518785586143	0.449377308624901	233016	Blvrb
233020	1544	1488.8	0.0539575111167686	6.14225951643919	0.596810621516724	0.451754560248297	0.582329475950136	233020	Hipk4
233033	1861.2	1438.8	0.370121291208865	6.31651156247541	93.1053450330886	1.056873452451e-09	7.34632224068625e-08	233033	Samd4b
233040	503	528.2	-0.0714703287577555	3.48932953593581	1.61328708786139	0.216295749156989	0.333796578936058	233040	Fbxo27
233046	223	197.6	0.173897325514779	2.68029277634827	4.26924840714784	0.049845623744468	0.106657090392678	233046	Rasgrp4
233056	253.4	211.2	0.259195955619222	3.67221722006107	21.5937864537767	0.000103618830496514	0.000710150107158185	233056	Zfp790
233057	431.2	402.8	0.0956967550306539	3.54485181448351	2.10855900381508	0.159520636223985	0.264932928413361	233057	Zfp940
233058	478.4	405.6	0.247531225542965	3.05438316075801	4.04332034021937	0.0603141074212811	0.123656753002439	233058	Zfp420
233060	149.8	139.8	0.103111635053896	2.39818822538638	1.36567776128042	0.254117006715146	0.378348497637075	233060	Zfp382
233064	10	12.4	-0.245227193298814	1.25300454512905	3.81894377376984	0.0625117321464285	0.127241878107939	233064	Wdr62
233065	339	348.4	-0.0429769911010653	4.86951141699614	0.960554042398205	0.336895811673628	0.468806398568462	233065	Alkbh6
233066	52	41.4	0.336265395159332	1.72867443812109	5.94766277426678	0.0228351165390107	0.0571827398570445	233066	Syne4
233067	673.8	628.6	0.0996114179383359	4.57999707615756	4.36525466902519	0.0475369395973399	0.102720724314539	233067	Lrfn3
233071	4491.8	4563.6	-0.0219071728031985	7.93645149674627	0.499087185419406	0.486753799859691	0.613814292721337	233071	Arhgap33
233073	577.6	585.8	-0.0205615613053646	4.77871126232046	0.224517947572584	0.639932416765958	0.744221107365922	233073	U2af1l4
233103	176.8	178	-0.00902668371352751	3.91556675344656	0.0250153264141931	0.875661858571905	0.919960495987666	233103	4931406P16Rik
233107	165.2	210.2	-0.344073318278939	3.58522731272277	19.4526147569364	0.000188687522125827	0.00117101307205097	233107	Kctd15
233115	1978.4	1583.2	0.323777417523969	5.62282780973301	51.6087683112883	2.09567116694296e-07	4.66730832773399e-06	233115	Dpy19l3
233147	99.4	89	0.141418849727879	1.13764737431211	0.984829956438719	0.330982239910917	0.462510913792157	NA	NA
233168	102.4	96.4	0.0840790414045927	1.61380023680137	0.565828450387536	0.459289345990468	0.589309206120393	233168	AI987944
233189	104.8	98.2	0.0785639357184345	2.09304024392441	0.596663057350198	0.447449784668557	0.578224335055818	233189	Ctu1
233199	37.6	44.6	-0.248560198645582	0.374375000735409	1.90404150947826	0.180440237671774	0.290337411514486	233199	Mybpc2
233204	825.2	929.8	-0.172259527522667	5.44620421684084	19.5031166100026	0.000185970583377598	0.00115812960454106	233204	Tbc1d17
233208	4022.4	4039	-0.00543139472436573	7.33709565971224	0.0240773546478668	0.877995421960057	0.9216752000153	233208	Scaf1
233210	1162.2	1203.4	-0.0499133826652775	5.99767266305607	1.72849136073484	0.201119834296694	0.316079817867176	233210	Prr12
233246	7.8	8.8	-0.193426280647406	0.667005722077668	0.879225634521547	0.358713396767504	0.492200819904832	233246	Ano5
233271	3656.4	3564.4	0.0384136258380622	7.48354385927573	1.12992539856019	0.298447745817525	0.426767285125298	233271	Luzp2
233274	217.2	256.8	-0.252391898152161	3.09202571263431	11.0053800266311	0.00290573382544751	0.0107577748201568	233274	Siglech
233276	1183	1270.8	-0.101083714451037	4.83729482200513	4.34315830175666	0.0480574209841014	0.103613061292393	233276	Tubgcp5
233280	1415	1462.6	-0.0380154816961197	4.54266169192632	0.387387786068488	0.53961040802237	0.660249626475521	233280	Nipa1
233315	555.8	502.4	0.143834149622507	4.39604346457585	5.85608527153261	0.0235238304542227	0.0585725142782661	233315	Mtmr10
233328	431.8	467.8	-0.107072618926947	2.65220389267648	1.59026628018967	0.219497771532139	0.337656533602122	233328	Lrrk1
233332	244.6	186.4	0.388891522336341	3.02680205696057	22.7123462354467	7.66767792017838e-05	0.000550838054961522	233332	Adamts17
233335	2445.6	2683.6	-0.127442888419965	5.70535501094777	1.05978011037909	0.324359671615705	0.455654381731975	233335	Synm
233405	1389.8	1391	0.000736870122877994	4.60115042318476	0.000291662243198104	0.986516513709801	0.991593163363106	233405	Vps33b
233406	309.4	323.6	-0.104086407929147	1.94772431936128	0.631766820702774	0.434829314861632	0.566791222946801	233406	Prc1
233410	1852.2	1758.4	0.0724099644049487	5.49238031821244	3.44940729499992	0.0756795931558401	0.147521623664803	233410	Zfp592
233424	63.2	60.2	0.0803123684269894	0.859451071485074	0.322835073207855	0.575225591546534	0.690586429978055	233424	Tmc3
233489	1984	1760.6	0.17168275315375	6.31563630766424	27.2837515486527	2.41536227064739e-05	0.000217518045233255	233489	Picalm
233490	2175.8	2191	-0.00968414151998153	6.06677813920956	0.0410694457647039	0.841226552498244	0.895597246985447	233490	Crebzf
233529	31.2	41	-0.400973410781423	1.18184778298524	9.43294815474366	0.00526349730084432	0.0174469420004801	233529	Kctd14
233532	2463.6	2374.8	0.0537869529807442	5.91538955484305	2.09031470076129	0.161263196386925	0.267212913054753	233532	Rsf1
233545	944	894.6	0.0776036630670113	5.88694821105537	2.10495721066317	0.162017362702307	0.268013524290617	233545	Emsy
233552	639	602	0.0896532406182739	5.0655405643596	2.18995367836949	0.153498092894101	0.257474925692392	233552	Gdpd5
233571	48.4	41.6	0.201563685240901	0.874542016149695	1.4704157015273	0.237168019424862	0.358955659975597	233571	P2ry6
233575	182.6	191.6	-0.0737447318452007	3.18296736491847	1.05206009227697	0.315335467731385	0.44562562090237	233575	Pgap2
233637	58.4	63.8	-0.157785259674353	0.998708299920262	1.22519040096359	0.279395895675	0.406399142204534	233637	Twf1
233649	40.2	52.2	-0.395358263703146	1.18537732810854	10.172774619798	0.00396335743804488	0.0139620688300026	233649	Cnga4
233651	757.8	718.4	0.0760321375685096	4.1394523813075	2.18777093336921	0.152212382321264	0.255763517097367	233651	Dchs1
233724	1282.8	1209.8	0.084458846471431	4.82884520904011	4.00640856620312	0.0568416012916973	0.118333358068586	233724	Tmem41b
233726	6765.8	5974	0.179492407243321	6.89605303353046	25.1953367218221	4.03642285569291e-05	0.000328689892710904	233726	Ipo7
233733	1120.6	937.4	0.255279558302663	5.13371279459163	26.8891368783824	2.65689534206992e-05	0.000234879298313631	233733	Galnt18
233744	5479.8	5004.2	0.130249432867652	6.77186719584917	6.93976043296968	0.0158662874890413	0.0426821737142385	233744	Spon1
233752	2.6	4	-0.461440905347086	0.923378053750183	10.2793609224932	0.00380700788237329	0.0135001206898488	233752	Insc
233765	506.6	571.6	-0.177515582675192	5.01273269368155	12.7719511206434	0.00154711201659814	0.00647609530492599	233765	Plekha7
233781	546.8	521.6	0.0689892937188779	4.73346374371499	1.261446989678	0.273140745886138	0.399511874219616	233781	Xylt1
233789	5119.6	4465.8	0.197889276161663	7.19752166881869	27.664404430338	2.20481892652592e-05	0.000201826806611816	233789	Smg1
233802	2186.8	2111.4	0.0519355223688296	5.37142403720153	1.66475214683903	0.209346035350533	0.325679431165279	233802	Thumpd1
233805	1192.2	1081	0.142349374320025	4.56142380636245	10.4114158255205	0.00362259381168563	0.0129612859825535	233805	Dcun1d3
233806	581	528.8	0.140916154734315	3.9694527279057	4.341725086	0.0480914016113092	0.103670860386259	233806	Tmem159
233812	5129.6	5039	0.0274417962040626	6.17543088060484	0.471169141727291	0.499076652333029	0.624342559531037	233812	BC030336
233813	294.4	482.8	-0.718174687082374	3.81378114779876	95.0175153416727	8.69555898421789e-10	6.38695341125619e-08	233813	Vwa3a
233824	1597	1765.4	-0.14510171730711	5.38306611674778	13.4917530510955	0.00120885399076182	0.00532219786246463	233824	Cog7
233826	55.8	83.2	-0.644459965918949	0.746519191704548	15.2121501769225	0.000684806549067862	0.00337361753927297	233826	Palb2
233833	1555.4	1656.4	-0.0890140783908169	6.46778166077878	5.69674924661558	0.0252928272873788	0.0621105208310862	233833	Tnrc6a
233863	6772.6	5813.8	0.219805980713341	7.56369796770159	43.6895749657204	8.05203654776761e-07	1.37083788293796e-05	233863	Gtf3c1
233865	920.8	789	0.223033928512985	5.35064828743952	36.4176350851877	3.22558322125501e-06	4.20781406859386e-05	233865	D430042O09Rik
233870	727.2	709	0.0457755657534592	3.56090720476105	0.425771687668033	0.520318020223928	0.643245896755077	233870	Tufm
233871	3567.4	3524.6	0.0165031900871603	7.817184967078	0.284453608782199	0.598737833470729	0.710288628117688	233871	Atxn2l
233875	228.6	207.6	0.136573533321189	4.21977207181751	5.97501014535694	0.0222930489765761	0.0560779202762673	233875	Ino80e
233876	329.6	372	-0.175176055149774	4.92165513767291	16.6818021870709	0.000430764176334501	0.00231977101517842	233876	Hirip3
233877	2745	2846.8	-0.0545834209410468	6.95203355978278	2.00831524212313	0.169384531822699	0.276517282919053	233877	Kctd13
233878	15192.4	13792.8	0.139117561004962	8.55586385463825	19.362378782096	0.00019365019854623	0.00119565141810646	233878	Sez6l2
233879	388.4	386	0.005854206248155	3.99777428693437	0.010219938303254	0.920322063569649	0.949638868808006	233879	Asphd1
233887	368	367	-0.00131613730724114	4.14865820780603	0.000545731056595797	0.981556970281341	0.988551670303731	233887	Zfp553
233890	122.4	146.2	-0.252482249710637	3.45913661211038	15.601424775157	0.000604542348904546	0.00303826672846534	233890	Zfp768
233893	287.6	341.8	-0.25601628810506	1.89636376504542	3.75019165500102	0.0650395445698742	0.131003564271594	233893	Zfp764
233895	703.8	703.2	-0.000257604623922015	4.75330810400344	3.00538508648865e-05	0.995671555176943	0.996596630006368	233895	Prr14
233899	146	197.6	-0.440946981305848	2.27596347788796	21.5243550783375	0.00010560145420362	0.000721003032148856	233899	Ccdc189
233900	1530	1463.6	0.0634624372386182	6.20723013481978	3.5930465191438	0.0702174062063834	0.139202083295442	233900	Rnf40
233902	1967.8	1921.4	0.0337689453409689	6.44149705083059	1.16840612201192	0.290549987325319	0.418537922742691	233902	Fbxl19
233904	2205.2	2203.8	-0.00134094815343936	6.53441523763163	0.00134557188536043	0.971044166655081	0.982315868509426	233904	Setd1a
233905	800.2	748.4	0.0950251281843348	5.03641381245844	2.87183650208105	0.10365717088003	0.189031131453438	233905	Zfp646
233908	2924.2	3509.4	-0.265285674580214	7.63478492182866	28.3315589725183	4.36342393211668e-05	0.000351077902571844	233908	Fus
233912	258.4	287	-0.156554821332493	3.72211490742734	6.92790561838387	0.0146529163507527	0.0400819933636979	233912	Armc5
233913	808	893.6	-0.142921752918594	4.0546111913064	6.26209733130563	0.019606094749722	0.0504515744191708	233913	BC017158
233919	97.2	107.6	-0.103010903700972	5.4757941459143	0.273506073266111	0.611167463252592	0.721363262604358	233919	Gpr26
233977	562.8	536.6	0.070377646129372	5.54853042933912	4.47624000740934	0.0450168468361861	0.0985271811281395	233977	Ppfia1
233979	53.2	51.6	0.0409104680839047	2.18320642814756	0.171443146943488	0.682536498313648	0.779440826943626	233979	Tpcn2
234023	3367.6	3713.8	-0.14271229562341	6.58926639004292	22.4026419410607	8.32783354412834e-05	0.000592958157866163	234023	Arglu1
234069	1131.6	1157.2	-0.030189160822305	4.81301266952554	0.412786210656503	0.52669384481099	0.649064625935624	234069	Pcid2
234076	1584.6	1480.2	0.0993824824376944	5.49657403087859	8.97466136187169	0.00629970589108658	0.0201942667885929	234076	Tmco3
234086	94.8	88.6	0.0944909336000275	2.2623966270142	1.03691445418152	0.318770274521979	0.449600463304126	234086	Erich1
234094	238.6	206	0.210753347994079	5.32367462729716	7.6743149872969	0.0137868195977351	0.0382118294277397	234094	Arhgef10
234135	2675.4	2405.6	0.155778953759248	6.68128350913654	23.4386261492976	6.33202588131237e-05	0.000473722060499426	234135	Nsd3
234138	636.2	583	0.127615270556554	4.09322463901024	4.66978525162337	0.040973412988287	0.0913089286667746	234138	Tti2
234214	9767.8	11055.6	-0.179493810530707	8.28051713450746	35.8905616581074	3.59072977869248e-06	4.59295647975408e-05	234214	Sorbs2
234267	38000.8	37723	0.00938815578639164	10.3602682158218	0.0433624088667677	0.837321718835918	0.892525672865365	234267	Gpm6a
234290	301.6	359	-0.256843883065119	3.30133134662739	14.9299389113586	0.000750238190488965	0.00362310150528817	234290	BC030500
234309	771.8	891.6	-0.220623615124545	3.20776288071235	9.80808210379683	0.00455388026802133	0.0155828090421355	234309	Cbr4
234344	891.8	935.4	-0.0641357204151784	3.72032368439661	0.808267692827826	0.377630197315133	0.511265162232384	234344	Naf1
234353	14700.4	13352	0.140181819088563	9.0546515517757	28.2744847345112	1.90778538493874e-05	0.000179759647678648	234353	Psd3
234356	1047	1241.2	-0.244856626714106	4.74598069851975	35.3679254776545	3.99750061834327e-06	5.01561405707757e-05	234356	Csgalnact1
234358	315.8	320.6	0.0138681869570954	1.54871538073026	0.0118752332595227	0.914136142010955	0.945827198797301	234358	Zfp930
234362	399.2	393.2	0.0404744206634041	2.5191814550318	0.158477442759818	0.694107187009491	0.789135800830322	234362	Zfp868
234365	182.2	151.2	0.268579835133308	2.81128991192389	8.9076741745109	0.00646908995425989	0.0206138064812329	234365	Yjefn3
234366	805.6	794.4	0.0209016491419597	4.82191001119845	0.219417554110952	0.643741591653322	0.746820849647412	234366	Gatad2a
234371	544.2	486.8	0.156571676606988	4.83199602992614	14.4557308525665	0.000876055379292601	0.00410720222260631	234371	Tmem161a
234373	3671.4	3763.2	-0.0353192274742371	6.90206449964512	1.21168580466558	0.281996474390105	0.409070357369989	234373	Sugp2
234374	298.8	314.4	-0.0756978283522986	4.00145610995245	2.14530674582024	0.15607901603319	0.260726520805992	234374	Ddx49
234378	1201.4	1015.6	0.244315510744412	5.62053722361814	48.6371799288952	3.41157590430757e-07	6.79440378133178e-06	234378	Klhl26
234384	231	273.2	-0.242376329599795	3.13361731357392	10.0617432494871	0.00413373820932249	0.0144465537140013	234384	Mpv17l2
234388	561.2	576.8	-0.0409066112134239	6.05611642195183	1.05963275011135	0.313637035778408	0.443969201567383	234388	Ccdc124
234395	75	96.2	-0.34992900671424	2.54920829593344	13.5361702719175	0.00119080340761556	0.00525448814620742	234395	Ushbp1
234407	2115.8	2310.6	-0.126660957342486	5.99777742882953	16.4767215812903	0.000459029493968524	0.00244376143860812	234407	Colgalt1
234413	715	685.8	0.0681484138464407	2.53604389493052	0.742778752942076	0.397364305701482	0.530528697081952	234413	Zfp961
234463	1800.2	1777.4	0.0159925764965646	6.35862644232609	0.132539298629961	0.719101288312233	0.808051201752858	234463	Tmem184c
234515	66.2	61.4	0.104324646273181	2.0483666564008	1.55078330693338	0.226022839922478	0.345339350282772	234515	Inpp4b
234542	143	181.2	-0.334877215260297	1.8573737595849	11.7411701537127	0.00222484390778353	0.0086585605393385	234542	Rtbdn
234549	1005.8	961.8	0.066561529306208	4.6540001835559	2.1404830989307	0.156525652671892	0.261129014741404	234549	Heatr3
234577	391.8	496	-0.349427373242889	3.86834086252206	47.4704229708859	4.15426377328115e-07	8.04254094676834e-06	234577	Cpne2
234582	13.6	15.6	-0.235693722482167	0.484665029095429	1.6883735690826	0.206249550600545	0.322005941281084	234582	Ccdc102a
234593	94765.8	94602.6	0.00314629032161073	11.0112312467736	0.0154712787496699	0.902055101411746	0.938007513367294	234593	Ndrg4
234594	1394.6	1400.6	-0.0101391905387736	6.76248066297649	0.0671852905451281	0.797706535289922	0.865164722824381	234594	Cnot1
234595	1385.2	1331.4	0.0551734141110517	5.35054849506514	1.4164825523595	0.245708333597148	0.368639557077666	234595	Slc38a7
234624	43.6	45	-0.0571321457787747	1.59297490453344	0.206208749560272	0.653865344640243	0.75557739212093	NA	NA
234663	12728.2	13110.4	-0.0430153070837897	8.38503346919362	2.48069669854507	0.128438633411685	0.223803738075045	234663	Dync1li2
234664	3440.2	3698.6	-0.108130694287243	5.45358729283491	7.72017647275455	0.0104782602848227	0.0306150746223624	234664	Nae1
234678	1816.8	1825.8	-0.00792359944993146	5.30904384633685	0.0442563605995126	0.8351662329664	0.891016587783905	234678	D230025D16Rik
234683	78.4	88.4	-0.174165991399492	2.59491664928513	3.98040646673567	0.0575920881726275	0.119414150401256	234683	Elmo3
234684	5.8	15	-1.31315115718808	0.967986522262106	48.9883842316854	3.26369294967915e-07	6.59768082442831e-06	234684	Lrrc29
234686	258.8	193	0.425346179184666	3.2863008321624	37.5083125915874	2.59154900962736e-06	3.53379711180696e-05	234686	Fhod1
234695	1101	1093.8	0.0116428346561396	5.75314994190497	0.0738358189296583	0.788172431788772	0.858755037620603	234695	Carmil2
234699	1712.4	1716	-0.00603302815266968	6.51544782527926	0.0306769889541101	0.862443033613863	0.910839661541339	234699	Edc4
234723	559.8	618.6	-0.142405485040933	4.14164416934051	7.63471049573895	0.0108582728059703	0.0314583032947473	234723	Txnl4b
234725	1379.4	1275.2	0.112616853265061	4.92562190953219	7.32558777207697	0.0123649959953059	0.0349410854577031	234725	Zfp612
234728	270.6	295.4	-0.113458037694892	2.50090092068382	1.93610267938572	0.176949894777406	0.286024801958469	234728	Cmtr2
234729	488.6	532.4	-0.126680971561065	4.58232416617432	7.89395095538859	0.00974995290116846	0.0289613274215966	234729	Vac14
234730	1136.4	1084.2	0.0665794199921433	4.53652552133578	1.55845422498173	0.224021201272094	0.342754572159082	234730	Fuk
234733	957	849	0.178901001695066	5.27172323815962	12.3604925061957	0.00178596121604282	0.00727777936754521	234733	Ddx19b
234734	5253.2	5539.2	-0.0770922448594	7.55102641632714	5.94343450916573	0.0226127072091887	0.0567142234949875	234734	Aars
234736	1083.6	1044.8	0.051183571098251	4.09054321526287	0.693937544834435	0.413101971292503	0.545643415248272	234736	Rfwd3
234740	889.6	780.8	0.189185765506378	3.64311410605783	12.0592109783649	0.00198633865868015	0.00792889781070503	234740	Tmem231
234776	6594.8	6363	0.0507868632809195	6.75919120038103	2.78884075856474	0.108011419750941	0.195271677433409	234776	Atmin
234779	303.2	302.8	-0.00684739518027577	2.22054924532112	0.00461517413327983	0.946404270405983	0.966047836021532	234779	Plcg2
234796	30.8	32.2	-0.0575048898400202	2.35178243778366	0.517363719209521	0.478965146628845	0.606827669569724	234796	Klhl36
234797	20231	19600.4	0.0456341268363072	8.66845565470486	2.46071778134491	0.129913048513579	0.225882738267205	234797	6430548M08Rik
234814	638.8	604.4	0.0788543245658251	5.0316759252741	3.80536987900335	0.0629466027518215	0.127821044700032	234814	Mthfsd
234825	546.2	614.4	-0.168873614132469	4.43611966432493	11.3089867730157	0.00260051601425594	0.00981630537953387	234825	Klhdc4
234839	114	116.4	-0.0288210601516265	3.56897904471806	0.183567737275925	0.672173787721682	0.770956985218949	234839	Piezo1
234847	1689.2	1747.4	-0.0498637863707433	5.85757354660727	2.26345669593967	0.145601075606348	0.246870084581312	234847	Spg7
234852	2449	2367.8	0.0491557581433952	6.39020600070203	1.73073289394226	0.200837909502192	0.315705399015191	234852	Chmp1a
234854	1228.4	1329.8	-0.114829484425383	5.75976839128288	10.7866284436279	0.00314988256696866	0.0114767841247706	234854	Cdk10
234857	537.2	544.8	-0.0206035921974557	3.97672117231894	0.146175705981348	0.705606592294894	0.798031117764507	234857	Spire2
234865	2178	2287.4	-0.0733810606807749	5.37674570844968	3.71976238342344	0.0657698095386134	0.132216526713647	234865	Nup133
234875	1240.2	1302	-0.0688396457468416	5.30355990701225	3.41452677627147	0.0770783156929351	0.149642709875847	234875	Ttc13
234878	377	825.2	-1.14485469873885	2.36526340769071	88.3724325024586	2.09778928347868e-09	1.23761005320003e-07	234878	Map3k21
234889	1598.4	1513.2	0.0798621369938826	5.96116561677709	0.678811288094906	0.425685882756221	0.558386763713442	234889	Gucy1a2
234912	1106.8	710.6	0.645933390498394	2.87885374495884	77.6411479522153	5.83047098377737e-09	2.74579774009356e-07	234912	9230110C19Rik
234915	716.4	624.8	0.188730198573732	4.18563529146635	10.504509570681	0.00349847143119644	0.0125819621961964	234915	Cep126
234959	963.8	914.2	0.0753984646234675	4.86423121350444	3.50082287670557	0.073670434265525	0.14448201585806	234959	Med17
234967	346.8	351.4	-0.0286361659064326	4.6709030183497	0.287467970398145	0.596818805686741	0.708535442907281	234967	Slc36a4
235028	458.4	423	0.11750550982145	3.16733923315207	3.14698855734121	0.0888506483933048	0.167525081121423	235028	Zfp426
235036	153	167.4	-0.125725267342232	4.08694374320673	4.60067198172418	0.0423684879442934	0.0937529278546872	235036	Ppan
235040	865.8	744.4	0.216350290985494	4.42987449354395	18.7465750434866	0.000231554373329586	0.0013875982222661	235040	Atg4d
235041	354.2	431.4	-0.291697192044502	3.58954285314733	28.7960077282418	1.68818251464669e-05	0.000162992515241063	235041	Kank2
235043	403.4	413	-0.0308988303081288	3.44328982578022	0.195098110446887	0.662690203420631	0.763235810310499	235043	Tmem205
235044	2760	2514.8	0.132859077776253	7.43877604065402	13.5838320374068	0.00117176065913583	0.00518732881076547	235044	Plppr2
235047	234.2	231.8	0.00881045829446079	2.44253442447159	0.0090467059426628	0.925019639525963	0.952974616515201	235047	Zfp809
235048	33.6	34.2	-0.0451974598367106	0.87330833409642	0.0807488169841638	0.77874036040763	0.852413803920203	235048	Zfp599
235050	908.4	1147.4	-0.339171793183873	3.24764373326402	20.1027057508581	0.000156770107148704	0.00100485815021169	235050	Zfp810
235072	25827	27043.8	-0.0674360759158419	9.0145642517021	5.07151094322232	0.0338166983892202	0.0785325447490021	235072	Sept7
235086	68.2	44	0.64692793817953	5.20170392349112	23.0568961056976	0.000473234602759495	0.00250138794858772	235086	Igsf9b
235106	4355	4414.4	-0.0195553327289601	7.34671526161223	0.31453556297711	0.580147219511543	0.694568508795841	235106	Ntm
235130	615.6	914.8	-0.576353952979328	2.75161525789399	53.3868851833012	1.58028359926605e-07	3.73731988585082e-06	235130	Adamts15
235132	2919.4	2699.2	0.114174907513366	5.07561158184231	6.73111368840094	0.0159550548619706	0.0428890390505714	235132	Zbtb44
235134	586.8	630.2	-0.102776025783308	5.43340014785013	6.3948147594025	0.0184869895299338	0.0480336053686255	235134	Nfrkb
235169	1805.2	1948.6	-0.112326273462633	5.23333930576093	6.65353068621717	0.0165031456905205	0.0440591924290328	235169	Foxred1
235180	6246.2	6134.2	0.0252581568363787	7.72064954398639	0.665201079683074	0.422809342560036	0.555975822176379	235180	Fez1
235184	737.8	687.4	0.103954717828021	4.14515649168679	3.94962176514311	0.0584951673889186	0.120663500704928	235184	Msantd2
235281	9493	7978.8	0.250582327005371	7.03921833928101	47.1195940240634	4.41058106451567e-07	8.3992804619907e-06	235281	Scn3b
235283	2071.6	1760.4	0.232599907950936	6.75176457286914	27.9862173463105	2.39519445574767e-05	0.00021597093364552	235283	Gramd1b
235293	2552.2	2687.8	-0.0736288224689531	5.78089075754727	4.15627461153411	0.0527259348325935	0.111761352408023	235293	Sc5d
235300	2232.8	2220.8	0.011084527927754	4.4048140387292	0.0391779491660309	0.844775743144994	0.898086833731814	235300	Tmem136
235315	2027	2071.2	-0.0310033840292284	6.37570196302796	0.620603501139812	0.438591285561419	0.569987272208663	235315	Rnf214
235320	2229.8	1212.8	0.874637508828703	5.97508095452659	61.6527652089466	5.4921609881507e-06	6.51219810686877e-05	235320	Zbtb16
235323	1199	1467.2	-0.286502580041715	5.29138553709244	35.0574532672157	4.26262991938265e-06	5.29313168855299e-05	235323	Usp28
235330	25.4	27.2	-0.105229162907324	0.784091755125269	0.491594799322741	0.490009159681953	0.616185251044373	235330	Ttc12
235339	4890.8	4920.4	-0.00704858888993861	6.51561706855734	0.0472309660047614	0.829804105394166	0.88758888029063	235339	Dlat
235344	110	84.4	0.375727898182745	4.74142199943401	14.3061097593716	0.00201445049841107	0.00801896653925465	235344	Sik2
235379	49.4	77.2	-0.667044515733259	0.974142376802387	20.7986271653039	0.000128981609624372	0.000852836315421167	235379	Gldn
235380	5207	5200.6	0.00195836268550543	7.92459653164489	0.00375772726398053	0.951631413714523	0.969677860685916	235380	Dmxl2
235386	165.4	161.2	0.0392861175191287	1.42019922219787	0.121733897969069	0.74517442389713	0.827500854564315	235386	Hykk
235402	6355.8	6187.6	0.0342032450881304	8.72634875110583	0.386276848294372	0.543163037839823	0.663406239341765	235402	Lingo1
235406	155.2	144.2	0.116840801444433	2.83229157391398	1.89357437133779	0.181597888241159	0.291938146661963	235406	Snx33
235415	178	188.6	-0.0923742751107533	3.69365916610162	0.815995163157051	0.378507563366729	0.512069292484341	235415	Cplx3
235431	4720.4	4228.6	0.157233377743166	7.66048470618223	19.5329648388245	0.000184384808270735	0.00114974030144314	235431	Coro2b
235439	2117	2133	-0.0131741109904375	8.1016463634751	0.122245776337751	0.729702946259512	0.816341051488776	235439	Herc1
235441	473.8	502	-0.0909075316224094	4.11246782563592	2.50536919519027	0.126644995636861	0.2212919205676	235441	Usp3
235442	3225.6	2519.2	0.363060856056046	5.48472706674099	59.0110974053364	6.74801434713522e-08	1.87568844949024e-06	235442	Rab8b
235459	1470.8	1572	-0.0924834143007955	4.20318937030787	3.58497034562222	0.0705122965644006	0.139729193109658	235459	Gtf2a2
235461	3733.8	3703.6	0.0130116893848323	6.45127012647353	0.111918025690492	0.740898355752635	0.824526088239035	235461	Mindy2
235469	2919.8	2802.6	0.0574637020056218	5.80197338571616	2.49724134255897	0.127232591300835	0.222157510831392	235469	Zfp280d
235472	103.2	135	-0.392812012086081	1.99265232730203	17.1834792415769	0.000369290596119905	0.00205139364962225	235472	Prtg
235493	785	776.8	0.0124340186717159	5.3737017082302	0.0479727028050972	0.828722188731395	0.886759736150695	235493	Fam214a
235497	996.2	913.6	0.12053255191199	4.82734363511932	4.47019911761308	0.0453032054652337	0.0989292237187623	235497	Leo1
235504	1055.4	1043.8	0.0135701695097587	4.51883959221403	0.0891231749444541	0.767883198705833	0.844671518576417	235504	Slc17a5
235527	79.6	102.8	-0.369985212065551	1.76627943285631	13.8414612961183	0.00107441242830674	0.00484239390045079	235527	Plscr4
235533	19.8	23.6	-0.233547041416672	0.610335322706162	2.59600692665577	0.125128250402117	0.219065374432195	235533	Gk5
235534	451.4	605.2	-0.428395416843971	3.78353074966432	27.7100682929404	2.6360982145953e-05	0.000233612284449788	235534	Pxylp1
235542	788.4	861.4	-0.133065555183407	4.96907274550889	9.78338146858702	0.00459722773662349	0.0157118332101978	235542	Ppp2r3a
235559	1201	1126.6	0.0948342385276574	4.79684427902335	5.18156189549158	0.0321085400037424	0.0752670835572644	235559	Topbp1
235567	1233.2	1350.2	-0.132015636309637	6.34431380112032	13.899513311348	0.0010537167870325	0.00476397323733743	235567	Dnajc13
235574	8430.6	8353.8	0.0145342428419218	7.53594131812203	0.212066492426118	0.649328360112528	0.751492682926294	235574	Atp2c1
235582	104	143.8	-0.481832817376423	2.73784336695702	37.3783209082404	2.6594716976843e-06	3.61618098949472e-05	235582	Glyctk
235584	2299.4	2197.6	0.0640605966267077	6.2180008276232	2.95760739676514	0.0984413425618779	0.181419248423994	235584	Dusp7
235587	58.2	58.8	-0.0273097294917199	2.06234128703008	0.0963059362393903	0.803409024296288	0.869298036541048	235587	Parp3
235599	108.6	147.6	-0.463003353756651	2.27249351925059	22.2835139909698	8.59799914494744e-05	0.000609193527652305	235599	6430571L13Rik
235604	18468	19177.8	-0.0540684490652282	8.96478107050011	2.99039102953609	0.0966985347505949	0.178800130649239	235604	Camkv
235606	656.8	633.4	0.0524325135038974	3.9243298966032	0.731224888774294	0.401004500648544	0.533995391282421	235606	Apeh
235610	997.8	932	0.0974307955934989	4.47568955521652	4.17133673735176	0.0523312727681938	0.111071397443682	235610	Atrip
235611	2724	2650.4	0.0420831326768359	6.61633938313401	0.6392325332288	0.433906918956006	0.566037058356508	235611	Plxnb1
235623	3293	3459	-0.0740284670509912	6.72265886758415	2.73417023509539	0.112281260952807	0.201054676141214	235623	Scap
235626	1820.4	2015.8	-0.148025997291624	6.44951541564589	11.8787855828642	0.00213191239587486	0.00837011738481168	235626	Setd2
235627	182.2	164.8	0.145064439639783	4.51339056492077	6.4244553339616	0.0182468366553528	0.0475206805435079	235627	Nbeal2
235633	405.8	398	0.0281461647065086	3.66768992262825	0.173600561169834	0.680661618147311	0.777791369175526	235633	Als2cl
235661	3519.8	3467.6	0.0190385111178677	6.27170298050749	0.223482829602666	0.640701146952143	0.744488654879513	235661	Dync1li1
235674	9.8	9.2	0.00378482682994114	0.0305251759908461	0.000258770199539201	0.987299474141831	0.99168253561281	235674	Acaa1b
235682	7806.4	8283.8	-0.0855141824440045	7.48711595434158	7.07025689759498	0.0137842314719457	0.0382118294277397	235682	Zfp445
235907	205.2	220	-0.0519067858494994	1.13081288992058	0.111231515648685	0.741664009404255	0.824992576666314	235907	Zfp65
235956	507.4	622.8	-0.325417276098466	0.26812866332899	3.14605691880374	0.0888951108544297	0.167565197220909	235956	Zfp825
236193	173	150.8	0.198320741120734	1.15905311624141	2.65062825284235	0.116663168280595	0.206819085625029	236193	Zfp709
236266	304.2	324.4	-0.0958089014282647	3.48706945745242	1.73906247134146	0.199794548630651	0.314475705750565	236266	Alms1
236285	138.4	140.6	-0.0128124635414675	2.01763943368976	0.0114959275278199	0.915513000857546	0.946757839283107	236285	Lancl3
236511	2852.8	2958.6	-0.0516205054504688	6.65298811697424	2.76058721890537	0.109717348994292	0.197565038291204	236511	Ago1
236539	226.2	251.2	-0.157850666192104	4.01124368030695	7.05427937395257	0.0138788399122646	0.0384079555986737	236539	Phgdh
236573	12.6	25	-0.994131138256989	1.44821748171269	50.2954707372315	2.59286993338574e-07	5.56043650106194e-06	236573	Gbp9
236604	861.2	809.8	0.089028139030937	4.60672311766099	2.42715828939043	0.132434941719927	0.229412110213306	NA	NA
236727	1.6	1.6	-0.2162581200835	2.26029001356757	3.06444174303323	0.0930851724725799	0.17353967276134	236727	Slc9a7
236732	1008.2	881.4	0.195628670760148	5.60543440843398	29.3290791401284	1.49177087904134e-05	0.000147584231934727	236732	Rbm10
236733	7843.8	8276.4	-0.0786246394877098	7.48595585888846	6.18024699796846	0.0203336024964399	0.0519720407574788	236733	Usp11
236790	1853.4	2109.2	-0.186172277231656	5.89887784655067	12.5786799070733	0.00192290699882786	0.00772476313536905	236790	Ints6l
236792	1299.4	1126.8	0.212156000963248	4.87279401122352	15.0685872448811	0.000717279088536923	0.00349900504411498	236792	Mmgt1
236794	10600.6	11073	-0.0625834212185182	7.28904341624837	2.81971707003251	0.106182371624029	0.192688009975356	236794	Slc9a6
236848	3516.4	2628.2	0.42194950975523	5.27120446989394	70.2383673287945	1.45349758852818e-08	5.58746120866656e-07	236848	Tmem185a
236899	2399	2411.6	-0.00808523210494247	6.11358471275106	0.0633601613697627	0.803420461123687	0.869298036541048	236899	Pcyt1b
236900	1466.6	1437	0.0313800523844206	4.22024047176494	0.396934935267039	0.53467303013954	0.656111296638775	236900	Pdk3
236904	28	28.2	-0.034538976709398	1.65265330332588	0.109636110923314	0.743453575607454	0.826478848010316	236904	Klhl15
236915	19386	19746.2	-0.0267337801624541	9.07582245196195	0.952167002415025	0.338973098572669	0.471243355464976	236915	Arhgef9
236920	3363	3025.4	0.152452692781551	6.03069562189263	17.7238014076347	0.000313580273836307	0.00178233505952557	236920	Stard8
237010	241.4	237.8	0.0258983247440004	3.5997040775812	0.0985865669751881	0.756410889071621	0.836252332158575	237010	Klhl4
237052	358.4	432.6	-0.271488021992064	4.17599010923002	32.9929747825967	6.59339422512455e-06	7.5635650896786e-05	237052	Tceal1
237073	495.4	404.2	0.296434701600894	2.86640500876668	15.0605691944365	0.000719141510080854	0.00350488600327331	237073	Rbm41
237082	608	580.6	0.0676378882940114	4.9960833354216	2.89067038053813	0.102114154466083	0.186853777522821	237082	Nxt2
237107	5665.2	5746	-0.0225109896255017	7.19977862905187	0.450867291844815	0.508382435856334	0.63291642789556	237107	Gnl3l
237211	156	136.4	0.170098430830194	1.3332519300405	1.2993490237695	0.265663149967362	0.39126708473897	237211	Fancb
237213	760.2	772	-0.0174646051167786	3.92654968082105	0.0729614664910719	0.78939878860417	0.859637617003291	237213	Glra2
237221	114.6	128.4	-0.171445167927985	2.75858268080509	3.45225551531552	0.0755666673616814	0.147341239720186	237221	Gemin8
237222	384.4	515.2	-0.43682133926111	3.47151174748027	42.6697299785435	9.6888576311375e-07	1.58556870378086e-05	237222	Ofd1
237246	388.6	554.8	-0.505910185860731	2.59512618518488	28.0806354431154	1.99716173874322e-05	0.00018647917165242	NA	NA
237253	15849.6	15461.6	0.0361565661421486	7.5681778522413	1.86126644993032	0.185228788801742	0.296521975117995	237253	Lrp11
237336	2744	2880.8	-0.0714258057183634	6.0940864556658	4.96312091821634	0.0355989696066091	0.0816742074117345	237336	Tbpl1
237339	1019	889.6	0.195264617291059	4.784093095351	13.4600299013814	0.00122192849241064	0.00536994661882136	237339	L3mbtl3
237353	1911.2	1462.8	0.389309573117126	5.62480214219779	69.4030916035651	1.61865704550666e-08	6.10863418688076e-07	237353	Sh3rf3
237387	442.2	511.2	-0.211578521469274	3.97811498392681	11.8927729572606	0.00210746637977353	0.00830914322238041	237387	Lrrc3
237397	1894.8	1984	-0.0644625650811647	4.76581533853442	0.814383643294651	0.37803384269863	0.511619959023033	237397	C2cd4c
237400	427	461.6	-0.123101437527174	3.68985365840706	3.23904752261607	0.0845808199450274	0.161177478112779	237400	Mex3d
237403	1017.6	855	0.250269983598101	4.98188918701456	26.2248470534917	3.12484292565831e-05	0.000269008217078411	237403	Lingo3
237411	22.4	19.2	0.200943850426612	1.12488228906191	2.43790673169399	0.131620981056892	0.228275697167784	237411	Zfp938
237422	1350.4	1130.6	0.256052499064995	5.43720451503972	40.9317578314132	1.33722229890853e-06	2.04531334480677e-05	237422	Ric8b
237436	13.2	13	0.0028668132267737	0.761141121388173	0.000391904685857395	0.984370511680801	0.99030214474008	237436	Gas2l3
237459	13142.6	12591	0.0620088030041304	7.89372229625249	3.86357681265995	0.0611056863815202	0.125049071351903	237459	Cdk17
237465	8.4	9.6	-0.12732684235063	0.330346166020105	0.559858937462846	0.461640236270417	0.591013992475873	237465	Ccdc38
237500	691.8	588.8	0.232893401758178	4.02446462103782	17.9088256032323	0.000296662552347046	0.00170022225678993	237500	Tmtc3
237542	1818.6	1638.2	0.151046255189799	6.72061940735718	11.2814893772023	0.00283452021579384	0.0105348817688568	237542	Osbpl8
237553	1669	2054.8	-0.299115623289213	4.92313996898553	32.8401476551466	6.81421851047053e-06	7.78598532413763e-05	237553	Trhde
237611	142	78.6	0.857949175754558	2.26345914424696	62.9663990536336	3.83982238840273e-08	1.21177493368844e-06	237611	Stac3
237615	2293.6	1965	0.220798857452341	6.98207565901467	28.9020266660384	1.72774101133889e-05	0.000165761581932627	237615	Ankrd52
237625	342.8	156.8	1.1273392860921	2.20137355244983	106.495449117364	2.87091676085033e-10	2.82739910656938e-08	237625	Pla2g3
237636	699.4	595.8	0.22666460106764	1.72575446009716	3.42170486169914	0.0767880694268522	0.149299805689497	237636	Npc1l1
237711	297	278.2	0.0956312017341046	4.92745783168004	3.02449886120451	0.0949231384662191	0.176170909526288	237711	Eml6
237716	173.8	155.4	0.160465670923273	3.29762714436564	5.6557501196341	0.0257716075813363	0.0630612520705325	237716	Gpr75
237730	1065.6	1132.8	-0.0810929208543558	4.39725864144271	1.68533948817245	0.206644078147966	0.322343352638754	237730	Fbll1
237758	39.2	40.6	-0.04558181738359	1.53006341705893	0.160810686897444	0.691985212032652	0.787245513948835	237758	Zfp454
237759	481.6	502	-0.0557812288211819	3.61875402268914	0.363290501337936	0.55342414368154	0.67205025632102	237759	Col23a1
237761	4078	2801.4	0.546168871024745	6.07467185055527	105.385010584595	2.12162777404454e-09	1.24658568479837e-07	237761	Sowaha
237769	3262.2	3314.6	-0.0242354544912775	4.69566568322896	0.184422788717639	0.671458514152494	0.770319974883732	NA	NA
237775	1284.8	1207.8	0.103197837776994	3.29163852967575	1.59456703177614	0.218895076448266	0.336836946128313	237775	Zfp867
237781	523	518.8	0.00895720203702516	3.875606389483	0.0242074218492912	0.87766908035958	0.921600355068462	237781	Mief2
237782	1859.2	1792	0.0627149646941622	5.67987839119977	1.44607526312611	0.242038857289949	0.364571659365248	237782	Smcr8
237806	158.4	115	0.468222803447242	2.71725796777691	25.0200167897404	4.21866055099304e-05	0.000341605151843437	237806	Dnah9
237823	1006	1036.8	-0.04343467418008	4.989102496921	1.09677475335264	0.305484246461085	0.43506446924313	237823	Pfas
237831	689	982.2	-0.51443553857284	3.84062526350818	75.8976627637829	7.18498070212516e-09	3.18761496810769e-07	237831	Slc13a5
237847	4335.8	3731	0.218193247200046	6.4439558340073	19.0941061393603	0.000291399897520745	0.00167670944218346	237847	Rtn4rl1
237859	355.8	344.6	0.0412787420064402	4.2923192473268	0.478215863587427	0.495915900108028	0.621284628433921	237859	Nsrp1
237860	754.4	648.2	0.217621970066939	5.78375785810485	17.2908122789522	0.000430235568521937	0.0023193096615171	237860	Ssh2
237868	2198.6	1998.2	0.138904945791382	5.2371414996518	8.3736923654509	0.00801282124309156	0.0246577215771014	237868	Sarm1
237877	98.2	107.4	-0.129739783432172	2.35945319507208	2.13096284903276	0.15741167561832	0.262334643074738	237877	Atad5
23789	1208.8	1447.6	-0.262041693731319	6.01486313289361	58.9388571148983	6.81959158623211e-08	1.89194581165833e-06	23789	Coro1b
237898	8377.2	7940	0.0777088377102844	7.74339411119361	5.71525205745207	0.0250800017860137	0.0616717158582923	237898	Usp32
23790	1635.4	1596.2	0.0338103117508006	6.29992919926485	0.641069150926497	0.431236557907373	0.563468921351759	23790	Coro1c
23792	6266.8	7723	-0.301056107006374	7.54094727292277	55.9396514621727	1.28002380896293e-07	3.14116538790325e-06	23792	Adam23
237926	315.2	383.8	-0.287159305515781	3.48289817148312	15.4654678027565	0.000631346142939321	0.00314820327465535	237926	Rsad1
237928	1489.8	1685.8	-0.171068628870198	1.91117831699503	2.54208989006574	0.124029834228307	0.217616803099776	237928	Phospho1
23794	50.8	56	-0.150413722626343	0.953536553283123	0.932967536700218	0.343796370688954	0.476527880891651	23794	Adamts5
237940	182.8	94.4	0.966828705629855	2.50914751429487	102.404980772553	4.21152588969381e-10	3.68308824590472e-08	237940	Aoc2
237943	4688.8	4361.4	0.104757819455198	7.42406422209221	10.1585948457307	0.00398468202697925	0.0140235193615676	237943	Gpatch8
23797	6288.6	6373.2	-0.0189901504212603	7.52245177713634	0.511041147831961	0.48163555152779	0.609242682697541	23797	Akt3
237979	807.4	593.8	0.439859056152118	5.10274532481722	73.045355562101	1.01947158654591e-08	4.30860886313876e-07	237979	Sdk2
237987	18.6	25	-0.399552532684192	1.62083895801944	5.68680295539253	0.0272835482516773	0.0659847723985488	237987	Otop2
237988	460.6	422.4	0.125011334739459	4.45322713976879	7.01105846021511	0.0141383784838109	0.0389472312950261	237988	Cdr2l
23801	166.8	171.6	-0.0300169193027438	2.2953228083303	0.0954811365349674	0.760007470572132	0.83868763326601	23801	Aloxe3
23802	6652	6582.8	0.0157278204676736	6.78956213327279	0.227658842181902	0.637613114113693	0.74245226386847	23802	Amfr
238023	830.2	1068	-0.361230564376288	4.71453054252742	42.4108952304337	1.01594843663197e-06	1.64440299026636e-05	238023	Hexdc
238024	1363.2	1611.6	-0.243295103996877	4.82278667236083	35.1290307406274	4.19985633386987e-06	5.23768105692451e-05	238024	Fn3krp
238037	459.2	355.4	0.375242950414717	3.25015013209039	26.8520789525516	2.68089008038735e-05	0.000236422118498589	238037	Wdcp
23805	3872.6	4065.2	-0.070245404138273	7.45717153163376	3.99599180778709	0.0571409175181622	0.118751232466933	23805	Apc2
23806	7355.2	6326.4	0.217317589312014	6.99196024434256	43.0693668500122	9.00802641223362e-07	1.49485664480396e-05	23806	Arih1
23807	1988.6	1967.6	0.0134737962577042	5.33139274651891	0.137267326470926	0.714286658617227	0.804576635712391	23807	Arih2
238074	131.8	154.6	-0.224502278327715	2.09250700025703	4.24472929563832	0.0504553331379124	0.107722508888536	NA	NA
238076	431.2	513	-0.255428855699647	3.09198770492748	12.2800697947101	0.00183719531762016	0.00743627068145011	238076	Kcns3
23808	2123.8	2136.2	-0.00984726342524008	5.29126119627565	0.0679891793742035	0.796527982614735	0.864437902728413	23808	Ash2l
238123	797	867.8	-0.128328508531258	4.28679682798475	5.24334153344487	0.0311920021219991	0.0734042980578598	238123	Cog5
238130	989.8	1005.8	-0.0253003268378091	7.02737419118607	0.408591567814345	0.528783925795176	0.650804058535718	238130	Dock4
238161	4092	3840.6	0.0921805425057917	7.98514314064539	4.92859918491145	0.0371244364073876	0.0843440119195819	238161	Akap6
238205	5142.6	5658	-0.140266553575317	6.08442546943797	15.0602656804331	0.000719212113304874	0.00350488600327331	238205	Lrfn5
23821	4479.8	4273.2	0.068853410047007	6.89312538339239	5.61958538573302	0.0262023132254729	0.0638664815111273	23821	Bace1
238247	925	844.4	0.134438484871045	5.74524140329456	6.5767150877142	0.0179440362916699	0.0469605469056305	238247	Arid4a
23825	748.2	764.4	-0.0286509134667212	4.92151242357038	0.46449633636648	0.502102132526216	0.626879521770228	23825	Banf1
238252	434	482.6	-0.16197646183683	2.95492755583047	5.367439552154	0.0294378410406349	0.0700946429339869	238252	Gpr135
238266	4591	4634.4	-0.0126096552952672	6.58066159613958	0.108746583991478	0.744457661029808	0.827022598764495	238266	Syt16
23827	1656.4	1393	0.24886817285857	5.54069872355785	48.1162851250048	3.72363965774528e-07	7.30277986608552e-06	23827	Bpnt1
238271	93.6	120	-0.360135077397908	2.40927096137543	13.3974906432098	0.00124815773584071	0.00546693088298233	238271	Kcnh5
238276	991.4	901.2	0.138287388243234	7.01160066273536	11.5042170536411	0.00243806486574419	0.00930878314497307	238276	Akap5
23829	107.8	99	0.12094012582537	2.34486420796249	1.60018960681095	0.218110272787813	0.336022797151465	23829	C1ql1
23830	392.6	356	0.140712685994929	4.48045223702792	6.39517722808276	0.0184840316901213	0.0480336053686255	23830	Capn10
23831	91.6	95.2	-0.050644561260545	2.47210128511753	0.1966810622722	0.66154664053506	0.76240865630037	23831	Car14
238317	733.2	632	0.212040752354477	4.92163719796466	15.0692375513744	0.000717206071527028	0.00349900504411498	238317	Elmsan1
238323	965.4	1060.8	-0.136121684347359	5.64731250480735	9.48703765096406	0.00515408863852461	0.0171692088456406	238323	Rps6kl1
238328	2233.4	2232.2	0.00214490983246951	6.15417153184881	0.00420419120305879	0.948842614001692	0.967791344490894	238328	Vash1
23833	60.8	54	0.148892889252054	0.109506433936352	0.484857147913041	0.492968572961513	0.618467819944945	23833	Cd52
238330	3345.6	2779.4	0.268648311848144	6.06540305572998	30.2812673161989	1.63616112613581e-05	0.000159038822576778	238330	Irf2bpl
238331	156.2	161.4	-0.0473998212890006	4.62204044117851	0.319111942680333	0.579592705071016	0.694128176244632	238331	Zdhhc22
238333	94	82.2	0.192958184300937	1.73998934572878	3.62454725303154	0.0690805680947045	0.137343952027628	238333	Samd15
23836	563.4	645.8	-0.202194727081732	4.29215427999154	17.2112227168484	0.000366181666876788	0.00203882504354279	23836	Cdh20
23837	2407.6	2423	-0.010943639800263	6.28810406746151	0.0548847644894449	0.816919969908815	0.878799864499215	23837	Cfdp1
238377	916.6	603.8	0.621891624262842	3.71483811880069	51.9110871151251	4.53687229608324e-07	8.59448914385153e-06	238377	Gpr68
238384	632.8	542	0.227109803414744	5.12825701428344	25.3808336776674	3.85287211207087e-05	0.000317137890135947	238384	Slc24a4
238386	163.4	180.4	-0.142824986209113	3.71057565574397	6.41235763630629	0.0183444343975141	0.0477318550462051	238386	Btbd7
23845	98.2	96.8	0.0236757025347105	0.942778244827484	0.0320183531279436	0.86316653492443	0.91113951859497	23845	Clec5a
23849	2839.6	3449.4	-0.280498948903838	5.93856315458432	43.7264487078607	7.99877445246826e-07	1.36498566630432e-05	23849	Klf6
23850	694.2	657.4	0.0728250341463953	3.22133550704069	0.511563466246255	0.482447495414665	0.610121499090054	23850	Pappa2
238505	430.4	396.4	0.137266024195563	3.83065921112718	3.04906169846982	0.0942926700842275	0.175225797556881	238505	Mtr
23853	16.6	21.6	-0.391479565020626	1.02454264342408	6.56230069722518	0.0171744527058332	0.0454235204776054	23853	Def6
23854	2133.8	1937.6	0.1396830795253	5.92601783438001	14.6067571564465	0.000833653525219292	0.00395069772246546	23854	Def8
238555	18.8	25	-0.426375641648178	0.819642370796034	7.68632974119854	0.0106269743625293	0.0309370166034237	238555	Btn2a2
23856	2210.6	2192	0.0150331693902271	6.57717066001425	0.147560670951337	0.704284682888906	0.797034983281886	23856	Dido1
23857	4122.4	3516.8	0.227706511659571	6.48767974236061	33.105849370769	6.43528756752595e-06	7.41160529888606e-05	23857	Dmtf1
23859	19439.4	18136.4	0.1008478003293	9.08800750292215	7.80621693559421	0.010142256967046	0.029825102180941	23859	Dlg2
23863	131.2	119.4	0.135365872380578	3.04775972006692	3.57838495516082	0.0707537992709331	0.140111715942193	23863	Dand5
238673	859.8	915.8	-0.0897742932985811	4.76937696841184	1.9251767152015	0.179752090269721	0.289679642408134	238673	Zfp367
238680	20.4	26	-0.324611790195216	2.75567172869375	11.9824853833837	0.00204120484701485	0.00810537770844851	238680	Cntnap3
238692	1026.2	952.4	0.100131075308693	3.05640522649314	1.62671697967717	0.214454758642955	0.331734704775821	238692	Zfp874a
238693	487.4	586.4	-0.255008814180496	1.67418281709622	3.342438502476	0.0802403841547056	0.154695387073914	238693	Zfp58
23871	633.6	832.8	-0.391524716553821	3.9593259597347	39.5035209565934	1.75440664845145e-06	2.55884901076865e-05	23871	Ets1
23872	5346.6	4332.4	0.303875793897163	6.45099986851312	60.7513625368757	5.2481007151309e-08	1.53547551039498e-06	23872	Ets2
238722	1040.8	1061.6	-0.0178112221063756	0.263669559311886	0.0096746370307385	0.922469543546538	0.950952325601769	238722	Zfp72
238725	313.2	354.2	-0.178796914658873	2.02805906410779	2.23475946784694	0.14806665508162	0.250076587117286	238725	Gpr150
23873	283.2	314	-0.154977878251426	4.21415330242085	10.0891991688345	0.00409087240560003	0.0143239994550734	23873	Faim
23874	3886.8	3643.6	0.0928710105065705	5.75406920871167	6.86260899832337	0.0150714718573109	0.0409633422763391	23874	Farsb
23876	182.8	211.8	-0.218444135652067	2.19075543511683	5.25513062474704	0.0310204431560471	0.0731554063268894	23876	Fbln5
23877	675	649.8	0.0541683228941621	4.37595170867329	1.17998675605528	0.28822787738467	0.415800387058516	23877	Fiz1
23879	4618	4428.8	0.0597033569359833	7.06725867636587	4.59469689249128	0.0424915810528016	0.0939886342295771	23879	Fxr2
238799	232	214.6	0.105644346797757	4.21738666247247	2.66425028111461	0.115775355933019	0.205630006716129	238799	Tnpo1
23880	57.4	51	0.171789894463451	1.89955753476766	3.27042868863645	0.0831796359754697	0.159121615835528	23880	Fyb
238803	30.6	20.8	0.546113956378388	1.60412868766408	15.0978543670691	0.00073506775504521	0.00356771972176745	238803	Zfp366
23881	17060.6	15841.6	0.106713200041525	8.40713596145712	15.3499830357406	0.000655131994341152	0.00324130816485651	23881	G3bp2
23882	33.2	28.4	0.20277968934126	2.96298332585818	1.76141459532786	0.204804189215783	0.320383517657932	23882	Gadd45g
238831	251.4	230.2	0.126828631440802	3.06989037017333	3.18996028758722	0.0868274027561548	0.164526933027157	238831	Ppwd1
23885	2586.4	2581.4	0.00533923021014998	4.92216510913233	0.0108027424180062	0.918089972538286	0.948404264084362	23885	Gmcl1
23887	77.6	60.2	0.349731488349035	1.38005103429396	11.7935225508513	0.00218352221436231	0.00852068846824861	23887	Ggt5
238871	3152.8	3038.8	0.051482067132797	6.46891687955813	1.6361381925774	0.213174969869471	0.330143685255902	238871	Pde4d
23888	635.8	623.2	0.030264208871922	4.37578789522052	0.483261145328634	0.493674097900604	0.619106793918346	23888	Gpc6
23890	424.2	480.4	-0.184201831808426	3.50600195109798	3.90700550371528	0.0617221122723156	0.126060676951257	23890	Gpr34
23893	1478.4	1465.4	0.0146722926375327	4.97454677373594	0.0491763460705249	0.826766857996778	0.885388468954985	23893	Grem2
23894	806.8	807.8	-0.00540973986275258	4.07605425399024	0.0109867881045699	0.917397806646981	0.947904379389804	23894	Gtf2h2
23897	601.8	496.8	0.279137082891219	4.02724903767888	17.4779655480262	0.000337702467550611	0.00190150037630562	23897	Hax1
238988	9431.6	9102	0.0516384510208692	7.66211467458253	2.66746888195407	0.115566741583415	0.205360423266127	238988	Erc2
239017	11659.2	10832.4	0.106585357334301	6.8769251938059	6.56440986717767	0.0172733162350013	0.0456344603321634	239017	Ogdhl
239027	55.2	62	-0.198341983365001	1.56105185299693	2.29004513748328	0.143360260573274	0.244003968142062	239027	Arhgap22
23908	3062.2	3326.6	-0.120033745847274	6.02925257082816	11.2591067991118	0.0026481562037437	0.00996834794984475	23908	Hs2st1
239096	224.6	137.2	0.710717046755124	3.81628223555382	82.1554379973121	6.02200474072745e-09	2.79919186103682e-07	239096	Cdh24
239099	1314.4	1218.4	0.104584696583107	4.05720905091156	2.67621131291983	0.115002316320203	0.204650910507035	239099	Homez
239102	984.4	821.6	0.262084667754776	6.33349529930423	37.3187875331907	2.76590159259061e-06	3.72932291224857e-05	239102	Zfhx2
239114	1092	961.2	0.193663026538545	3.69243477314109	4.61334402397405	0.0440940699437671	0.0967712856008517	239114	Il17d
23912	2490.2	2278	0.127763518840461	5.55170467765978	13.3230569471233	0.00128017885179658	0.00557508440008069	23912	Rhof
239122	223	262.4	-0.233860082336654	2.22592972545274	4.22828417949397	0.0508689835779959	0.10846146756695	239122	Setdb2
239133	287.8	296.6	-0.0429187313713898	2.44646632881371	0.209546977077338	0.651270333971043	0.753248707185779	239133	Dleu7
239157	2914.6	3066.4	-0.0727408671222818	5.40189240734558	4.05461715093639	0.0554792902404719	0.116178355522477	239157	Pnma2
23917	2024.8	2104	-0.0543758625290905	5.96946464052813	2.45519318945532	0.130324276564277	0.226434318242584	23917	Impdh1
239170	1428.4	1392.6	0.0357486649910676	5.76465483760316	0.940361663431852	0.341927500380115	0.474648429919459	239170	Fam160b2
23918	319.8	306.6	0.059789720971616	2.86577654985707	0.602243538151927	0.445359551586626	0.576450878358834	23918	Impdh2
239188	1888.2	1342.2	0.49324102930969	5.31371769060793	91.5018573651047	1.49975096094548e-09	9.38415601277316e-08	239188	Enox1
23919	229.8	125.2	0.984460483206337	0.359644988595551	15.2736796075115	0.000947105056644564	0.00437650367385462	23919	Insl5
23921	378.8	397.8	-0.082369460347239	2.48336456951496	0.891666761584902	0.354504763052615	0.487843659857385	23921	Sh2b2
239217	4143.6	3630.8	0.19383334622649	6.34929446520728	19.0065512095597	0.000229631537144226	0.00137893404149674	239217	Kctd12
23922	1928.6	1885	0.0366918088109128	4.37101343893463	0.501025339307573	0.485917695270766	0.613027351614179	23922	Jtb
23924	463.6	405.8	0.1966566773599	3.55818066707269	7.48239184811179	0.0115737530907888	0.0331327049265719	23924	Katna1
239273	1039.8	764.6	0.445493496472857	4.03187735557044	45.5591649303341	5.77790919636317e-07	1.04132044294555e-05	239273	Abcc4
23928	707.2	559	0.354900868544972	3.11273020527146	15.7337327089541	0.000590689560954228	0.0029810848163521	23928	Lamc3
239318	9.6	14.8	-0.67448382193914	0.552022938560391	11.3162287910051	0.00259367741919762	0.00979592720592692	239318	Plcxd3
239319	111.8	116.2	-0.0405318929848712	1.35736118155863	0.0951056261749464	0.760464481539377	0.838873053206911	239319	Card6
239336	189.4	166.4	0.225659198544515	1.19264225352845	3.00453009814623	0.0959579373332177	0.177612501756221	239336	Rxfp3
23934	3750.4	3710	0.0162571203765159	6.81788455433649	0.164444494490022	0.688715909482073	0.784514126854273	23934	Ly6h
23936	19205.8	19506	-0.0225674164154608	8.94622063748443	0.333860546233346	0.569216016388514	0.685392227664077	23936	Lynx1
239364	5131.8	5077.2	0.0155585385736084	5.91778342848082	0.195485189401081	0.662377735852673	0.763144718066403	239364	Tspyl5
23938	1461.6	1677	-0.20121346666776	4.96712003553314	16.3227274569185	0.000481580402295956	0.00253395090454523	23938	Map2k5
23939	484.2	612.6	-0.341403111749129	4.70877358270798	62.417624581138	4.14568975451202e-08	1.28038033572044e-06	23939	Mapk7
239393	1968.2	2059.8	-0.0687776504444888	5.80395151087142	3.49033838444119	0.0740751342406315	0.145059204757362	239393	Lrp12
239405	2780.6	3014.8	-0.11481430854571	4.95715453515774	4.25763749632383	0.0502241408124337	0.107339898166925	239405	Rspo2
239408	96.4	101.4	-0.0925228191842947	2.45906657480869	0.706407123512903	0.409111475148493	0.542119319513988	239408	Tmem74
239410	1302.6	1589.8	-0.291091376625805	4.07764985598391	26.1533504559521	3.1803134055585e-05	0.000273295184090027	NA	NA
23942	1521.4	1473	0.0450872714906192	5.8435638286478	1.20337744668641	0.283612327369631	0.41059020230375	23942	Mta2
239420	477.2	500	-0.0688176698021201	4.48043590581881	0.930611016596781	0.345854601222564	0.478722515694567	239420	Csmd3
23943	468	547.8	-0.22553014427436	3.51677334568294	8.50538860678622	0.00759766842410343	0.0235708734496654	23943	Esyt1
239435	49.2	56.2	-0.164580031955546	0.706246227711234	1.10469515155398	0.303782914321203	0.433367375009739	239435	Aard
23945	15942.4	14014.4	0.187635069595304	8.41609423289609	28.4450895763927	1.83271265308679e-05	0.00017370510614896	23945	Mgll
23947	512.8	542	-0.0840477997701092	4.52614146083999	2.87711275076738	0.102877296596523	0.188035969272401	23947	Mid2
23948	6448.4	5297.2	0.282786989131434	8.09658644699844	89.3814792488252	1.55999529446239e-09	9.67732703268642e-08	23948	Mmp17
23950	3410.6	3206.6	0.0913466352322204	4.86069974602074	3.07114289698115	0.0925558872956714	0.172753460094478	23950	Dnajb6
239510	2561.8	2686.8	-0.0671891696734996	6.42663496855983	2.36795343441426	0.137340190091081	0.236238856072413	239510	Phf20l1
239528	588.8	481.4	0.303828802368628	6.1819403202022	6.41407821369454	0.0270841193694605	0.0655954861538508	239528	Ago2
23954	52.4	45.4	0.189668680659742	0.791175816117451	1.81343729530319	0.190768790003942	0.303636957058844	23954	Nek3
239546	114	116.6	-0.039364261041806	1.50346878234099	0.110951681013259	0.741976860497197	0.825154538864852	239546	Zfp647
23955	625.2	660.6	-0.0777859735177397	4.29516131498067	3.08569155778068	0.0918315319908478	0.171845282676814	23955	Nek4
239552	127.4	156.2	-0.295956691520761	2.08628403505019	8.95409843108295	0.00635117778315731	0.0203007350017151	239552	Apol8
239554	656.4	685.2	-0.0620679689321153	4.43829942590718	1.42886072144231	0.243713946664519	0.36640746672446	239554	Foxred2
239555	2925	2523.4	0.213665168991337	4.9371214050338	24.2910194619007	5.07820759860366e-05	0.000394838152932853	239555	Mief1
239556	5745	4909.2	0.226565584253823	7.19781220907753	13.8662748380165	0.00192520312086293	0.00772754399026738	239556	Cacna1i
239559	259.8	223.4	0.245450521854446	1.22530231810868	3.38235551550604	0.0783946967843048	0.151770284934415	239559	A4galt
23956	375.8	438	-0.233039228181504	2.6824806230095	5.90841264319555	0.0229732203773538	0.0574588903502807	23956	Neu2
239570	132.2	176.8	-0.414859910399665	3.05240653671604	28.5119791696585	1.80415922430641e-05	0.000171787334836132	239570	Ttc38
23959	37.2	33	0.163970159390505	2.12148281957201	2.66506174103619	0.11572271943074	0.205587043590452	23959	Nt5e
239591	81	79	0.0366108713261676	0.978605000810065	0.0625239492017024	0.804693905596653	0.870062676702268	239591	Ttll8
239606	9811.8	9747.4	0.00900719809645301	7.26284019814981	0.0547498327499603	0.816994260752748	0.878799864499215	239606	Slc2a13
239618	89.6	103.8	-0.210427337744591	3.5851469331491	7.09227562001503	0.0137472362990706	0.0381606593944242	239618	Pdzrn4
23962	12.2	14	-0.168884857346465	1.23897033528319	0.958418146209749	0.338422402373608	0.470658847677103	23962	Oasl2
23963	21.8	24.4	-0.167301287581779	2.75898701022101	2.94413828709113	0.0991679047295202	0.182293386107146	23963	Tenm1
23964	3338.4	4051.8	-0.279923138338592	6.45561129996149	19.3959344880316	0.00045201049338853	0.00241172376206638	23964	Tenm2
239647	451.8	523	-0.206436737754376	2.64331328489246	5.29183509980659	0.0304930137690361	0.0721946206805599	239647	Pced1b
23965	1050.8	1237.4	-0.232458324732405	6.15047670259669	24.1783082038174	5.93208873982169e-05	0.000451513484177898	23965	Tenm3
239650	667.6	710	-0.0873364438799934	4.43396497928396	1.98727022413131	0.171597497578017	0.279058306704845	239650	Ccdc184
239652	502.2	645.8	-0.364408027476901	3.62061042539795	17.048196742264	0.000472553837106293	0.00249919252160057	239652	Zfp641
23966	4923.8	4293.6	0.196715396202176	7.28516862108253	11.0186222274133	0.00439382338346126	0.0151716013341015	23966	Tenm4
239667	3378.2	3383.4	0.00340207283218968	6.63253312543922	0.00588911670322573	0.939496226076337	0.962537457591961	239667	Dip2b
23967	129.8	116.6	0.17622758125773	1.09561387752615	1.83910815568461	0.187770476545738	0.299694618815381	23967	Osr1
23969	12542.4	12095	0.0508722579550805	9.36858008887022	2.14991124369922	0.155654097750762	0.26018553589563	23969	Pacsin1
239691	52.8	60.6	-0.214576639545779	1.45108419100422	3.18994812826898	0.0868279676996783	0.164526933027157	239691	AU021092
23970	2017.4	1811.8	0.154021000173629	5.93373331719502	11.9141471667051	0.00209146889674316	0.00825958782336765	23970	Pacsin2
239706	129.8	157	-0.276566249436575	3.90691417002228	27.4106145590175	2.34286305389576e-05	0.000212311865711657	239706	Mettl22
23971	1566.8	1573.8	-0.00614080743609379	5.72293978284903	0.0272459394892587	0.870286653580051	0.915911117725794	23971	Papss1
239719	15312	13690.6	0.16144494008921	8.50920410514421	31.2830565394354	9.58347947515463e-06	0.000102045320203936	239719	Mkl2
23972	109.6	118	-0.0960778785026001	3.43401233193049	0.860368779381953	0.365460822817945	0.498807434656334	23972	Papss2
239731	55	58.4	-0.0745590080842221	1.76307429548528	0.533884548440918	0.472103440051542	0.600632261465099	239731	Rimbp3
239739	513.8	462.6	0.155931726043751	0.471083145847617	1.15774327294153	0.310921097905611	0.441106798984646	239739	Lamp3
239743	202.8	340.6	-0.8047203183391	0.502166009609803	24.2450669974287	5.13843018101181e-05	0.000398662747377051	239743	Klhl6
239789	26.6	33.8	-0.355086441917356	0.398110596240007	5.12801336107188	0.0329273418583224	0.0767879637334933	239789	Gmnc
239796	2333	2233.4	0.0657784205622232	5.60616244313056	2.2935197644929	0.143070471926485	0.243669417929122	239796	Mb21d2
23980	16427.2	16799.8	-0.0306870097178989	7.33819153263582	0.506338425404128	0.484205536882493	0.611514951874653	23980	Pebp1
239827	103.8	146.2	-0.498951037746393	3.32832927979809	40.5420888243536	1.43916041132895e-06	2.17590215327914e-05	239827	Pigz
23983	3743.2	3622.6	0.047730972692759	6.8999512708088	1.90710859812784	0.180102729625291	0.290009990491253	23983	Pcbp1
239833	305.4	275.2	0.154639742467573	3.48561077508249	5.31275276574873	0.0301969156743473	0.0716340422053203	239833	Lmln
239839	81.2	90.6	-0.161266586072979	1.90959601895683	2.55166245896618	0.123358578908481	0.216517899155213	239839	Ccdc14
23984	100.2	74.8	0.418489321713517	6.84437089796861	8.91702327366316	0.0121161323432334	0.0343722427652788	23984	Pde10a
239845	52.2	43.6	0.225463947843675	0.403878349314588	1.90717990200389	0.180094892381902	0.290009990491253	239845	Gpr156
23985	825.6	861	-0.0532483326617363	2.52062394366317	0.322083333973998	0.575667887682055	0.690916187707085	23985	Slc26a4
239857	5768.2	5580.8	0.0463042963866183	7.96396235142151	0.335130844835086	0.573059495361587	0.68867325114717	239857	Cadm2
23986	1011.2	944.8	0.0970739572257728	4.48747805968635	4.18488640416215	0.0519790900568384	0.110453655936716	23986	Eci2
23988	2643	2508.2	0.0750292335285174	6.10019261680555	3.98528780636786	0.0574503486124741	0.119202080910166	23988	Pin1
23989	6079	5669.2	0.0997488534824451	7.42105658865572	9.91656927230331	0.00436872562235194	0.015106593336238	23989	Med24
23991	161.4	161	0.00634836162414777	2.95188401319674	0.00637313386279801	0.93703775647866	0.960767803940027	23991	Cib1
23992	463.4	524.8	-0.183602573150608	3.5937515139017	9.51098707380006	0.00510644379340811	0.017065558055473	23992	Prkra
23994	3842	3817	0.00943812453660727	6.82680477930796	0.065024023305038	0.800912992758	0.867665747063718	23994	Dazap2
23996	4243.8	4319.4	-0.0267902762720795	6.35391543821214	0.801691299072017	0.37954588363758	0.513041821948712	23996	Psmc4
23997	3524.8	3452.2	0.0309941027676128	5.71392464038039	0.827764478539779	0.37203299768821	0.505644262825042	23997	Psmd13
239985	3070.4	3201.8	-0.0613749875116819	6.61265439013958	3.60116618618716	0.069922345331789	0.138693231703812	239985	Arid1b
23999	2320.6	2198.6	0.0782629352617492	5.5465552300333	4.9453525338715	0.0359010461026532	0.0822419593481802	23999	Twf2
24000	317.2	396.2	-0.314528676735997	3.81602717820143	15.2992764719786	0.000723196011006059	0.00352073935435553	24000	Ptpn21
24001	2690.4	2391.6	0.170654381295334	6.49889384105255	25.9663617513493	3.33050861436699e-05	0.000283839454670168	24001	Tiam2
240023	37.2	33.2	0.146628697871804	1.03578432384876	0.983306805078573	0.331349017768164	0.462780819675432	240023	Pnldc1
240025	1801.8	2974.6	-0.723456376014164	6.36033390933004	188.185606243132	1.40365749457746e-11	2.94035730820617e-09	240025	Dact2
240028	4	3.2	0.152855456475674	1.84066996921782	0.709415569553518	0.411048699975982	0.543813113555861	240028	Lnpep
240034	624.4	512.2	0.28436800344833	3.14238780935076	13.2280535078959	0.00132235748076364	0.00571059307647377	240034	Zfp760
240038	518.8	576.6	-0.142913497689347	1.86147109763894	1.63976747078505	0.212684511462564	0.329836101810158	240038	Zfp994
24004	154.8	169.8	-0.136902877580726	3.368282006632	3.60933357619026	0.0696269762499157	0.138164238703498	24004	Rai2
240041	375	490.4	-0.397028555694394	3.33192376880338	16.193274780568	0.000642775803342092	0.00319486982857861	240041	Zfp945
240054	177.8	134.6	0.406740216629279	2.62244217251289	20.8913610119285	0.000125702663584859	0.000834208585608607	NA	NA
240055	4213.8	4374.2	-0.0534896009346225	6.06813655664953	1.57782705618421	0.221252736825843	0.339669363577349	240055	Neurl1b
240057	8059.2	6641.2	0.278861729700633	8.44478428273092	106.293623825172	2.92487435218476e-10	2.85649553287017e-08	240057	Syngap1
240058	4478.6	4622.6	-0.046012185279768	6.93407105269158	1.16877183835494	0.290898528264532	0.418831290719747	240058	Cpne5
240063	646.6	538	0.261344227890962	2.69087135301029	8.75834556411431	0.00686496433912964	0.0216226181211113	240063	Zfp811
240064	66.8	65.2	0.0436887297926183	2.97628348624573	0.236308689657371	0.631326441482516	0.737329701453481	240064	Zfp799
240066	326.8	336.4	-0.041798286611128	2.92719990574074	0.331499304016312	0.570176776094698	0.686148956928879	240066	Zfp870
240067	524.2	508.2	0.059587698667285	2.12632321188905	0.397293610998625	0.534490014934258	0.65603928972994	240067	Zfp952
240068	285.4	246.4	0.212089838408993	2.66960018364282	5.22093595640084	0.0315209829652019	0.0740699541178717	240068	Zfp563
240069	140	111.8	0.368293115532624	0.556384957418071	5.25871160731734	0.0309685401839434	0.0730687691509497	240069	Morc2b
240084	41.8	59	-0.478617339937586	2.5834693971185	32.5167387098452	7.30845187190558e-06	8.22713110253296e-05	240084	Cchcr1
240087	547.6	537.8	0.0269681005949019	4.76445711830824	0.235139626469502	0.632167676173101	0.738133257242588	240087	Mdc1
240095	13.6	16	-0.190393229558144	0.436154705097372	1.06715745168498	0.311961680696427	0.442241480265413	240095	H2-M5
24010	2777.6	2916	-0.0729601490837304	6.68928002662504	3.66419749449016	0.0676793303139505	0.135003731763434	24010	Ik
240119	472	561.2	-0.257917087643147	3.80634673754183	13.0150490349447	0.00142254156029328	0.0060421439061061	240119	St6gal2
24012	4584.6	5370.2	-0.231599468303868	6.65113461711754	31.8001019516767	8.54797670033931e-06	9.31768138964588e-05	24012	Rgs7
240121	778.6	800.8	-0.0403841080280158	5.4771241682666	1.18228246930851	0.287770483886071	0.415361950677978	240121	Fsd1
24014	363	381.4	-0.071294434561789	4.27735500789814	1.74114242144068	0.199535061691445	0.314169910859275	24014	Rnasel
24015	4494.4	4232.6	0.0844147179053307	6.38558713272634	5.79710001839519	0.0241621464967392	0.0598525562063185	24015	Abce1
240168	297.6	367.4	-0.301844155129717	3.86321836869614	25.2811313595197	3.95037438752655e-05	0.000323139283516179	240168	Rasgrp3
24017	2175.8	2347.2	-0.110742010834295	6.48582071293925	11.7211867364936	0.00224084145010956	0.00871143688001174	24017	Rnf13
240174	198	202.8	-0.0391811251825759	3.66570904793604	0.312487754372854	0.581374783916254	0.695513253329378	240174	Thada
24018	2193.8	1683.2	0.385790061965098	4.76845804877278	70.4586404466237	1.41305326810273e-08	5.44647251657516e-07	24018	Rngtt
240185	5053.6	4787.8	0.0769667396653176	7.56872867728485	4.68566325339882	0.0406602432999174	0.0907649662790742	240185	Jcad
240186	190.8	239.8	-0.331852302457111	2.34389385110249	12.9613527011496	0.00144908440181361	0.00613325503479178	240186	Zfp438
240255	874.2	803.4	0.118676695401572	5.22471499329428	5.63883040471988	0.0259721251131182	0.0634230607171838	240255	Ythdc2
240261	558.4	614.8	-0.147614218614893	3.64502407115084	5.10235423632194	0.0333279385818656	0.0775719845832988	240261	Ccdc112
240263	904.8	1171.4	-0.380277091418424	4.07570956093046	32.0783310106184	8.04155355446592e-06	8.85919322227518e-05	240263	Fem1c
240283	1494.2	1342.6	0.153412683830795	5.76158667970952	18.531822221827	0.000246612883145713	0.00146267649281417	240283	Dmxl1
24030	746.6	678.8	0.14082678595326	4.82102934156851	9.22846378679884	0.00570072461572286	0.0186084628716482	24030	Mrps12
240332	5154	5272.8	-0.0324736312292634	6.94034906232963	1.16431006894089	0.291377278333704	0.419437026295724	240332	Slc6a7
240334	651.4	540	0.274430575956149	3.93328512482654	25.8424377040126	3.43428369412776e-05	0.000290581536155098	240334	Pcyox1l
240354	61.2	64.6	-0.07982461470564	2.65309708206174	0.980749512095143	0.331966088079856	0.463359952620134	240354	Malt1
240396	2224.2	1755	0.339753929527653	5.37701572146441	54.7965175911374	1.26936590136474e-07	3.13095814647201e-06	240396	Mex3c
240427	1111.2	1264.6	-0.188396159249858	5.68515735963659	26.9495895840386	2.61825167598748e-05	0.000232173065795846	240427	Setbp1
24044	607.6	601.4	0.0140620516010009	4.40215767893795	0.075664102042406	0.785633131702178	0.857021983820625	24044	Scamp2
240442	1616.8	1580	0.0318336203033356	4.82981557359319	0.335540424928004	0.567852123134849	0.684262991895882	240442	Adnp2
240444	267.4	263.8	0.0157843954281278	2.44692629763901	0.0304606497621248	0.862923804913479	0.9110890787859	240444	Kcng2
24045	374.8	378.6	-0.0159688168968743	5.33244164295692	0.180379863309906	0.674858132312899	0.773360774157666	24045	Scamp3
240476	385.6	410	-0.0843729915232773	4.30195299927806	2.5676673239285	0.122245792776441	0.214982441755771	240476	Zfp407
240479	108	128.8	-0.257197275014831	2.08160392804137	6.47130011867383	0.0178743053230247	0.046835842596945	240479	Fam69c
24050	21564.2	20824.6	0.0493205508287127	9.38253962671675	3.28037588894662	0.0827410713103279	0.158465541900024	24050	Sept3
240505	96.6	98.4	-0.0264930067642355	2.57957789012364	0.0894469789199786	0.767474801300123	0.844286534591063	240505	Cdc42bpg
24051	3429.8	3538.4	-0.0447438199787336	6.188104277276	1.72515501671974	0.201540365071557	0.31667185963086	24051	Sgcb
240514	3314	2784	0.252909604218773	5.87766587880678	14.5467506092454	0.00148823618370013	0.00627690860787908	240514	Ccdc85b
240518	258.2	247.8	0.0520763833227735	3.89231844910204	0.601880194116297	0.445495170651311	0.576492176479973	240518	Peli3
24055	27	22.4	0.232761322477092	2.03181686514537	4.59014293158321	0.0425856672464715	0.0941587304250835	24055	Sh3bp2
24056	2016.6	1763	0.191848876354506	5.97489355006466	15.0780443346298	0.000816685685307745	0.00388301805770992	24056	Sh3bp5
24057	659.8	750.6	-0.181031110870755	3.17901678161907	6.58629582864923	0.0169950057874847	0.0450560920125282	24057	Sh3yl1
24058	5.2	4.6	0.156883941509957	0.56257332377108	1.38866856058965	0.274755992421503	0.40134201219784	24058	Sigirr
24059	146.8	144.6	0.0220076399638649	1.67988452379917	0.053164095364984	0.819614730687316	0.88085001926088	24059	Slco2a1
24060	1968	1824	0.105690114030474	4.11611840372669	3.71509147202091	0.0659279449546402	0.132423918339962	24060	Slc35a1
24061	2875	2910.2	-0.0191839631482729	6.62220989557812	0.252809054393207	0.619720582830868	0.728128865569611	24061	Smc1a
240613	1668.6	1720.8	-0.0471095549274927	6.15172506390735	1.9994325728073	0.170293660077666	0.277562535268672	240613	9930021J03Rik
240614	4017.2	3646.2	0.141627215841125	5.29305809306722	9.22017056027178	0.00571927849357006	0.0186605984979823	240614	Ranbp6
24063	51.6	49.4	0.0600997520021086	2.06534770880084	0.434466556051809	0.52639936750726	0.648863760698442	24063	Spry1
240638	283	268.8	0.0858466859026622	1.45461899517382	0.537363755088918	0.470679289085148	0.599400744003236	240638	Slc16a12
24064	1721.4	1371.4	0.323178421769879	5.48086309025186	52.5423490980496	1.80549042156484e-07	4.11617642796501e-06	24064	Spry2
24066	684.8	350.4	0.967131351062349	3.86693877670541	243.74077288743	5.18727820885417e-14	3.74884596153891e-11	24066	Spry4
240660	50.6	44.4	0.19024559737645	1.74674245972286	2.0161951570809	0.168665687535322	0.275748653730974	240660	Slc35g1
240665	518	549.6	-0.0879703265340072	3.4628494465897	1.9489608978435	0.175573216434074	0.284244541928551	240665	Ccnj
24067	1037.2	1000.2	0.0364378575446137	2.72401995882452	0.161997417578941	0.690912820342096	0.786211140389281	24067	Srp54a
240672	83.2	36.6	1.11477771202689	2.00522564673398	49.3822978873153	1.23244525931261e-06	1.91460619031611e-05	240672	Dusp5
24068	1228.6	1158	0.0842228514103034	4.67123172582507	3.91658310723516	0.059482271112298	0.122302460146153	24068	Sra1
24069	321.8	305.2	0.0742906924429839	2.62900416351935	0.973132351369894	0.333813578333044	0.46527882943354	24069	Sufu
240690	44	55.4	-0.342438748944205	1.88548954812469	11.1891827140849	0.00271655407602981	0.0101714295566797	240690	St18
240697	214.8	166.8	0.363646705801984	1.59141344727852	6.46783272842247	0.0181402961246088	0.0473541340410141	240697	Mcmdc2
24070	390.2	429.4	-0.143950751005149	4.89044583088608	8.95966436489816	0.00633720006383809	0.0202695042537543	24070	Mpdu1
24071	1562.4	1342.6	0.219366022214276	5.26854561998738	36.9996507490084	2.86858417595751e-06	3.82143001652441e-05	24071	Synj2bp
240725	741.2	618.8	0.265233033012227	4.78926907634677	28.6099192974343	1.76321882552451e-05	0.000168451888288996	240725	Sulf1
240726	11.4	10	0.12383934989311	1.18908186386348	0.842607391419791	0.367852234294307	0.501455832735066	240726	Slco5a1
24074	127.4	121.2	0.0716889359634481	2.94631346677905	0.844284129614198	0.367384227941692	0.501002066444589	24074	Taf7
24075	890.6	857	0.0539837794019206	3.65915736255501	0.417000724659951	0.525054985112224	0.647482702398438	24075	Taf10
240752	390.6	340.6	0.195091336413666	4.48369792490494	12.0324886745926	0.00200526267970595	0.00798899304643601	240752	Pik3c2b
240753	5730.4	5624	0.0271752893938988	7.65964372943884	0.82637647913346	0.372427466494034	0.505895119628837	240753	Plekha6
240756	4833	4702.6	0.0425970949663264	5.61846736281751	1.07875586977187	0.309403071601501	0.439433231495342	240756	Klhl12
240776	316.6	354.6	-0.165776604246623	4.78243866951723	11.0113452409206	0.00289937272605106	0.0107395320944021	240776	Kcnt2
240816	301.8	268	0.185869088006419	2.46495903631203	3.74290577959027	0.0649926213895032	0.130927296106464	240816	Rgsl1
240817	12.8	11.6	0.126864377919229	0.351624406542952	0.373534213343145	0.54687191530698	0.666314310363913	240817	Teddm2
24083	541.8	525.6	0.0406109655976936	3.84480561471895	0.624792629680755	0.437069838039692	0.568674717708678	24083	Natd1
240832	1827.8	1761.6	0.0535771095026469	5.63536594022824	1.96576703465342	0.173793432674803	0.281931568561346	240832	Tor1aip2
240843	4816	3862.2	0.318838322292568	7.32119889391603	70.1541254192681	1.46929556607617e-08	5.60348235146832e-07	240843	Brinp2
24086	3434.6	3568.2	-0.0553012880187737	5.92218667366651	2.23761101795428	0.147819440092596	0.249717413171853	24086	Tlk2
240869	10.2	10	0.0261357131130285	0.262373105930942	0.0189108672875651	0.891777950658018	0.931340931995014	240869	Zbtb37
24087	2.2	1.4	0.543515766708201	0.542029630734344	6.0037947457355	0.0234554396531947	0.0584626530000477	24087	Tll2
240879	133.2	47.4	1.45731107450523	-0.100458043078147	50.0892718896399	2.68194392824655e-07	5.70070846159936e-06	240879	Mettl11b
240880	1224.2	1398	-0.193388628517458	4.98518633316157	18.682175590375	0.000235962283332799	0.00141050407084048	240880	Scyl3
240888	104.6	81.4	0.349900065278489	1.60025339391337	11.192589394115	0.00271317736464952	0.0101634261147509	240888	Gpr161
240913	47.2	50.8	-0.108603938963584	3.58772163244625	1.65350173428274	0.211678271106173	0.328872941002467	240913	Adamts4
240960	14.6	23.6	-0.645309369821725	0.859614103618003	15.3966461959208	0.000645405481057834	0.00320463442913429	NA	NA
24100	429.2	398.2	0.109237057488725	4.63659725176529	6.92639672084743	0.0146624422722742	0.0400852923403538	24100	Tpra1
24105	1448.6	1504.8	-0.0553265457221367	6.35391795974289	2.49554621715343	0.127355543572832	0.222318481497791	24105	Rbck1
241062	945.2	892.6	0.084197211253907	5.01130206393835	2.76514142394918	0.109440256354586	0.197238087948777	241062	Pgap1
241066	393	434.2	-0.152213791701025	3.17958386872363	5.36601607541945	0.029457327625935	0.0701212472834757	241066	Carf
241070	107.8	129.6	-0.241755053848445	0.0954644385569262	1.86165904968413	0.185184136564703	0.296483330738394	241070	Gpr1
241075	2755	2799.4	-0.0169814079889749	6.11592178344395	0.157511126378297	0.69499133150725	0.789748515030233	241075	Plekhm3
24109	5886.6	5151	0.193236870220702	7.15888344928643	36.4110371521703	3.22989686539077e-06	4.20964195602869e-05	24109	Ubl3
241112	36	58.2	-0.70852500797447	1.14952143441966	38.4456126473982	2.15410111422842e-06	3.02871871749317e-05	241112	Catip
241116	214.8	220.4	-0.033310223899684	3.8496719359372	0.190130314162432	0.666887794581846	0.766658409519288	241116	Cfap65
241118	22.8	22.6	0.0345104179178565	3.55543486713581	0.224416719750969	0.640007497202049	0.744221107365922	241118	Asic4
241134	29.2	44.2	-0.582004152978321	3.411777105939	50.457391505112	2.5251721884924e-07	5.43946927160495e-06	241134	Nyap2
241159	648.6	475.4	0.442657186688906	3.11882967827887	22.7186131507568	8.40482004692957e-05	0.000597556659903197	241159	Neu4
24116	758.2	769.4	-0.0202961892819772	4.54382335886338	0.180311597973496	0.674915921915583	0.773365683793233	24116	Nelfa
241175	40.8	44.2	-0.104311715448239	2.39544702946299	1.14687157609699	0.294934780356605	0.423167293555128	241175	Cntnap5b
241201	1812	1578.6	0.210840650646614	4.27503471878101	12.6636679934141	0.00160639048355274	0.00668935985285835	241201	Cdh7
241226	280.6	223	0.331427004555502	3.50724469949079	12.6146274194783	0.00198825105987582	0.00793434036980813	241226	Itga8
241263	5506.2	5760	-0.0648267988324654	7.7854918996513	3.77055953856636	0.0640776331426107	0.129553519295467	241263	Gpr158
24127	6.8	8	-0.266282616316682	2.95649124290967	10.1318891734512	0.00402518591718049	0.0141350916537723	24127	Xrn1
241274	490.8	388.8	0.338753189234897	4.00495669682987	42.5802754097542	9.84877828717422e-07	1.60489561852104e-05	241274	Pnpla7
24128	1539.2	1610.4	-0.0680665693086978	5.82006246055987	3.21638882119301	0.0856094259385903	0.162729956944926	24128	Xrn2
241289	857.2	957.4	-0.158782711683129	5.28648686467804	16.2042576599162	0.000499749989949234	0.00260677962999864	241289	Ppp1r26
241296	1631.2	1327	0.298474745666383	5.91256917872668	64.4003226064091	3.15020819050649e-08	1.03304088730943e-06	241296	Lrrc8a
241303	623.4	541.6	0.21351897348017	3.29675294599779	7.71791393775269	0.0104881294801896	0.0306253380821535	241303	Fam78a
241308	618.6	649.8	-0.0671436954521594	5.43062571333441	2.08139367241024	0.162123609448617	0.268146773197198	241308	Ralgps1
24131	174.2	176.6	-0.0240759012686683	3.22333750139287	0.117064726402205	0.735240089545006	0.820693509482084	24131	Ldb3
241311	1052.2	1277	-0.282525392949086	4.64837724759593	21.370409193568	0.000116131729369594	0.000780003725050235	241311	Zbtb34
24132	54.6	58.6	-0.0721808234044945	0.62577715220594	0.231927666855734	0.639583822153064	0.744087617949162	24132	Zfp53
241322	369.8	316.4	0.227474678808237	3.66399743231446	8.82962849731529	0.00670549105787645	0.021217418509314	241322	Zbtb6
241324	284	270.4	0.0656012521358494	2.86290121544021	0.606494747578771	0.443777660782787	0.574760500763145	241324	Crb2
241327	1	1	0.10335006867558	1.13771970937276	0.70689517378156	0.408836013307985	0.541890484764202	241327	Olfml2a
24135	1235.8	1138	0.119861247008059	4.46364601471035	4.16158540695535	0.0525863973318972	0.111514640116673	24135	Zfp68
24136	3355.2	3724.2	-0.151577777933876	7.2457796932282	18.2048142190631	0.000271627948507465	0.00158502638987763	24136	Zeb2
241431	44.2	39.8	0.145998148671334	1.59265446894869	1.2936856184632	0.266680322707786	0.392565167982313	241431	Xirp2
241447	500.2	453.8	0.136392978971836	5.04426634228848	6.7448335946814	0.0158602401175901	0.0426738478517587	241447	Cers6
241489	39	45.8	-0.271734349318867	0.320763847516529	1.80647912796962	0.191591603568055	0.304458521747119	241489	Pde11a
241490	1153.4	1003.4	0.20304427564597	4.75213919518692	18.3668186509114	0.000258906532500887	0.00151938657629782	241490	Rbm45
241494	1079.4	1037.4	0.0537690314173474	5.09889551113886	1.23435546211384	0.277648981319154	0.404312168221205	241494	Zfp385b
241514	326.8	305.4	0.0906471020236221	4.33426421425842	2.95363130623431	0.0986551802343345	0.181581812696685	241514	Zfp804a
241520	8307	8564.4	-0.0445807318025988	7.9154709798172	1.65715550170542	0.210354148020205	0.327106923666922	241520	Fam171b
241525	916.6	855.2	0.0982429696817507	5.98186270804108	7.67701361783636	0.0106683139912856	0.0310261187988011	241525	Ypel4
241528	1146.2	1623.8	-0.509650769878702	4.58313407311578	84.0189822065847	2.79769365523473e-09	1.54342992720469e-07	241528	Lrrc55
241547	407	366.2	0.141498661548727	2.028955396269	1.84670109576258	0.186894735352637	0.29859362272433	241547	Harbi1
241556	33	45	-0.475472830878311	0.85212326473712	10.3220636726218	0.0037462733689575	0.0133174213661859	241556	Tspan18
241568	10507.8	12252	-0.22256580165893	7.40186942538487	30.3545642397351	1.27989084105762e-05	0.000130646484580839	241568	Lrrc4c
241576	167.8	244.2	-0.539872732931812	3.89618111952083	85.9853026284385	2.25075265339417e-09	1.31178946984514e-07	241576	Ldlrad3
241589	11202.8	11233.6	-0.00357742983109392	8.33143852670307	0.0144883888033019	0.905201228447488	0.939978442578949	241589	D430041D05Rik
241624	116.8	95.6	0.300293509923977	0.30052234180363	3.54071978904618	0.0721533533843593	0.142181945442063	241624	Exd1
241627	376.8	351.6	0.105742095315355	2.0813499420601	1.05844732013718	0.313902085037208	0.444121058841798	241627	Wdr76
241638	5250	4480.2	0.228600763179906	8.23775611218739	36.6610037435102	3.36351295503816e-06	4.34849877031499e-05	241638	Lzts3
241656	4971.4	7353.8	-0.563746998990361	6.42462769893946	62.1609630698584	1.3090299016959e-06	2.01165979530634e-05	241656	Pak7
241688	13007.8	12852.6	0.0174386854890447	8.11551628582951	0.397019776955625	0.534629728950475	0.656111296638775	241688	Dzank1
241694	674.8	629.2	0.102982112141669	5.35735058977057	4.04677149984903	0.0558036626857923	0.116676716398155	241694	Ralgapa2
241727	20054.4	16327	0.297010295660863	8.77341307607435	101.866450149984	4.43357784030446e-10	3.81446036331909e-08	241727	Snph
241732	1957.4	2094	-0.0954271822096586	5.07902870014278	5.90311452572423	0.0230283127452626	0.0575767570351195	241732	Tspyl3
241764	538.6	730.8	-0.439449480146077	4.71784758664255	82.641785127079	3.26597822612638e-09	1.73553122354525e-07	241764	L3mbtl1
241770	745.6	622.8	0.261619526793164	4.54273388374607	21.8735309473882	9.60309114927382e-05	0.000667001823506025	241770	Rims4
241794	739.6	498.4	0.573841986841865	4.59235548522024	99.7451110349597	5.44008376825611e-10	4.51902130956172e-08	241794	Kcng1
241846	5572.2	5539.8	0.00831705766308156	6.61536259990129	0.080447892187945	0.779141636813742	0.85268232520599	241846	Lsm14b
241915	723.8	664.6	0.12199901324091	5.95705800820568	12.5656610284748	0.00166218513732394	0.00687416994989421	241915	Phc3
241919	3685	3039.4	0.277164311466026	6.95612987619072	14.2830671175249	0.00211780271972639	0.0083397987012016	241919	Slc7a14
241944	507.2	501.8	0.0136967561207222	4.16629817424924	0.0704523308979665	0.792962602886463	0.861959950524249	241944	D3Ertd254e
241950	313.8	306	0.0373215669885373	1.64398317148898	0.0559306251852193	0.815318367268019	0.877626938236067	241950	Bbs12
242022	3.4	7.2	-0.832558915550649	1.2992266100027	34.757185650934	4.53728301134211e-06	5.5651758962281e-05	242022	Frem2
242050	44.2	52.8	-0.284967903003185	1.67391630254574	5.01573907049508	0.034720971621138	0.0801560331914915	242050	Igsf10
242083	1011	1253.8	-0.298427296816642	5.99332276976225	12.037119807491	0.0040359027032211	0.0141692828934559	242083	Ppm1l
242109	827.2	918.8	-0.155963535777386	4.61541304653233	9.17809867536947	0.00581442920734965	0.0188815456668236	242109	Zfp697
242126	119.6	143	-0.268695176670907	2.80126613430465	9.18152365630803	0.00580661862234743	0.0188684757647464	242126	Slc22a15
242202	378	414.2	-0.134850918327525	3.7644356036955	5.38297516624246	0.0292260992253789	0.0697200921280124	242202	Pde5a
242248	77	76	-0.000708655386305972	1.17932200843537	3.71483358711263e-05	0.996736883793319	0.997150811070642	242248	Bank1
242259	128	117.6	0.122391506035034	3.05932122279972	3.04789466664322	0.0937271288985099	0.174399062963319	242259	Slc44a5
242274	953.6	839.8	0.184510446187257	5.77305344856263	21.5887832238083	0.000103760337382829	0.000710782898830055	242274	Lrrc7
242291	3132	3085.8	0.0208585949252333	6.22316038461319	0.409992575743718	0.52808415221801	0.650108877962619	242291	Impad1
242297	1104.8	921.2	0.266732962591432	4.76840277883338	25.8060415806981	3.46542537245606e-05	0.000292065646259358	242297	Fam110b
242362	651	690.2	-0.0836867932246625	4.5766938795062	3.14274014838636	0.0890536121305427	0.167777683086422	242362	Manea
242377	782.8	844.6	-0.107059419587655	3.38489484553389	2.7838538825941	0.108310263454494	0.195584457904712	242377	Pm20d2
242384	420.8	501.8	-0.248324869428496	4.49731700868122	17.2032691718343	0.000367070017040272	0.00204298422268005	242384	Lingo2
242406	1652.6	1683.6	-0.027203446385333	5.71976868351335	0.673065886795984	0.420117952885232	0.553191663569567	242406	Rgp1
242408	29	27.6	0.0491985544903669	0.95007883729038	0.109023990007895	0.744144040123614	0.826737736813737	242408	Fam221b
242409	2409.4	2413.2	-0.00396894544016745	6.62655835393709	0.0126567822086837	0.911367673193202	0.944159141939116	242409	Tmem8b
242418	1219.4	1224	-0.00496853048932202	4.13490877389237	0.00992116781895838	0.921491291155257	0.950491338211524	242418	Dcaf10
242425	10707.4	9923.2	0.107938514099041	8.65280271645586	9.75199517591042	0.00465296142250281	0.0158580298044932	242425	Gabbr2
242443	428.4	492.8	-0.195873244251831	4.31689377885528	10.509439182945	0.00349202977750502	0.0125660561552955	242443	Grin3a
242466	849.4	701.8	0.27599220651536	5.94509642491776	34.0322312867884	6.13449739381607e-06	7.12765476931009e-05	242466	Zfp462
242474	7.8	7.4	0.0283643099345328	2.44775114421577	0.0371332065617997	0.849380295120729	0.901105588153552	242474	Tmem245
242481	5040.4	4423.2	0.190098292645152	6.23115221897694	34.7496967106808	4.54437401839378e-06	5.56647305609015e-05	242481	Palm2
242506	104.4	119.4	-0.19162775074741	2.53010792825652	5.08897619353316	0.0335389580598561	0.0779627050172339	242506	Frmd3
242521	5088.2	4720.2	0.109071570479384	6.64311616890714	10.3755498094289	0.00367169359786026	0.0130941671017696	242521	Klhl9
242546	4.6	5.8	-0.311882894964539	0.388463043606557	3.82705031783576	0.0622536488446988	0.126931053801845	242546	Cyp2j12
242553	247.4	303	-0.304107045948594	2.35123976239323	10.6583201166306	0.00330346915347399	0.0119790123292306	242553	Kank4
242557	3398.8	3747.4	-0.140589197551051	5.62931125324248	16.5045820699439	0.000455073781772569	0.00242627681362623	242557	Atg4c
242570	404.8	340.8	0.249006277243142	4.05833831542019	9.96657999673844	0.00474596423332314	0.0161293597527516	242570	Raver2
242584	452.4	349.4	0.375688445447871	3.79078487699492	29.7316965995906	1.35989169505319e-05	0.000137070254953269	242584	Wdr78
242585	360	359	0.00210237378940308	3.31240537337512	0.000937665533445494	0.975826621547805	0.985095543221956	242585	Slc35d1
242594	25.2	29.4	-0.175060465860582	0.496498328785949	1.1768802569908	0.288848350756501	0.416460255544585	242594	Fyb2
242608	52.6	53.6	-0.0313450692945515	3.27659459967785	0.142057715007488	0.709580197380263	0.800761549995474	242608	Podn
242620	330.8	329.2	0.0201826726113756	0.864857587467796	0.0139445674794781	0.906988615827824	0.941150791668991	242620	Dmrta2
242642	78.8	66.2	0.282168894960875	0.273527008060677	2.75063863154813	0.110325505880933	0.198429842282283	242642	Hpdl
242662	873.8	782.4	0.156533475373822	5.50619156590829	12.680297147276	0.00159712810992149	0.00665654258962087	242662	Rims3
242667	8118.4	7179.6	0.17853118030269	8.47411926347909	28.2842698100684	1.90339050311859e-05	0.000179462533151181	242667	Dlgap3
242669	782	755.2	0.047807663384527	4.85336008492567	1.35553160029147	0.255840496325015	0.380329358132044	242669	Azin2
242681	222.2	352.4	-0.695380346452635	0.489598247920091	16.118969395107	0.000513292303588854	0.00266279409723705	242681	Rab42
242687	348.6	298.8	0.217980799672878	4.25244043830839	13.7189029365156	0.00111957546858915	0.00500227011529753	242687	Wasf2
242691	101.4	107.4	-0.0903468011455655	2.61890744936677	1.12288824351641	0.299923056233504	0.428664872421543	242691	Gpatch3
242702	16.4	29.8	-0.842743590727875	1.6269679608046	38.9253660036135	1.96178342235686e-06	2.81585080305324e-05	242702	Myom3
242705	108.4	162.4	-0.568497333238476	0.315836453892527	12.3400408380048	0.00179884055691583	0.00731788387550281	242705	E2f2
242721	1047.2	622	0.748596110615241	4.06414158899282	135.243475578849	2.62383653136421e-11	4.92531600316082e-09	242721	Klhdc7a
242726	56.6	54.8	0.0536696920789084	0.9499745596779	0.129487029797802	0.722134789745113	0.810320336229786	242726	Padi6
242735	108.2	97.8	0.121114933912807	1.32808094911533	1.27846124073547	0.306276788262594	0.435982479835545	242735	Lrrc38
242736	785.2	671	0.23126412726233	3.60934156569074	13.1555380519691	0.00135557228615359	0.00582444762903208	242736	Pramef8
242747	393.4	262.6	0.595666796794176	2.00787400267098	34.2162787501534	5.08175747587944e-06	6.10064140833567e-05	242747	Zfp933
242748	2141	1633.2	0.39074497974961	5.63414264889586	92.3004612227194	1.14843468130724e-09	7.72068599237901e-08	242748	Disp3
242773	1868	2081	-0.159403451718279	5.79252259292656	14.7663851866772	0.000791254777793966	0.00378429393937372	242773	Slc45a1
242785	735.4	702.2	0.0693194511401219	4.17954795646176	1.56645767384828	0.222872218143202	0.341611351117905	242785	Klhl21
242800	42.6	50.6	-0.263886058132311	0.843433520420013	2.87254094466144	0.103136130700551	0.188342341521891	242800	Ttc34
242819	1812.2	1920	-0.084006299955508	5.42325846596153	3.69289453884037	0.0666853705263888	0.133370741052778	242819	Rundc3b
242860	694.4	657.6	0.0761060332469861	4.83848919822883	1.52470531550891	0.230070487896569	0.350488915688976	242860	Rsbn1l
242864	1163.2	929	0.329108659985245	4.30968610613792	42.7044388152115	9.62756800238568e-07	1.5795331203914e-05	242864	Napepld
242894	8409.6	8816	-0.0680174041038094	6.55360187359533	4.34627593352494	0.0479835973401531	0.103484768122139	242894	Actr3b
242915	351	388	-0.144296535642813	3.62265611381957	6.07344619130182	0.0213282809390905	0.0539901879782782	242915	Garem2
242960	2032.2	2063.4	-0.0231968902404807	6.46570029509191	0.449617486794932	0.50896527849021	0.633423810512958	242960	Fbxl5
243043	436	317	0.472514370630584	2.92811053379226	42.125007289042	1.07082977476631e-06	1.71025122259362e-05	243043	Kctd8
243219	2200.2	1977.2	0.151922280072563	6.19844200434422	13.2375743631608	0.00131806291953877	0.00569719535163172	243219	2900026A02Rik
243270	73.6	52.4	0.41716634923156	0.153457940652249	4.23635581137298	0.0506654783332514	0.108091339310526	243270	Hcar1
243272	1954.8	1742.4	0.166385240092466	7.58924114808279	21.550740560444	0.000104843197265189	0.000716841803817903	243272	Sbno1
243274	927	1025.8	-0.143200275881817	5.54734201376931	7.88198808095204	0.00999389731710546	0.0294972302066464	243274	Tmem132d
243277	1006	883.6	0.186887132640433	3.39642760061783	7.13428015247473	0.0134122064222153	0.0373886271218322	243277	Adgrd1
243300	1633.6	1729.6	-0.0828053514865787	6.56226034076122	4.76609115516985	0.0391146172720662	0.0880901648567225	243300	Nyap1
243308	500	506.4	-0.01731934457976	3.57519411402474	0.0890221547072191	0.768010776211868	0.844683287122686	243308	A430033K04Rik
243312	767.8	700.6	0.131900232517793	5.1829878848066	10.3445991727528	0.00371465017245625	0.0132355007159625	243312	Elfn1
243328	24.2	17.6	0.442194054373073	2.79880184313767	18.10965044077	0.000313461403745117	0.00178233505952557	243328	Slc29a4
243339	7395.6	7016.2	0.0759148327147985	7.45002101393039	3.36866809706314	0.0795449619680466	0.15364731795886	243339	Tmem130
243362	133.8	116.4	0.194280264740369	3.6782116389336	12.1300185254084	0.00193713118285212	0.00776128399992721	243362	Stard13
243369	9	5.4	0.667008421752945	1.61736181852395	26.23437391335	3.1175312142839e-05	0.000268538713773895	243369	Sspo
243371	365.4	409.6	-0.17091700784199	3.76084403347495	6.16585198719103	0.0204646185056058	0.0522514742766342	243371	Lrrc61
243372	134.2	137.2	-0.0316295264464119	2.76269639156322	0.115258319281841	0.737209893884474	0.821813343066958	243372	Zfp775
243373	1322.8	1492.2	-0.169741648606446	4.4631801861387	8.82713629794493	0.00667938857135404	0.021162622185522	NA	NA
243374	30	25.8	0.205729287552443	0.755884705983452	1.93504403160809	0.177063824299877	0.286124426751102	243374	Gimap8
243382	4567.2	5300.8	-0.213938523705839	6.29269047650156	15.7555931618499	0.000811928969292202	0.00386498374161008	243382	Ppm1k
243385	41.2	45.8	-0.16904561426909	0.640917235820755	1.25579412823987	0.273618422735639	0.400008160435009	243385	Gprin3
243499	1077	1193.8	-0.145963083811456	4.43772840643306	8.13852479646018	0.00881758843476124	0.0266798039012014	243499	Lrrtm4
243510	341.4	463.4	-0.441533655543154	3.76986160675539	38.5095959090402	2.12730961237353e-06	3.00862359464256e-05	243510	Ccdc142
243529	1205.2	1273.8	-0.0764971414984583	3.79404024142123	0.72733404259289	0.403796299173392	0.536687053632387	243529	H1fx
243538	141.6	90.2	0.655795533176058	2.84085043963052	88.335218871074	1.74440797142716e-09	1.04621049041527e-07	243538	Cfap100
243547	1550.8	1458.8	0.0913036934493549	5.5075820184791	4.25584494298556	0.0501778870614706	0.107304509481653	243547	Grip2
243548	11448.8	10125.8	0.176698977758092	8.06679446023584	24.9827987724634	4.25848574788481e-05	0.000344636914893209	243548	Prickle2
243574	246.4	259.8	-0.0672487353795979	2.99300013888616	0.573845116580726	0.456162819185772	0.586338585016554	243574	Kbtbd8
243616	4237	4712.8	-0.152748387306712	7.22480005029663	15.9488486103457	0.00054151360298266	0.00277554525443666	243616	Slc6a11
243621	10549.4	9533	0.145833081076454	7.88789348891773	15.4367161172639	0.000637178738016802	0.00317250481546499	243621	Iqsec3
243725	4094	4507.8	-0.13997347711275	8.46424635786483	7.90945853932331	0.0116720430261243	0.0333657876688101	243725	Ppp1r9a
243743	6793.6	6210.8	0.131211424280855	7.35593984580289	9.55218443556204	0.00527553871841907	0.0174771113078224	243743	Plxna4
243755	590.6	790.4	-0.418499567949257	3.76747565766857	13.0979557495635	0.00234387264026979	0.00902828730254836	243755	Slc13a4
243764	163.6	168.8	-0.0451784063148093	2.17541932448826	0.21260078381419	0.648918351675885	0.751198610854015	243764	Chrm2
243771	166.6	196	-0.232326653953578	3.03697510656528	10.8993215757296	0.0030214169410501	0.0110925985435454	243771	Parp12
243780	131	116.8	0.170602469470852	4.06440614736857	6.07558631942532	0.0213078268221761	0.0539564346334502	243780	E330009J07Rik
243813	195.8	218.4	-0.159848528771866	2.81712122757992	5.2823493675213	0.0306283546342089	0.0724316488682682	243813	Leng9
243819	10679.2	8818.6	0.277086251522376	7.85799423501076	98.170499148553	6.34688074443527e-10	5.18292736045579e-08	243819	Ppp6r1
243833	201.2	191.8	0.0715185938422968	2.50315477248823	0.614896304357106	0.440677603883314	0.571978635643805	243833	Zfp128
243834	293.4	249.2	0.233194197668698	3.15634975316782	9.92647821780708	0.0043522296039801	0.0150635759403293	243834	Zfp324
243842	351	322.2	0.122832032465335	4.79075125503036	6.44083377580631	0.0181156191383485	0.0472982584945248	243842	Bicra
243846	694.8	739	-0.0926481675160658	5.4440826760009	4.65809822401478	0.0412056520599449	0.0916427904099776	243846	Ccdc9
243853	1226	1477	-0.273961314304416	5.57734238026198	36.8036315272478	2.98378420739086e-06	3.94580209822758e-05	243853	Fkrp
243864	14.2	15.2	-0.103477104061702	0.711399637245591	0.37559667282265	0.545775725767096	0.665661492521208	243864	Mill2
243867	398.4	373.2	0.096007998130226	3.30384588269672	2.17865721338572	0.153032477217442	0.256872770375207	243867	Fbxo46
243897	42.8	43.6	-0.0113298518158453	0.357671768611631	0.0043933517992688	0.947706121986156	0.966905081328997	243897	Ggn
243905	33.6	29.8	0.181929519432598	1.80921983714784	2.03742425916763	0.166446160817888	0.273418889471729	243905	Zfp568
243906	260.2	253.8	-0.00527611449516709	1.19815936478973	0.000941673250717431	0.975797488679014	0.985095543221956	243906	Zfp14
243910	80.2	53.8	0.561369649030548	1.94414608038352	38.2106818848346	2.25565761127759e-06	3.13191883894393e-05	243910	Nfkbid
243911	576.6	287.4	0.995998444877128	3.55997408400298	160.962073979943	4.77680134628576e-12	1.2553433938039e-09	243911	Kirrel2
243912	64.4	70	-0.114314664915369	1.95144736994764	1.10066407180454	0.304647202363571	0.434214639874082	243912	Hspb6
243914	452.2	599.6	-0.404835793819095	4.90984345272595	68.1041409153917	1.91732000647731e-08	6.99821802364219e-07	243914	Lgi4
243931	1323.8	1386.4	-0.0726091235902795	5.57063121387203	1.70196708523557	0.206428402328118	0.322173075961152	243931	Tshz3
243937	108	110.2	-0.0231028198774609	3.50064913511178	0.052134076176899	0.821850021605908	0.882226815000214	243937	Zfp536
243961	15386.2	13105.2	0.231336946622919	9.45433469878405	46.482182611518	4.92127269969723e-07	9.22595014285651e-06	243961	Shank1
243967	1448.6	1644.2	-0.0681726562717248	1.37030000285783	0.0355176857980077	0.853753453900746	0.903709441426685	243967	Ntn5
243983	1380.2	1366.4	0.0175426802214133	4.65956081265704	0.154628217224898	0.697647976440009	0.79136349885216	243983	Zdhhc13
244049	2	1.8	0.144361020027461	0.724932429765639	1.01543101267999	0.323730912602752	0.45495445899467	244049	Mctp2
244058	338.2	349.6	-0.0507164978067275	5.03916307282823	1.76041768470562	0.197150060164933	0.311398423082062	244058	Rgma
244059	1684	1489.6	0.176866787527166	6.34645734852495	13.16952053703	0.0015583922687907	0.00651011614251466	244059	Chd2
244141	907.4	833.8	0.123561225014113	3.73968813138987	3.41925156405466	0.0768871276317776	0.149374603236695	244141	Nars2
244144	1293.8	1594	-0.29376942702838	4.73973309616837	23.0190685201256	7.77389002141724e-05	0.000557913636393073	244144	Usp35
244152	126.2	136.6	-0.115554596982557	1.37691896495376	0.625266029966722	0.436898428337426	0.568605247901058	244152	Tsku
244189	161.6	154.4	0.0671868106098261	3.27220334369108	0.959929434999355	0.33704989979701	0.46894505236359	NA	NA
244198	165.6	247.6	-0.580740325414331	2.85991805095274	52.6056183060894	1.78746645614838e-07	4.08406141858464e-06	244198	Olfml1
244216	1403	1276.2	0.124782296119975	4.04385361958504	1.4115357983791	0.252322677842016	0.375870554006853	244216	Zfp771
244219	228.6	229.2	-0.00218340688926401	3.76345043011509	0.00118405536469395	0.972836808194623	0.9833822802745	244219	Zfp668
244238	158.6	170.4	-0.10328576387017	3.25182339079461	2.60215671183777	0.119887666615395	0.2115561388425	244238	Mrgpre
244281	564.4	724.4	-0.366372929650785	5.04807345074487	65.857911979693	2.58460881435756e-08	8.76429032388086e-07	244281	Myo16
244310	1904.4	1960.2	-0.0410903237896227	6.65304167793774	0.759624070946995	0.393184119503511	0.526211413268866	244310	Dlgap2
244329	966.2	1000.8	-0.0422547464617835	3.56302712278264	0.370521471648419	0.548480723197188	0.667639141759489	244329	Mcph1
244349	693	717.8	-0.0490334600893107	6.2382044880383	1.37288571921975	0.252901714046619	0.376655473964949	244349	Kat6a
244373	1271.4	1337	-0.0728445957874438	5.83380292121107	4.38177881563243	0.0471518619259282	0.102041175666622	244373	Erlin2
244416	7.4	6	0.159196994343622	0.401727234836068	0.945148695097304	0.340725168309754	0.473269419829827	244416	Ppp1r3b
244418	881.2	886.6	-0.00860708609657733	5.51897320627787	0.0136735511942793	0.908391868926052	0.941837937259844	244418	Prag1
244421	681.2	618.6	0.138502480652088	4.85890580586495	5.17576708860608	0.0329177799776244	0.0767780525732746	244421	Lonrf1
244431	55.4	59	-0.0947447391880641	1.33255956663546	0.566390349484918	0.45906906782831	0.589140677806415	244431	Sgcz
244484	1070.4	1229.4	-0.202586279886752	5.53053384526958	27.1140204194716	2.51619517057326e-05	0.00022491703769614	244484	Wdr17
244548	534.4	464.4	0.205242298213339	4.21574287617451	12.8639453862739	0.00149862419199947	0.00630783752800241	244548	Elmod2
244556	16	15.4	0.0372971318688279	0.693907105610864	0.0716544120636314	0.809270673871625	0.873511934892126	244556	Zfp791
244579	189.6	208.4	-0.138548498216815	3.37035071910307	5.01358244708435	0.0347564777173785	0.0802123788802473	244579	Tox3
244585	1139	1049	0.121043173928715	5.0452249765135	7.8635877021349	0.00987308303520808	0.0292309590722854	244585	Rpgrip1l
244608	144	211.6	-0.578654152935273	1.61542432371735	26.7688206715536	2.73566189759564e-05	0.000240579142110294	244608	Ccdc113
244631	419.8	485.8	-0.213713478088929	3.56565394297031	10.9550816879113	0.0029599811884361	0.0109225346177318	244631	Pskh1
244646	138.2	169.8	-0.291763121245866	2.13608764139375	9.46618007472988	0.00519597978674474	0.0172689565043938	244646	Pkd1l3
244650	2814.8	2915.8	-0.0444063997273086	6.41535139607179	1.17483959402251	0.289256907812631	0.41692454582407	244650	Phlpp2
244653	28.2	23.4	0.286916053163438	0.865860396096966	4.88866931019399	0.0368840504324139	0.0839297961193499	244653	Hydin
244654	3073.6	3672.4	-0.25677412976057	7.60277660233577	78.9761084220696	4.9808352763258e-09	2.43219571229774e-07	244654	Mtss1l
244666	199.2	204.4	-0.0346132505082967	3.56146643681114	0.3461014725203	0.561864613725823	0.679239047970664	244666	Sprtn
244667	6.6	5.8	0.114527122006736	0.363310913735525	0.628870721788392	0.487458341809883	0.614414776286025	244667	Disc1
244668	2762.8	2863.6	-0.0522495283412127	5.87666757718955	1.73780540226281	0.199951578344784	0.314647877020328	244668	Sipa1l2
244672	400.6	429.2	-0.102380151373065	3.50092871896503	2.62535247380574	0.118331735590229	0.209168020817069	244672	Cwf19l2
244682	64.8	64.2	0.0248518700130998	2.87234012588078	0.0952422610288199	0.760298076967909	0.838817525722782	244682	Cntn5
244694	5.2	7.2	-0.386501093720503	0.61121597328667	6.93873904261535	0.0145847235537855	0.0399483786709145	244694	Kdm4d
244713	844.6	879.8	-0.0583301425193667	4.74166954355957	1.20369140372436	0.283551044903669	0.410555123395566	244713	Zfp317
244721	351.6	354.4	-0.00135668675745225	2.87046082266561	0.000231037322361856	0.987999268045899	0.992117647654261	244721	Zfp846
244723	4638.8	4762.4	-0.03677849625375	7.0668591397359	1.27876126092857	0.269385257679024	0.395539873475479	244723	Olfm2
244745	12507.2	14210	-0.184028355160807	7.16609755502715	36.1521866596522	3.40417053110999e-06	4.38537262537111e-05	244745	Dpy19l1
244810	214.8	244	-0.179787656901668	2.31341524017499	2.21679558692693	0.150212732767806	0.253080177109904	244810	AW551984
244853	294.8	401.4	-0.450752763052033	3.78086618903686	44.0189748556585	7.58953187369976e-07	1.30749813709721e-05	244853	Nxpe4
244864	104.4	88.4	0.244338947854541	2.58051670849662	4.04055281859415	0.057752719513491	0.119695699433324	244864	Layn
244867	3885.8	4033.6	-0.0547789696496657	6.81403358994544	1.99388791339237	0.170864145841865	0.278304075275898	244867	Arhgap20
244871	118	110.2	0.0753366429266086	3.1016056119387	1.08692527838824	0.307617968273437	0.437284629565722	244871	Zc3h12c
244879	364.4	353.4	0.0426338583371233	4.78221193287347	0.833527118074318	0.370401721429989	0.504265468734017	244879	Npat
244882	257.6	260.6	-0.0243639374751684	2.41863697989333	0.0638514904454335	0.80267640351469	0.869185251453501	244882	Tnfaip8l3
244885	211.2	247.8	-0.225280648672152	1.90379091676979	3.20049385171308	0.0863553445258376	0.163810714752185	244885	Sh2d7
244886	106.8	121	-0.185384971344007	3.11877868153016	7.30693449924022	0.0124630253510092	0.035156238958526	244886	Tmem266
244891	1016.6	1202	-0.244411995123708	5.29488933300046	34.2345717086181	5.06222729824179e-06	6.08730726861787e-05	244891	Scaper
244895	1189	991.2	0.267029624962638	6.09705155616317	13.5083769239894	0.002307219085072	0.008915867996378	244895	Peak1
244954	253.2	163.4	0.629287232081793	2.84914148445664	49.4485336579767	2.98058099936283e-07	6.19875075752379e-06	244954	Prss35
244958	230.2	270	-0.25411548297048	2.45287965680167	7.82976394184915	0.0100122656117176	0.0295160691722959	244958	Mrap2
244962	2901.6	2555	0.181738240307819	6.01508065737868	23.3656978115784	6.45397521369166e-05	0.000480111980127119	244962	Snx14
245000	732.2	881	-0.26857519657232	3.60921097477582	19.4004952315164	0.000191536816667875	0.00118564160518949	245000	Atr
245007	207.2	207	0.00167766698636178	4.85572454263339	0.000893640172927239	0.976400758918137	0.985262257009408	245007	Zbtb38
245020	846.6	910.4	-0.106234553478549	3.82404607637721	2.7843545982997	0.108280214053836	0.195584457904712	245020	Slc35g2
245038	1315.2	1158.6	0.185929203044375	5.92052234583757	21.9059589095982	9.51911456335892e-05	0.000663080876620674	245038	Dclk3
245049	4399.2	3655.4	0.26772086826906	6.74452461292016	76.5920326700085	6.60849737718906e-09	2.98443396015158e-07	245049	Myrip
245050	13.6	12.8	0.0333173870284149	2.07333809276065	0.0884062769938804	0.768790278341026	0.845411950938922	245050	Fam198a
245174	21.4	22.6	-0.0564993050687797	0.703792976948969	0.180850779825058	0.67472196577861	0.773266039752936	245174	Zfp937
245269	697.2	782.8	-0.163740488920532	4.73098910076195	11.4031729508579	0.00251309339195093	0.00954394426885411	245269	Nim1k
245368	99	94.6	0.0833463234347274	0.3393403460442	0.193599986997257	0.663903078373258	0.76432139345337	245368	Zfp300
245386	448	459.2	-0.0342211406324054	3.61749465945838	0.184958035493798	0.671141044200378	0.770078006896266	245386	Tmem255a
245403	25.2	30.8	-0.310564960107374	0.749207601288298	3.30529097194883	0.0816541941480217	0.156820319188879	245403	Dcaf12l2
245404	4161.2	4273.4	-0.0347454811218883	5.82422624662519	0.300589714968464	0.590526870074246	0.703275420504551	245404	Dcaf12l1
245440	236.2	287.4	-0.268351694220028	2.42249276697073	6.96696899849629	0.0144086666098667	0.0395260708253964	NA	NA
245446	695.6	899.4	-0.374649021575823	4.35804870428261	17.6834693323567	0.00058885109316331	0.00297388319377445	245446	Slitrk4
245450	1138.8	1366.8	-0.264418303773965	5.10800020491092	20.0786962645945	0.000193849454909485	0.00119596687386417	245450	Slitrk2
245468	593.8	863	-0.540990786488333	3.87922380332065	77.9959622992133	5.59029551680643e-09	2.64925020983345e-07	245468	Pnma3
245469	6898.4	6758	0.0305274806293053	7.29539072569553	1.03205260312418	0.319883721848072	0.4509023101796	245469	Pdzd4
245474	891.2	907	-0.0240834278450081	4.80704885306171	0.286501723994451	0.597432520983738	0.70914754523273	245474	Dkc1
245522	1385.6	1371.2	0.0142760296931919	4.36719940903341	0.0836448912454411	0.77491926362129	0.849695269032175	245522	Zc4h2
245537	2006	1851.4	0.116124028851171	6.2303318864468	9.01785198334838	0.0061930779317798	0.0199213696769496	245537	Nlgn3
245555	920.8	945.6	-0.0340432287061319	5.08539049462317	0.410165765389362	0.528014011407115	0.650077897860174	245555	Nexmif
245572	18	26.8	-0.555902944886989	-0.0160365369195872	4.40293264970563	0.0476549086895177	0.102914096847197	245572	Tbx22
245578	65.4	114.6	-0.823512380173193	1.58680194570416	33.1183584823339	6.41802056812526e-06	7.40943045460723e-05	245578	Pcdh11x
245595	750.8	725.2	0.0448875773863493	4.00143327203731	0.504440697169189	0.484450267478986	0.611763425313758	245595	Zfp711
245607	8662.6	9178.8	-0.0818759417603039	7.05026495492776	5.43748433944441	0.0284964893424435	0.0683631961752163	245607	Gprasp2
245622	427.2	418.8	0.0179836760066175	3.17536967617272	0.0191477454510652	0.891687255562054	0.931313504725336	245622	Fam199x
245631	129.4	72.6	0.817461212809816	1.27516815631625	49.5868134628725	2.91320421086311e-07	6.08489214795021e-06	245631	Mum1l1
245638	95.6	71.2	0.417112455107844	2.91119685199016	35.1094406278771	4.21693658878087e-06	5.25143271303484e-05	245638	Tbc1d8b
245643	177.8	161.6	0.126046435255836	2.33482431955348	1.79699090233309	0.192720646518867	0.30594005763687	245643	Frmpd3
245666	7884.8	7774	0.0204579112771347	8.11243117822828	0.665806422370768	0.422601245084498	0.555752742830619	245666	Iqsec2
245670	2386.4	2397	-0.0092063251491429	6.00496923748037	0.0469411437228339	0.830318619137797	0.887745049265309	245670	Rragb
245671	141.2	150.2	-0.0849534421173083	2.14813024605846	0.580637936730249	0.453540547400238	0.584052812966694	245671	Klf8
245676	2043.6	2079.2	-0.0265521149713401	2.64672466598614	0.0871448383883693	0.770396156642013	0.846662564484767	NA	NA
245683	810.8	739.2	0.136328111889425	6.17943865949937	5.90034576393065	0.0254616282020425	0.0624189915251564	245683	Klhl34
245684	4504.6	4696.6	-0.0583097866477108	8.00224428276106	0.645169503275495	0.436162829339249	0.56790357042334	245684	Cnksr2
245688	9066.6	8864.6	0.032333181035257	6.79627891392706	1.02329505747683	0.321902845185818	0.453046127002513	245688	Rbbp7
245695	78.4	99	-0.335058084119766	0.376030203191772	3.20071870566916	0.0863292019956382	0.163810714752185	245695	Tceanc
245828	665.6	688	-0.050599649135612	4.97399667252582	1.02496595004353	0.321516259628039	0.452591111271734	245828	Trappc1
245841	691.8	598	0.214852364157566	3.70070010381801	13.6402525924447	0.00114964658337582	0.00510506657945134	245841	Polr2h
245847	78.2	104.4	-0.418952347543576	3.33722901793916	46.4354227072685	4.9611848237022e-07	9.26472421728574e-06	245847	Amdhd2
245857	1634	1572.2	0.0562694295515487	6.02982581444925	1.9075632514671	0.180052764312985	0.290009990491253	245857	Ssh3
245860	4928.8	4585.6	0.104074609834793	7.49178218140913	9.89190982366925	0.0044100757734426	0.0152095526674634	245860	Atg9a
245865	31	30.6	-0.00707306038529922	1.6969227684007	0.00343898181295144	0.953725713463934	0.971018422081437	245865	Spag4
245866	716.2	798	-0.160036517677431	4.75580236608238	14.1289549175749	0.000976073215189903	0.00448271519818936	245866	Ift52
245867	2219.6	1890.2	0.233159185791181	6.66412551530849	24.773988584619	6.11689777860868e-05	0.00046187251392567	245867	Pcmtd2
245877	7008	6895.4	0.0227681017203102	8.0840768227635	0.525641878234842	0.475506220904463	0.603714474789718	245877	Map7d1
245880	2786.4	2687.6	0.0532957311409962	6.15106449402725	2.39203515830365	0.135136600645801	0.233169920703643	245880	Wasf3
245886	1906.4	1908.8	-0.000381874430962993	5.67025145057453	0.000121306421162411	0.991304053983075	0.993986042058367	245886	Ankrd27
245902	51	61.8	-0.244387333046408	0.618863675833412	3.41879733403552	0.086590585193828	0.164184745951934	245902	Ccdc15
245944	1276.6	1271.2	0.00612770807379205	5.37598680931401	0.0259160590172419	0.873462830989744	0.91825090982077	245944	Vps54
246102	174.8	177.2	-0.0295086134629771	2.03588688419822	0.0848009462636636	0.77341405278336	0.84868863642049	246102	Rttn
246103	778.4	776.4	0.00456533097291068	5.50959236374368	0.0167595397687633	0.898081539544769	0.935558239465232	246103	Atxn7
246104	478.8	272.2	0.814030942370357	4.52775846549043	93.9820873935425	2.3027449823234e-08	8.17785650479173e-07	246104	Rhbdl3
246154	345.4	309.4	0.162880998869487	4.32326602278024	9.19140995384795	0.00578413765118253	0.018816998786899	246154	Vasn
246179	1412.2	1330	0.0957055790603826	4.80724431031889	2.00875162386866	0.171707900283041	0.279175027074362	246179	Fktn
246196	1476	1664	-0.174528115494807	3.87482222913418	8.97170510419186	0.00630707755671071	0.0202044545666438	246196	Zfp277
246198	5803	5553.4	0.0657030505996079	7.75164397348201	3.44313175180204	0.075929087123072	0.147848447430538	246198	Mllt6
246221	596.2	662.4	-0.154000133342719	4.06282126990539	5.81120665174515	0.0240077569937217	0.0595313294882918	246221	Mpst
246228	540.8	545.2	-0.00777752052800326	4.75078686721556	0.0204757158834309	0.887419820566489	0.928265022902593	246228	Vwa1
246229	2094.6	2078.4	0.00934742787848596	4.6011020597011	0.0448422319733141	0.834095532540923	0.890334305246769	246229	Bivm
246257	497.6	397.6	0.316369500917507	3.56039045904685	9.31384608560864	0.00687574990848189	0.0216471551246345	246257	Ovca2
246277	1295.6	1196.8	0.118996332795172	4.22222797137012	5.04240290483477	0.0342853200560046	0.0794293983153535	246277	Csad
246293	1404.6	1255.2	0.16892652025955	4.81192127730513	9.26439769089646	0.00562109137803975	0.0184067183457604	246293	Klhl8
246313	27.6	21.4	0.305832525064262	0.641948123402013	3.7725332561189	0.0640128902791661	0.129458838127196	246313	Prokr2
246316	732	952.4	-0.380015276070034	4.6737109045452	20.8949464968533	0.000274291043007996	0.00159605585170595	246316	Lgi2
246317	1588.8	1472.4	0.107089053935475	6.19013429103508	9.51528958103864	0.0050979356808831	0.0170489500998344	246317	Neto1
246694	909.2	863.2	0.0715503141615583	4.31458757700773	1.21034788309943	0.282326918403761	0.409262188206596	246694	Hps5
246696	691	788.2	-0.190487611668939	4.94263230558886	13.3912600549817	0.00125080432281966	0.00547686327841121	246696	Slc25a28
246703	727.6	826.2	-0.189107297281902	5.20176658284995	15.523201611914	0.000619809059422846	0.00310097616645823	246703	Naxe
246707	185.4	130.8	0.473679086304263	1.57102467285954	17.8057078284662	0.000305965063276651	0.00174799170932834	246707	Emilin2
246710	3952.6	3436	0.20225888543671	7.04009651699525	24.6647138085727	4.78995377156307e-05	0.000377455465287932	246710	Rhobtb2
246738	802.8	644.6	0.318224039506945	3.93843522329885	30.1152691658631	1.2459534952295e-05	0.000127784820298155	246738	Dnajc28
246782	737.4	756.6	-0.0325143683726695	4.3130599300329	0.377265490472124	0.544891802701132	0.664966744025849	246782	Atpaf2
252838	625.6	741.6	-0.246227347518218	5.12425233992601	16.443943519513	0.000567472711562251	0.00288000371240196	252838	Tox
252864	737	697.2	0.0839891899465107	4.02800160492095	2.01293006707675	0.168914531919225	0.276030598570997	252864	Dusp15
252870	8228.2	8470.8	-0.0420710628318824	7.69786612260715	2.14933431939021	0.155707262071509	0.260214217364041	252870	Usp7
252875	484.6	551	-0.193324756690526	4.20459345352123	9.59462816196281	0.00494379832598294	0.0166707524754047	252875	Mios
252876	373.8	314	0.260521510231755	3.0878781761564	13.811173577202	0.0010853856590023	0.0048766441763193	252876	Gin1
252903	465.2	368.4	0.350291044736094	1.64807888763452	12.0384879734369	0.00200099705917136	0.00797859627400355	252903	Ap1s3
252966	1524	1842.8	-0.27633367568691	5.20964597447815	47.6022645409124	4.06215567377292e-07	7.90234160278786e-06	252966	Cables2
252972	1009.4	966	0.0636616926779971	5.83836542799451	2.11911928370337	0.158522350576842	0.263547510379305	252972	Tpcn1
257633	490.8	565.8	-0.204603040954725	4.12256248789715	14.4719043148414	0.000871404094101261	0.00408829089145003	257633	Acsf3
257635	42.6	39.2	0.10880244200633	0.868493473600856	0.602701692489208	0.445188638319822	0.57633287758842	257635	Sdsl
258064	47.8	48	0.0365162503338748	0.396484589286203	0.0440250743048667	0.835590956731409	0.891154029927927	258064	Olfr316
258407	71.4	138.2	-1.16331436677028	0.169565523692684	24.9241930679529	4.3220270855917e-05	0.000348997650810852	258407	Olfr464
259277	7.4	6.2	0.219440869562667	0.447394930226696	1.56798310604621	0.222654067905316	0.341385583696132	259277	Klk8
259279	1701.4	1781.2	-0.0672680321258338	5.62240042499699	3.65465941282241	0.0680134231738749	0.135589945708722	259279	Tubgcp3
259300	102.4	93	0.151393560876028	2.61475065275367	2.27540943947417	0.144588598451205	0.245666345599356	259300	Ehd2
259302	25028.8	23238.6	0.107016455603604	9.05246370157537	12.5481571243479	0.00167237084744475	0.00690641377970468	259302	Srgap3
260297	366.4	260.2	0.492184667134016	5.90634809200746	59.5950215143139	6.32493857624239e-07	1.12448538968029e-05	260297	Prrt1
260299	6129.8	6514.8	-0.0880368485278054	7.84074567170719	9.00787362948149	0.00621753513376787	0.0199840455466935	260299	Cadm4
260302	3605.8	3311.4	0.12137039418803	6.60191534993799	12.0788734737264	0.00197253877852078	0.00788688119079927	260302	Gga3
260305	358.6	328.6	0.126831577946862	4.81156628599991	5.63276644434452	0.0260444119160222	0.063567364038194	260305	Nphp4
260315	740.6	862.2	-0.216906354788266	6.11662915506131	10.2220096260334	0.00569144384677451	0.0185907636974641	260315	Nav3
260409	369.6	397	-0.109633850381218	3.72917055045735	2.55478897891826	0.123140265102032	0.216187221156902	260409	Cdc42ep3
263406	106.6	112.6	-0.0784930360687623	3.63596333831417	0.909530644747269	0.35031550265025	0.483339086989949	263406	Plekhg3
26356	1562.6	1382.2	0.178217856584003	4.93554025555406	14.4737932581405	0.000870862615424313	0.00408816117029653	26356	Ing1
26357	763.8	644.4	0.241849830933312	4.35366147783439	18.8813383177013	0.000222617345470713	0.00134295121512257	26357	Abcg2
26358	118.4	119.8	-0.0522194827566543	0.868153472044902	0.11900382822257	0.733144462948636	0.819050090234935	26358	Aldh1a7
26360	45.4	82.6	-0.900040434914191	1.56701037395846	39.8575853430711	1.63923630334495e-06	2.41770627842325e-05	26360	Angptl2
26362	1002.6	1100	-0.130945969474791	5.50268475607394	6.13516377099373	0.021328626909919	0.0539901879782782	26362	Axl
26363	278.6	308	-0.146682338583135	3.11000707123265	4.57565587396421	0.0428865344686376	0.0946384685816317	26363	Btd
26364	483.4	553	-0.191015495202201	3.75370285765052	6.68149089817813	0.0163032547048086	0.0436302987415855	26364	Adgre5
26365	53	50.6	0.0577598793579227	1.6070391020595	0.189552190752097	0.667208569681504	0.766740215608643	26365	Ceacam1
26370	2050.4	2013.2	0.0298528719720446	4.95478480194522	0.483220583772746	0.493692051107158	0.619106793918346	26370	Cetn2
26371	1352.4	1251.2	0.112751427059342	5.47634132647149	9.60941959454752	0.00491563072848572	0.0166016912047128	26371	Ciao1
26372	2894.2	2847.2	0.022864412004837	6.03739497296053	0.322867040511222	0.575206798350538	0.690586429978055	26372	Clcn6
26373	4036.2	3915	0.0442509310577529	6.18358712538728	1.53970282118791	0.226742544517982	0.346221924621055	26373	Clcn7
26374	3838.6	3467.4	0.14889792547361	4.47356878860497	10.8513215291901	0.0030754206419248	0.0112451631566863	26374	Rfwd2
263764	9796.4	10712.2	-0.129196250359551	7.22198160431944	17.2889924173321	0.000357617630374826	0.00199961517579796	263764	Creg2
26377	53.8	67.6	-0.341651330581578	2.06203925014508	10.0140759969334	0.00420933223116695	0.0146535857584988	26377	Dapp1
26378	1985.8	1982.8	0.00546438896213096	4.83039986854423	0.0137489583426309	0.907640153830838	0.941579759095021	26378	Decr2
26379	876.8	776.4	0.17176755238894	5.22793872398627	11.693052365196	0.00226357757660554	0.00877622057195723	26379	Esrra
26380	157.2	169.4	-0.107692076439966	1.50086656126579	0.718646002564997	0.405024947169021	0.538023213526425	26380	Esrrb
263803	80.2	66.2	0.279471578062192	0.809174775070507	4.47222469419381	0.0451053551209923	0.0986312863719853	263803	Pkn3
26381	1204.4	1349.8	-0.157786994884057	4.66931971320837	7.08264053603261	0.013760005120643	0.0381707984489449	26381	Esrrg
26382	63.8	72.2	-0.191598380042132	2.35165250054933	3.95934518839545	0.0582082050680981	0.120260348206731	26382	Fgd2
26383	9964.8	10329.2	-0.0530153880123856	7.30977210086403	2.95732174844958	0.0984566870551301	0.181424395040139	26383	Fto
26384	489.6	481.8	0.0236285796167714	4.36400727773823	0.201520869253497	0.6575528883838	0.759126952771521	26384	Gnpda1
26385	2094.4	2167.6	-0.0509187271090856	6.34230623597488	2.4916943923402	0.127635448663324	0.222780192607135	26385	Grk6
26386	458	553.4	-0.283054237332351	4.096138459315	22.0408828097421	9.17818079235781e-05	0.000644926714500436	26386	Hsf4
263876	1521.2	1466	0.0520519535098655	6.18110853880794	1.91254468814085	0.179506422358434	0.28945060657005	263876	Spata2
26390	3439	3046.2	0.175056365805692	6.69580687468625	32.6688652509411	7.07129063119839e-06	8.01006542189197e-05	26390	Mapkbp1
26394	1045	972.2	0.101037540554781	5.94835685334993	6.58341990154644	0.017016403502129	0.0451045472620158	26394	Lypla2
26395	15647.6	15376.8	0.0255264672651486	8.06986748213052	0.734436244500902	0.399987716823855	0.533257452486676	26395	Map2k1
26396	3045.4	3158	-0.053082116771755	5.98821923909851	1.70248312383339	0.204427104598645	0.320094179381303	26396	Map2k2
26397	910.2	699.8	0.376488534278285	3.98577949622167	34.601373909451	4.6873222169139e-06	5.71252574395223e-05	26397	Map2k3
26398	21856	21782.8	0.00431059247320513	8.00957488340613	0.0220386895204132	0.883233623746152	0.925560704533233	26398	Map2k4
26399	373.6	294.4	0.359418799001792	3.51731609927997	20.1056230073363	0.000158731020332328	0.00101562557232558	26399	Map2k6
26400	2091	2122.2	-0.0227394145549395	6.62848135416567	0.49052712345167	0.490476084682764	0.6164108623602	26400	Map2k7
26401	223.4	241.2	-0.101022416386092	3.16379432660121	2.14511606887948	0.156096642338128	0.260726520805992	26401	Map3k1
26403	394	404	-0.0405029663869798	4.46843519288413	0.548312255650219	0.466243849887405	0.595325848610649	26403	Map3k11
26404	4112	3988	0.043489694657493	6.99650663048173	2.1098228764499	0.159400762074373	0.264825128163561	26404	Map3k12
26405	1022.2	1013.6	0.0133375171147716	4.74423731405637	0.0468992994429039	0.830512343691943	0.887879129017159	26405	Map3k2
26406	1103.4	1049	0.0721127163580197	5.09760144068202	1.95108403491084	0.175347155722526	0.284005803318398	26406	Map3k3
264064	887.8	876.6	0.0189952843488751	4.46373415349952	0.195416306431583	0.662433314075261	0.763144718066403	264064	Cdk8
26407	1633.2	1545.2	0.0806072127833999	5.75753578085036	3.52808458164554	0.0726299113053668	0.142887265279403	26407	Map3k4
26408	4827.4	5063.4	-0.0674186416296689	5.99265176093419	2.63928163649613	0.117408774704588	0.207765233787967	26408	Map3k5
26409	4002.8	4114.2	-0.0376747073633693	6.28165155031794	1.32216438528905	0.261616204315294	0.386646322197418	26409	Map3k7
26410	53.8	40.6	0.416145132085304	1.21055798903715	9.34732960225175	0.0054419228313874	0.0179419599919876	26410	Map3k8
26411	43	58.2	-0.430700645285472	1.28257833268895	12.3259994250603	0.00180774176812699	0.00734789075267364	26411	Map4k1
26412	1309.8	1345.6	-0.0390996163945605	6.52745590090104	1.41179721185973	0.246468694781463	0.369457217789977	26412	Map4k2
26413	32519	32169.8	0.0150637193040703	9.41963446640275	0.348301039530491	0.560633183297103	0.678335177580473	26413	Mapk1
264134	1151.2	1047	0.138617552222612	3.77427934373022	5.88158853735016	0.0232536646516933	0.0580297770848713	264134	Ttc26
26414	21467.8	21841.2	-0.0267097969868879	9.13460462920484	0.669462435462525	0.421347784117337	0.554406997872735	26414	Mapk10
26416	6443	6289.4	0.034471611214909	6.84520728937698	1.49831618455199	0.232898287771261	0.353864380473647	26416	Mapk14
26417	2284.6	2486.8	-0.123755722426046	7.08675723653748	9.44528500696276	0.00526010323679784	0.0174441745128314	26417	Mapk3
26419	8702	9081.6	-0.0609961364558042	7.16427722458376	3.95618907978304	0.0583011743873566	0.120400796484477	26419	Mapk8
26420	11917.2	13274.6	-0.155792454693547	8.18821320418623	35.0611542098296	4.25935934551614e-06	5.29313168855299e-05	26420	Mapk9
26422	4282.8	4410.8	-0.0432058936626813	8.18444337854968	1.97149778451694	0.173191558630754	0.281112946484999	26422	Nbea
26425	620.2	602.2	0.0502523931478565	3.70471023218961	0.466428940175763	0.501222595756395	0.626105902606769	26425	Nubp1
26426	499.4	517	-0.0473058001161811	4.18552085251119	0.809136104229326	0.377378288100596	0.511067720060527	26426	Nubp2
26427	47.2	39	0.248231638518335	1.3674475770681	4.02653234289188	0.0562683770229382	0.117426314449647	26427	Creb3l1
26428	1978.6	1853.2	0.0929492822315964	5.50508276952552	4.14022603458405	0.0531501492228587	0.112298239565444	26428	Orc4
26429	810.2	845.6	-0.0647221741410763	4.43509410719217	2.24189573703971	0.147448902700916	0.249207955991468	26429	Orc5
26430	1899.4	1755.2	0.116117703155336	5.34338131322757	7.08022254314901	0.0137255821130763	0.0381151899831709	26430	Parg
26431	831	809.6	0.0366336323368648	5.33210986602754	0.98994791697615	0.32975393922869	0.461176917040299	26431	Git2
26432	300.8	344.4	-0.195429133912462	2.90736472141432	5.05220967427554	0.0341266308238902	0.0791124814640753	26432	Plod2
26433	772.2	680.6	0.180225320536546	4.97664077155075	18.5551612353821	0.000244925880328577	0.0014532671076639	26433	Plod3
26436	626	681.4	-0.131497467711223	1.95479545267204	2.0519334467683	0.165004578678938	0.271730941529663	26436	Psg16
26440	3557.6	3489	0.0271506282742768	6.07003246226857	0.590162419156261	0.449904563626244	0.580617907379797	26440	Psma1
26441	2802	3026.6	-0.111729846570005	5.97729387061809	8.10539789013638	0.00893792671412434	0.0269761521666221	26441	Psma4
26442	1929.4	2026	-0.0783812443494701	3.87184919951789	1.70083523309901	0.204638918456386	0.320217703515059	26442	Psma5
26443	8296.8	8680.2	-0.0658204597308409	6.03097445107124	3.97211832725779	0.0578336594746364	0.119794742626311	26443	Psma6
26444	2252.8	2316.8	-0.0415656210946856	6.06953657859138	1.57659066741388	0.221428132207679	0.339902530047769	26444	Psma7
26445	883	924.8	-0.0731969288598022	5.67264661343698	1.84838133663452	0.188351616986423	0.300356826116699	26445	Psmb2
26446	1085.8	1149	-0.0822096300617707	4.21862343637325	2.287120057673	0.143604758267549	0.244280200138657	26446	Psmb3
26447	389.6	441.2	-0.178249162259869	3.89267543075917	7.99480480417026	0.00935294276837429	0.02797753203106	26447	Poli
26448	153.6	131.8	0.230866859680506	3.37254266911177	11.9191643091154	0.00208773307978969	0.00824708771119985	26448	Mok
26450	2475	2363.8	0.0648146384310422	4.96213079764082	1.64292636807188	0.212258766636347	0.329430711152343	26450	Rbbp9
26451	2467.8	2348.6	0.0748944186289676	4.87298543804496	2.05033156756306	0.165162993068478	0.271929137921378	26451	Rpl27a
26456	698	768	-0.137786595958294	5.04265900529582	10.2070295985219	0.00391235600695703	0.0138228290698013	26456	Sema4g
26457	1694	1559.6	0.120001390559729	6.21590283346478	10.4490320147438	0.00357186899492326	0.0128172280170359	26457	Slc27a1
26458	85.8	92.4	-0.124467454926921	2.13309752537227	1.69610870405427	0.205247962617315	0.32100191359232	26458	Slc27a2
26462	1248.2	1386.8	-0.151973614777905	3.71107381946129	6.17092763481894	0.0204183160176968	0.0521424628480194	26462	Txnrd2
26465	625	602.8	0.050692992026441	4.51436190569302	0.83101085007436	0.371112743694017	0.504948093509679	26465	Zfp146
26466	2671.8	2449.6	0.125741750913232	5.65488424049786	12.8948242315385	0.00148272250726188	0.0062554790192537	26466	Zfp260
264895	61.8	62.2	-0.0168948281492749	2.6718224228613	0.0387791967677321	0.845557071770524	0.898587009438361	264895	Acsf2
26554	8570.4	8581.8	-0.00339666897592089	7.13240231611308	0.0114428464617547	0.915707505270469	0.946890562396577	26554	Cul3
26556	9594	7357.2	0.381840053446298	7.35408911748037	29.30520111363	9.97954202341111e-05	0.000689070145336054	26556	Homer1
26557	1798.4	1630	0.146207002259928	6.15966227098617	11.7469696551535	0.00222022456198494	0.00864291026634266	26557	Homer2
26558	26.6	31.6	-0.238585407129674	1.80836190407586	4.39126858604218	0.046932302007907	0.101672585914612	26558	Homer3
26559	2644.8	4212.4	-0.685269781816424	4.64962233831766	37.9972491385572	2.89230728734183e-05	0.000251839816453246	26559	Hunk
26561	77.4	34.6	1.14132225133421	0.734091425683946	44.7394937494373	6.67520571669271e-07	1.1780637781328e-05	26561	Mmp23
26562	19050.8	18951.8	0.00703346090313493	10.2383184098917	0.0569120686558413	0.813484938971918	0.876882042501313	26562	Ncdn
26564	8.8	11.4	-0.381259784307875	0.232220560013608	5.14220837189766	0.0327080391965209	0.0764245067162161	26564	Ror2
26568	163	118.8	0.460131399231824	2.22570707590899	24.134796154296	5.28613308062685e-05	0.000409024451538439	26568	Slc27a3
26569	4956.2	4816.4	0.0418609647976701	6.75964588828503	2.15003903379726	0.15564232467569	0.26018553589563	26569	Slc27a4
26570	1615	1961	-0.26413841726468	5.62583398949626	4.21231368429508	0.063522063561026	0.128759384837194	26570	Slc7a11
26572	1725.8	1908	-0.147558208287709	5.74833005386587	14.373181979158	0.000900220779978433	0.00420141787336399	26572	Cops3
26611	6697.8	6834.8	-0.0297951301643296	6.58642565370025	0.858618704992778	0.363417999049785	0.496698381112445	26611	Rcn2
266632	0	0	-0.111628112756698	0.316415044605556	0.361401722434775	0.553406294149084	0.67205025632102	266632	Irak4
266690	2266.4	1926.8	0.234877378343282	5.49871463033023	33.7239393813923	5.63935721552462e-06	6.65941741774452e-05	266690	Cyb5r4
266692	1809.4	1645.6	0.136168353705909	5.48936624235585	12.009067913537	0.00202201062373794	0.00804195247362441	266692	Cpne1
266781	3618.6	3684.8	-0.0270205971694009	5.98353458959302	0.596269171785087	0.447597912098407	0.578312346605022	266781	Snx17
267019	9865.4	9259.6	0.0921959852688104	6.40669632783584	7.90932234523379	0.00968826354070153	0.0288195433663922	267019	Rps15a
26754	5515	6116.8	-0.149144624880698	5.83869560701602	14.7913335057145	0.00078484326508557	0.00376131450714417	26754	Cops5
26757	1460.6	1393.2	0.0677422262315816	5.88496683620539	3.52486225291665	0.072752021569403	0.143033506928608	26757	Dpysl4
268281	671.2	622.4	0.111909077231895	5.15003908335947	6.57598294715311	0.0170718748995953	0.0452018464551659	268281	Shprh
268288	81.4	352.4	-2.21632890616386	0.165571766293104	46.9421320775983	1.55581119375173e-06	2.31593151333548e-05	268288	Samd3
268291	855.8	804.4	0.0979833511930119	3.24512392842336	1.37384631395564	0.252740320065655	0.3764538938818	268291	Rnf217
268294	568	522	0.116169972238574	3.80445210607922	4.31194661095319	0.048803593712895	0.104908855372722	268294	Zbtb24
268297	233.8	210.8	0.182898018000863	1.62462511040089	1.47949389204048	0.236862406076934	0.358530654250289	268297	Scml4
268301	190.8	198.6	-0.0598245738548653	2.86572503920945	0.52440039801193	0.47602228468196	0.604235189496184	268301	Sowahc
268319	204.6	224.4	-0.123550267278693	1.6741440179842	1.01863157570205	0.322985194866912	0.454127237996727	NA	NA
268345	10037.4	9995.6	0.0080701896200396	7.12117465560868	0.072736536036208	0.789715550467488	0.859864569353288	268345	Kcnc2
268354	2355.2	2463.2	-0.0596717737781599	5.02784510630732	1.25331330552201	0.274080877305132	0.400481702443224	268354	Fam19a2
268373	422.8	476.8	-0.184892034455538	2.44897839738429	4.67362631718618	0.0408974062470637	0.0911957898634772	268373	Ppia
268390	1278.6	1134.2	0.178859604932512	4.42902927406497	13.1609121385053	0.00135307978270951	0.00581719666248757	268390	Ahsa2
268395	779.2	948.2	-0.279947391982904	3.64511480772742	20.3812015539439	0.000144937388710381	0.000939428258484234	268395	Mpg
268396	595	623.2	-0.0643444574572775	4.5720046105491	1.16974373783467	0.290297190360317	0.418298832565848	268396	Sh3pxd2b
268417	103.4	133	-0.361543736177288	3.45935873060164	25.4840411609304	3.75468843047615e-05	0.000310648349021764	268417	Zkscan17
268420	3261.8	2823	0.211459190512358	5.72366301748575	34.0907937198738	5.21795406907552e-06	6.239669933167e-05	268420	Alkbh5
268445	1281.8	1190.6	0.104901116779667	6.8513094227402	9.91416300474472	0.00437274180815535	0.0151168644092508	268445	Ankrd13b
268448	1251.4	1334.6	-0.0943624035448671	5.99203827178194	7.58569978126523	0.0110830246718526	0.0319812414867155	268448	Phf12
268449	334.2	401	-0.263472601466498	2.95431019950651	10.800642829566	0.00313358619060793	0.0114289313144201	268449	Rpl23a
268451	4666.2	4460.4	0.0653518868654103	7.56838664646047	2.93884443459469	0.0994551711941368	0.182751721896778	268451	Rab11fip4
268469	96.2	92.2	0.0716793247753295	3.94963880370614	1.14121861079419	0.296100459145163	0.424295570010277	268469	Zfp652
268470	5990.6	6086.4	-0.0249596791959999	6.66899083570104	0.659425602437112	0.424802771830924	0.557582570290971	268470	Ube2z
268480	6911	6980.4	-0.0140655226850011	7.67909144818184	0.274039338281165	0.605470649598486	0.716159801088095	268480	Rapgefl1
268481	1961	2160.2	-0.142702759311347	5.66372767898455	15.2136004423865	0.000684486797591458	0.00337319201240605	268481	Krt222
268482	563.2	786	-0.479771568395973	5.17818044799459	79.31593925877	5.54816859969664e-09	2.6379351625005e-07	268482	Krt12
268490	1930.8	1853.6	0.0626504610408238	3.75406225276969	1.44737861256015	0.240768810966121	0.36323743471444	268490	Lsm12
268510	1981.6	1918.4	0.0462659892687412	6.90651050491618	1.63728075300882	0.213020412736091	0.330081158414179	268510	Mgat5b
268512	308.6	329.8	-0.105855775905742	2.14128409149349	1.22632044035714	0.279179721852828	0.406166451903449	268512	Slc26a11
268515	851.8	874.6	-0.0316128264002704	5.08305314765866	0.496754395330834	0.487763403050332	0.614604849419362	268515	Bahcc1
268527	141.6	126.8	0.178587488189771	1.54085561712057	1.59825792761539	0.218593447071941	0.33651610224495	268527	Greb1
268534	172.6	170.6	0.0019909932764599	1.97690885832386	0.000366200311426931	0.984891692157153	0.990486921548475	268534	Sntg2
268564	515.6	515.4	-0.00222506307616494	3.69035359903856	0.0010922179253327	0.973911063816376	0.984055261545047	268564	Zbtb1
268566	2943.2	2815.4	0.0615376202450461	6.40983280682885	3.03724148629949	0.0942695525376725	0.175205363556579	268566	Gphn
268567	1321.8	1332.2	-0.0160228017229258	5.13787336298189	0.111392606072578	0.741484111660206	0.824907929363066	268567	Tmem229b
268595	6392.6	4931.2	0.376483302401661	7.02116203397734	71.6500365983373	2.51977844104895e-08	8.65692401514406e-07	268595	D430019H16Rik
268656	913.4	849.2	0.10730603990677	4.64843994952332	7.28524996664085	0.0125780639469776	0.0354323399512013	268656	Sptlc1
268670	537.8	495.6	0.108525135208981	2.86401591791262	1.51986952324557	0.229666473140148	0.349947206701211	268670	Zfp759
268706	789.4	749.2	0.0780751825933761	4.57217646163416	2.31993739807719	0.140889858058478	0.240968170438675	268706	Slc38a9
268709	6250.8	3568	0.809167943831846	8.34742965301695	120.708336686502	6.87291819855433e-08	1.90308734946177e-06	268709	Fam107a
268721	3925.6	3599.8	0.124306249708952	7.69059817032875	17.1587945469273	0.000372080918897476	0.00206451347475782	268721	Zswim8
268723	15241.2	16173.2	-0.086670127038588	7.73448653734151	7.2235483862071	0.012911855646585	0.0361822337176695	NA	NA
268739	501	566	-0.171955871874623	4.4776105478564	11.6003388951754	0.00234030387880169	0.00902046727045325	268739	Arhgef40
26874	1615	1650.2	-0.0307483165720719	5.65845196263746	0.518646825161068	0.478426255761143	0.60638136625496	26874	Abcd2
268741	3753.6	3319	0.176646759442778	6.12605993210852	24.6765506783032	4.60212667774796e-05	0.000365289066447936	268741	Tox4
268747	1075.6	939.8	0.197404169374597	6.05571450352699	18.3856892556355	0.000273475546728694	0.00159259288977298	268747	Carmil3
268749	349.2	337	0.052616731321508	4.837193612499	1.63946491108122	0.212725345307478	0.329836101810158	268749	Rnf31
26875	4972	5027.8	-0.0168307903242851	8.44398300952481	0.287854184984443	0.596573873804135	0.708419222146317	26875	Pclo
268752	15.8	14.8	0.0697433681199326	2.58264109426429	0.517009131626107	0.47911424969764	0.606827669569724	268752	Wdfy2
268755	12826.8	10493.4	0.288691879085859	8.35163322397125	54.1291209398531	1.90979217005304e-07	4.32666708870636e-06	NA	NA
268759	138.8	198.4	-0.486847234008754	0.939377529110918	9.58629142513659	0.00495975204793599	0.0167027623720566	268759	9930012K11Rik
26877	2390.6	2467.6	-0.0470662681409487	5.59687348884906	1.5896465787698	0.219584786316603	0.337754443058442	26877	B3galt1
26878	4852.8	4882.8	-0.0124367740268026	5.79001605253157	0.0546712495571471	0.817401393144135	0.87907140896617	26878	B3galt2
268780	73	87.2	-0.260894947833234	1.9966946380156	4.82044492219971	0.0381074014176098	0.0862249725457746	268780	Egflam
268783	3642	2947.6	0.304029170692479	6.35330942990403	53.1780872707925	1.63297499171835e-07	3.82544903246305e-06	268783	Mtmr12
26879	3006.4	3110	-0.0510736640758784	5.69730109628089	1.74937479675857	0.19851210078816	0.312968357852537	26879	B3galnt1
268807	125.6	104	0.231122998310724	0.906158660136442	1.7126293228008	0.203453472344944	0.318880556199721	268807	Klhl38
268816	305.8	356	-0.205399046334543	1.56465809800247	2.83317875992132	0.105396237629477	0.191694629255878	268816	Mroh5
268822	572.6	551.2	0.055754464712041	3.83656969709863	0.628090980242123	0.435877765461833	0.56763467177091	268822	Adck5
26885	673.8	609.2	0.148771281721237	3.8708963105057	6.01321884383424	0.0219129303318534	0.0552274620778743	26885	Casp8ap2
268857	178.2	147.2	0.290019119440917	0.56435940361744	3.10693299847315	0.0907856769995795	0.170218728155652	268857	Nlrc3
268859	14103	13931.4	0.0180212944095757	8.61472640610665	0.322563550687244	0.57538526637961	0.690691690079801	268859	Rbfox1
268860	9131	9075.4	0.00924442877709852	7.96677614330119	0.097798234574657	0.757209085629238	0.836750773982034	268860	Abat
268878	469.2	595.2	-0.342187693361358	3.86707466715415	33.3811154145424	6.06670145451763e-06	7.07192693567676e-05	268878	Atp13a5
268880	1887.6	1909.6	-0.00988373259364161	4.45568769571541	0.0362620645904519	0.850588658586405	0.901613997595182	268880	Xxylt1
268882	8706.8	8803.6	-0.0160003521558191	6.37701196389505	0.277485522996395	0.603224743972703	0.71426316452703	268882	Fbxo45
26889	1410	1284	0.134387152301327	3.45240721955081	4.06096807048124	0.0553025921958718	0.1158469083477	26889	Cln8
268890	439	441.4	-0.00034772823946116	5.36676922142659	3.85266759321227e-05	0.995104572642454	0.996345351411335	268890	Lsamp
268902	2424.2	2521.6	-0.0595478627171587	7.2111997368785	2.9550612675871	0.0985782136969801	0.181509490544733	268902	Robo2
268903	233.2	239.2	-0.0335921152446417	4.42017457124571	0.141839836987089	0.711141944741313	0.801782033486033	268903	Nrip1
26891	2565.4	2642	-0.0445859555938358	5.92497620371268	1.48432128579072	0.235027668716698	0.356574989359836	26891	Cops4
26893	4416	4413.4	0.00101001609080764	6.2053481485946	0.000639234476648424	0.980039750063116	0.987280077182344	26893	Cops6
268930	44.8	52.6	-0.249871289735211	2.26949032136687	5.88192575497448	0.0232501155457851	0.0580297770848713	268930	Pkmyt1
268932	4508.8	4382.4	0.0408059096360186	7.60724690384175	1.61268142583377	0.216379239512833	0.333889775586473	268932	Caskin1
268933	1547.4	1443.4	0.099856291339447	5.00558354678122	4.2455657048042	0.0504343962805594	0.107693716034747	268933	Wdr24
268934	131	128.2	0.0269266823912351	4.0182843649609	0.208451001215253	0.652119516674883	0.754058839521501	268934	Grm4
268935	57	53.4	0.0986304721302821	2.43082120932223	1.26285676234143	0.272307457924861	0.39865613256821	268935	Scube3
268936	1227.8	1373.4	-0.160492991258585	5.81146858301281	15.3742522507018	0.000650053520428061	0.00321997038528691	268936	Brpf3
26894	2279	2350.6	-0.0463761142044196	7.11538729891897	1.99042818084995	0.171221289061145	0.278671079575787	26894	Cops7a
26895	573.4	529.4	0.114294758564673	4.55253802682853	6.58037487430879	0.0170390918656331	0.0451441024374399	26895	Cops7b
268958	1	0.4	0.72050264198831	0.180547788490733	0.80886836264697	0.387295726464682	0.520790067012794	268958	Capn11
26896	2758.2	2652.4	0.0530755873614462	6.61568345690652	1.66850015497042	0.208850873542673	0.325119065825072	26896	Med14
26897	560.4	477.2	0.236749605170749	2.44404295766218	7.67497069772542	0.0106774029643041	0.0310463050585499	26897	Acot1
268977	359.8	424.4	-0.234815549569252	3.27201775222847	10.1120113952304	0.00405562674412714	0.0142247097693797	268977	Ltbp1
268980	242.6	224.4	0.110594420478703	5.36551600995254	6.68439806171592	0.016282625200736	0.0435831601206367	268980	Strn
268996	550.8	494.2	0.156237907948787	4.77647974273699	12.1718358755705	0.00190869670357222	0.00767621094975871	268996	Ss18
26900	278.8	268.8	0.0514977607583671	5.57772954457285	0.44640844819854	0.514167883864966	0.638030785833123	26900	Ddx3y
269003	715.2	741.2	-0.0519132727126046	5.72101150716439	1.68735273240278	0.206382187415092	0.322170698732368	269003	Sap130
26901	2049.8	2130.4	-0.0570309148782424	4.35534487378205	1.25113216093104	0.274488316367618	0.400995969757182	26901	Ss18l2
269016	0	0	-0.0352877856814726	0.689101717837609	0.019201778393542	0.891280306502032	0.931023021621766	269016	Sh3rf2
269019	3	3.6	-0.24490685521139	1.53938516412191	4.33794613725181	0.0481811279666016	0.103833312006748	269019	Stk32a
269023	303.6	268.8	0.175882262264157	4.70881079060476	5.49341489264924	0.0305814056551493	0.0723442941635888	269023	Zfp608
26903	487.6	521.6	-0.098149834896704	3.34289759648389	2.31845647532811	0.141011048340878	0.241118383144333	26903	Dysf
269033	445	431.4	0.050876960268104	3.181091085077	0.622340547605169	0.437959394453264	0.569378398897725	269033	4930503L19Rik
269037	4698	4310.2	0.12457319815397	6.2256851265992	13.4498610028542	0.00122615212390608	0.0053860245052904	269037	Ctif
26905	552.8	572.4	-0.0495522737666611	3.37659923305904	0.506440275367114	0.48359462544621	0.611110046878783	26905	Eif2s3x
269060	2852.8	2568	0.149767026537034	7.47027148241604	16.605971956139	0.000440988407769229	0.00236601575571508	269060	Dagla
269061	4877.8	4853.6	0.00654155033548651	6.71110956661089	0.0396268034797073	0.843901177911083	0.897553173327947	269061	Cpsf7
26908	1792.8	1748.4	0.0377561906159136	5.28865018203925	0.0446405634822224	0.836451206330723	0.891795067957828	26908	Eif2s3y
269109	13160.8	14063	-0.0957759465319162	7.67942398027733	12.1409120282669	0.00192967965480911	0.00774121280338907	269109	Dpp10
269113	382	362.6	0.0720312849640505	3.48856908710813	0.974956996645398	0.333369724288146	0.464884321742486	269113	Nup54
269116	12964.6	10765.4	0.267642776793437	8.72682241454202	33.4847078406259	1.53797296205323e-05	0.000150813169562533	269116	Nfasc
26912	220.8	229	-0.0501207599409353	2.72833685414322	0.319069673949074	0.577447942829224	0.692468736167022	26912	Gcat
26913	9438.2	8849.4	0.0930687594339332	7.23969419309676	8.76239786368945	0.00685387698086791	0.0215924014562914	26913	Gprin1
269132	384.2	386.2	0.00138141305598378	3.492957333547	0.000408084667692291	0.984051183879668	0.990200768723377	269132	Colgalt2
26914	1938.4	1840.8	0.0744722437956345	5.90315584529601	3.51295192383761	0.073205404242878	0.143647965371512	26914	H2afy
269152	138.4	99.8	0.475726870226605	3.41886289633986	32.781875632837	7.78982450896977e-06	8.65442916622975e-05	269152	Kif26b
269180	14358.2	12837	0.162271921945694	7.69803901260345	32.8053056864259	6.8656782015482e-06	7.82622340103925e-05	269180	Inpp4a
269181	1205.4	1175.2	0.0398486059385232	5.24868525613819	0.985648317000085	0.330785409536254	0.462306353648909	269181	Mgat4a
26919	2116.8	2072	0.0316295320072169	5.03864820646489	0.645076094933583	0.429819249064923	0.562125174265689	26919	Zfp346
269198	79.6	81	-0.0154077034492258	2.34106385277794	0.0219485551348397	0.883470827972898	0.925599936350209	269198	Nbeal1
26920	76.8	84	-0.130995637105603	4.29496496399366	6.90379151017765	0.0148059747991825	0.0404165363073435	26920	Cntrl
269209	172.6	119	0.53292127136381	2.8489924691254	49.2333402076612	3.08881898478379e-07	6.31482172645897e-06	269209	Stk36
26921	1630.2	1594.2	0.0327909602992693	7.0438220372006	1.09457715170944	0.305958580390331	0.435611241229497	26921	Map4k4
26922	498	532.8	-0.100831443135398	3.88234064768074	3.41183148027379	0.0771876244403114	0.149814680228315	26922	Mecr
269224	35.2	32.2	0.106912269749239	2.36314547038092	1.20469687507273	0.283354901076687	0.410423062447383	269224	Pask
269233	6193.4	5158.6	0.263307283052325	6.7476431490465	54.5951050320156	1.30940668118776e-07	3.19698719085944e-06	269233	Fam171a1
269252	1828.2	1787.4	0.0356199089935178	5.5339259203115	0.792511781600576	0.382243735494288	0.515531487621017	269252	Gtf3c4
269254	2481.2	2467.2	0.00687143147822396	6.20273387248805	0.0446963797331875	0.834361395041173	0.890420821317566	269254	Setx
26926	756.4	742.6	0.0253122847475113	4.6685353117923	0.257534134951735	0.616485211470712	0.72593078496604	26926	Aifm1
269261	132.8	133.4	0.00135288329507212	2.28647291421769	0.000214224760951518	0.988444126856764	0.992495408793864	269261	Rpl12
269275	1347	1348.8	-0.00517981342437666	4.70450519816557	0.00551880478099665	0.941518731730019	0.963585056179686	269275	Acvr1c
269295	251.8	212	0.243024769334995	5.25314850034532	5.27976962239743	0.0395610252908499	0.0888739601420492	269295	Rtn4rl2
26931	11273.6	11060.4	0.0277040876976259	7.81178017876982	1.22835587446496	0.278790904319778	0.405695820534338	26931	Ppp2r5c
26932	8537.4	7906	0.111185798432811	6.6654798194341	13.0732541739127	0.00139436776722638	0.00594694355488053	26932	Ppp2r5e
269336	1958	1902.4	0.0437110299359393	5.47954729586501	1.01836938624817	0.323046194998469	0.454168826233622	269336	Ccdc32
269338	3288.4	3161	0.0568048854626025	6.62989526744364	3.90202684066721	0.0599231565063346	0.123029730702068	269338	Vps39
26934	854.8	841.8	0.0167905576662617	4.25843306781247	0.0788666517428439	0.781263667261556	0.853810456292463	26934	Racgap1
269344	116.2	97	0.266329746683379	2.13394226421922	10.91145052279	0.00300793569196766	0.0110627741709162	269344	Ell3
269356	37.2	17	1.08485907875185	1.53370032929242	43.217624286441	2.26263589256526e-06	3.13859301258525e-05	269356	Slc4a11
26936	10246.2	9101.6	0.172543404116676	8.15215692191328	26.9053313705381	2.64648283785321e-05	0.000234245333363933	26936	Mprip
269378	201.2	216.2	-0.104870978856237	2.10327182229564	0.928215821085215	0.345004953687785	0.477928081330578	269378	Ahcy
26938	699.4	672.2	0.0562503574012917	5.10066607142966	0.651131086176006	0.430262454447818	0.562450349696008	26938	St6galnac5
269389	271.2	262	0.0401486140832272	3.79836019728838	0.380566115904745	0.54315151608	0.663406239341765	269389	Tox2
26939	1268.6	1341.4	-0.0810106002869731	5.47628006347591	2.10975035172969	0.161056683752047	0.266962535200928	26939	Polr3e
269397	1652.4	1752	-0.0849362850157349	5.88623465929475	7.2566266623584	0.012731710750092	0.0357780457667472	269397	Ss18l1
26940	637.6	620.6	0.0398037371471632	4.91408034348757	1.1502015555033	0.294250989639749	0.422521736961349	26940	Ecsit
269400	1230.4	1416.6	-0.203756996278688	4.78917994137512	15.8817845233352	0.000553099459769734	0.00282391366708292	269400	Rtel1
269401	4086.4	4652.4	-0.187231415849639	6.84464071675206	23.2007545377597	6.73930792969222e-05	0.000497243271137169	269401	Zfp512b
26941	707.6	659.4	0.108502045043961	5.21615829180551	3.44825040064867	0.0772290452100733	0.149874948907948	26941	Slc9a3r1
26942	461.6	401	0.204252188421119	4.15547432693387	16.4879423179019	0.000457431857316047	0.00243783571610536	26942	Spag1
269423	216.2	214.2	0.0171715692910174	3.38494633953213	0.0547296869225236	0.817027298958105	0.878799864499215	269423	Abhd18
269424	720.6	792.4	-0.136423675916063	5.2409738127014	10.618770962274	0.00335244764830482	0.0121444306537839	269424	Jade1
26943	12325	10439.6	0.238700051359249	8.10075959938093	72.8209597104623	1.0483865504008e-08	4.40505209287593e-07	26943	Serinc3
269437	210.8	245.6	-0.226046914068178	4.15188856144091	10.7234594150208	0.00329283652801886	0.0119464505963817	269437	Plch1
26946	162.8	152.8	0.0928012256989312	1.96525976265118	0.623370405828068	0.437585438687619	0.569140639862399	26946	Trpc7
269470	565.2	515.8	0.125948446999052	4.55662359252631	5.60756573780775	0.026347230688737	0.0641331883420352	269470	Wdr3
269473	1828.8	1829.4	0.00415174394052744	5.2485201144196	0.00985822510578819	0.921739874157145	0.950500324024367	269473	Lrig2
26949	541.8	623.2	-0.201977988022321	4.92216744802857	13.2288115923005	0.00133088218583986	0.00574226003406847	26949	Vat1
26950	39216.6	40572.2	-0.0492623318499847	9.32232581698586	3.02370807076491	0.0949638715794657	0.176223879806085	26950	Vsnl1
26951	1866.6	1665.6	0.165215008699613	4.63834985617944	15.1761008594653	0.000692807152596144	0.00340259415005935	26951	Zw10
269514	538.2	751.4	-0.492328395593453	4.17812415648279	74.471715986112	8.54731357827308e-09	3.69776570190401e-07	269514	Fbxl4
269523	3595.6	3575.6	0.00897139555503579	6.25641213526924	0.0807378531816815	0.778754966152365	0.852413803920203	269523	Vcp
269529	1899.2	1485	0.356422061414718	5.37105233630819	93.342561981393	1.0314219948329e-09	7.24468631015494e-08	269529	Fbxo10
269536	1013.4	945.8	0.0998446324239486	4.31400030375483	4.58718890413058	0.0426468234888458	0.0942533924629629	269536	Tex10
269582	0	0	0.711019850050454	0.305351047707066	9.92878512579586	0.00447107022698892	0.0153585485674831	269582	Clspn
269585	149.8	113.2	0.403532710317279	2.98079634936251	25.4849209098533	3.75386327626073e-05	0.000310648349021764	269585	Zscan20
269587	515.2	473	0.122409715050276	5.39065673126199	8.32962957707358	0.00815723946948385	0.0250222282028692	269587	Epb41
269589	423.6	1004.6	-1.22379771738032	1.13056839391678	23.5976269344239	0.000181441193016697	0.00113334096969029	269589	Sytl1
269593	2889.2	2435.6	0.246065342548042	6.9110271604535	19.1338111041545	0.000402789404106448	0.00220027137073114	269593	Luzp1
269604	107.2	147.4	-0.445396594838542	1.55483138092361	12.6506219894121	0.0016136980995436	0.00671398742970729	269604	Gpr157
269608	2126.8	2137	-0.00804749674470959	6.81618785483038	0.0559971070587702	0.814961164251845	0.877491706502992	269608	Plekhg5
26961	8465	8739.4	-0.0443104416987231	7.45472172305559	1.75949434978427	0.197263502090267	0.3115435597916	26961	Rpl8
269610	15510.4	14744.2	0.0728104755527329	9.00689355337207	4.7144313582006	0.0400996543816505	0.0898884001911254	269610	Chd5
269614	1583.4	1463.2	0.112375543913411	5.54437001226804	8.93679979645798	0.00639483627098492	0.0204128800750079	269614	Pank4
269615	4794.6	4537.2	0.0808058434513834	7.02362315516267	5.45340639111939	0.0282872192667952	0.0679513822972009	269615	Plch2
269623	411	437.2	-0.0912346447509003	2.9417199906192	1.46829871342312	0.237496038212482	0.359376856817757	269623	Rbm48
269629	360.6	389.6	-0.109915474108171	4.04819474708644	2.96004514498989	0.098310504002197	0.181247452148948	269629	Lhfpl3
269630	166.2	180.2	-0.115629915642712	3.36328990443149	2.12318166529732	0.158140327151129	0.263154534727425	NA	NA
269639	3030.6	3052.4	-0.012158405062324	5.81570969115508	0.128130543995084	0.723530297450439	0.81138233527416	269639	Zfp512
269642	18946.2	20553.4	-0.117287645971556	8.66292150566639	11.8820230318248	0.00211556261630872	0.00833424422352854	269642	Nat8l
269643	29486.6	27001.2	0.127279372851926	9.80407147949858	21.2744422138788	0.000113086358416796	0.000763808516147835	269643	Ppp2r2c
26965	7897	8501	-0.107050224958593	7.14484683542318	13.2173832235325	0.00132718866248423	0.00572803371978114	26965	Cul1
26968	166	150.8	0.129707749351821	4.00122045932559	3.30902469635024	0.0816696380810811	0.156829141600099	26968	Islr
269682	693.6	657.4	0.0764996717447129	5.77923651353418	3.98783536518326	0.0573765320656699	0.119120998919447	269682	Golga3
269693	10.8	14.4	-0.396463582881014	0.0535078358176132	3.88356812706747	0.0604875816972328	0.123942090424129	269693	Ccdc60
269695	2631.6	2544.4	0.0489402548402466	6.73188840045168	1.90740282534396	0.18007039282843	0.290009990491253	269695	Rnft2
269700	19270.6	17519.8	0.138737223212955	8.92008678032109	16.8026403768292	0.000415000763502449	0.00225419805925005	269700	Hectd4
269701	114.6	100	0.192185967083713	3.74850099958746	7.39979511820444	0.011983345893379	0.0340958529882125	269701	Wdr66
269702	531.6	591.6	-0.154423934295749	5.04820494364125	9.79094445472362	0.004583907525853	0.015674426160085	269702	Mphosph9
269704	7342.4	7150.4	0.040363257064354	6.51048817084822	1.54598775230711	0.225825807048066	0.345077303633867	269704	Zfp664
269713	7250.2	6957	0.0601952735272908	7.52509356880577	3.89851666696126	0.060030027868319	0.123179162806457	269713	Clip2
269717	1523	1402.2	0.121523908383547	5.57811603352124	7.5683688660536	0.0111637230350429	0.0321503112422819	269717	Orai2
269774	19317.2	18784	0.0402924175065961	9.26070078257796	2.19450331163899	0.151609950436883	0.255047744834114	269774	Aak1
269784	1889.8	2004.2	-0.0820046713690153	6.13153155792264	4.10424651934336	0.054115294093632	0.113887952945451	269784	Cntn4
269788	5652.8	5687.8	-0.00947051393090645	7.09285404217579	0.0982271910645394	0.756695047465019	0.836438529830177	269788	Lhfpl4
269800	1017.8	940.4	0.113513979592007	5.3355909741873	7.70368524611253	0.0105504302787469	0.0307637521180163	269800	Zfp384
269823	0	0	0.0072088839891508	0.30906798532868	0.00166046963271116	0.967835682457937	0.980246440631142	269823	Pon3
269831	520.8	527	-0.00983372607104116	3.74668150691229	0.0136695358178329	0.908015947276518	0.941631690481762	269831	Tspan12
269854	1367.4	1210	0.177510580665249	5.75002447563712	22.8898040665837	7.31520909845245e-05	0.000531593928149983	269854	Nat14
269855	48.2	35.8	0.428532351682436	2.38333565408742	29.5568532719879	1.41553883080776e-05	0.000141593067546681	269855	Ssc5d
26987	2858	2608.2	0.131896217920068	5.78831030014372	13.5798369319759	0.00117334403893482	0.0051911584752874	26987	Eif4e2
269870	289.4	277.4	0.0642977495970698	3.25115291969258	0.787756681668092	0.383652335146748	0.517141737593127	269870	Zfp446
269878	4541	4413	0.0413440770013849	7.82489690261222	1.70110746730659	0.20460390768636	0.32019758355334	269878	Megf8
269881	3018.2	2907.4	0.0548703334316869	7.57920664657012	3.16997841113391	0.0877615360459443	0.165861041057542	269881	Map3k10
26992	1379	1377.8	0.00255964849300078	5.8216248843744	0.00350630311883391	0.953275523268014	0.970720101079361	26992	Brd7
269941	495	464	0.0954972988518487	3.5963847841515	2.0617926904924	0.164033599155933	0.270562780120946	269941	Chsy1
269951	990	978.6	0.0142521960472641	5.01343065073755	0.102950166958358	0.75111528223204	0.832243793743343	269951	Idh2
269952	621	587	0.074075981510997	2.88924370184881	0.940331477767181	0.341935100806195	0.474648429919459	269952	Gdpgp1
269954	73	74.6	0.0194539633681643	0.34355708454858	0.0112437762655994	0.916441053505137	0.94725266308306	269954	Ttll13
269955	66	100.4	-0.60195590220354	3.28616120278549	75.4430326143306	7.59183772895274e-09	3.33533199192349e-07	269955	Rccd1
269959	3.8	3.2	0.0718695945460624	1.20330124617632	0.319048594640557	0.586019031361036	0.699852852953187	269959	Adamtsl3
269966	468.6	445.2	0.0706107944559575	4.65868862254856	1.31503773134384	0.263270422674618	0.388455562406996	269966	Nup98
269994	1738.8	1504.6	0.207854744660888	6.78758498918962	31.2466627198841	9.66133220383538e-06	0.000102617754376015	269994	Gsg1l
269997	128.2	127.6	0.0104735849339544	2.18071775367273	0.0119016492738292	0.914041088149614	0.945827198797301	269997	Zfp747
269999	556.4	544	0.0324684373633655	3.96789615056636	0.191582667813667	0.665694598619951	0.765834903569944	269999	Orai3
270028	5228.6	5154	0.0201315224149504	6.68623405620699	0.430123999275585	0.518212246657128	0.641306899503717	270028	Fam155a
270035	625.4	634.4	-0.0150792740139971	4.11190862170979	0.0767367436060905	0.78415871878782	0.856022987540593	270035	Letm2
270049	910.8	1043	-0.192558396352439	4.44692523447989	14.7662495960119	0.000791289779036223	0.00378429393937372	270049	Galntl6
270058	907.8	936.8	-0.0468958286444886	5.58525902124388	1.69157210359919	0.205834651967223	0.321553716673287	270058	Map1s
270066	3106.2	2930.6	0.0848269411507879	5.94682694278898	6.38769783076799	0.018545171867722	0.0481761168540715	270066	Slc35e1
270076	2173.4	1985.4	0.129117060229468	5.04037715702182	9.23485695657357	0.00568646667192069	0.0185787046283774	270076	Gcdh
27008	478	571.4	-0.257776879209563	5.4626192422809	37.7164103433375	2.48670109536306e-06	3.41145868392447e-05	27008	Micall1
270084	243	311	-0.366603099922285	3.42258488122744	30.9229335726767	1.0384849044589e-05	0.000108691244091592	270084	Lpcat2
270086	11307.4	9897.2	0.192638366185752	7.27022242187806	40.6527587577665	1.40937789631183e-06	2.1420765629118e-05	270086	Ogfod1
270096	1548.2	1467.2	0.0756192156763671	5.44898065072793	4.74368069975	0.0395385623439271	0.0888373045420677	270096	Mon1b
270097	1555.6	1581.8	-0.0270023363522047	5.62084499521678	0.295820043953514	0.59173547169221	0.704177878135947	270097	Vat1l
270106	789.4	1011	-0.505178539005204	0.341424102747182	4.84832803135202	0.0380077718147276	0.086076195921205	270106	Rpl13
270109	4886.6	5102.8	-0.0628098253492789	7.49837126191912	5.44100225806476	0.0284501038267004	0.0682632471300013	270109	Pcnx2
270110	1787.8	1460.6	0.291390118004718	4.59357813236993	32.0240817612881	8.13768097903252e-06	8.94633350520839e-05	270110	Irf2bp2
270118	174.2	170.6	0.0172848305370833	3.2522815290174	0.0496853991569003	0.825511661120169	0.884568578088141	270118	Maml2
270120	2497	2320	0.10391974769933	7.02164108653794	6.7602498754687	0.0157544447369687	0.0424761694139424	270120	Fat3
27015	435	404.2	0.104837426357584	3.59003782874913	2.98008218776188	0.0972426803380299	0.179622453879346	27015	Polk
270151	398.6	372.2	0.0976951418147568	3.23777645153986	2.17475332183189	0.153385386428126	0.257315735310136	270151	Nlrx1
270156	644.8	722.4	-0.167963218256247	4.13005276227238	10.0810608293453	0.00410352748026327	0.0143578761074135	270156	AU019823
270157	2.6	3.6	-0.392598237815299	0.44139275234105	6.10886159210847	0.020992584612796	0.0533263300515558	NA	NA
270160	34	26	0.371354512596074	0.353955465777032	5.4027795800421	0.0289586340287227	0.069253490445261	270160	Rab39
270162	5888.4	5570.2	0.078864046269157	7.96710737049288	4.43143254850732	0.0460400649292549	0.100039551787049	270162	Elmod1
270163	4362.8	4294.6	0.0232678100762426	7.02423022403238	0.660677731877733	0.424369359467919	0.557347688261009	270163	Myo9a
270166	3078.4	3010.6	0.0340839577769647	4.84588495427893	0.45698551925674	0.50554614761226	0.630308291002122	270166	Clpx
270190	1135.2	1119.8	0.0192359925522389	5.50896176220497	0.199236557875284	0.65936855948137	0.760425215245816	270190	Ephb1
270192	62309.2	61804.6	0.0115119512470995	9.9423249638989	0.214590982297082	0.647396605649846	0.749977601832401	270192	Rab6b
270198	329.2	319.8	0.0366706466263551	4.28647764969763	0.486404982775965	0.492285997291127	0.617897062311801	270198	Pfkfb4
270201	1022.2	915.4	0.158777882533646	5.46629851433738	16.3481324262733	0.000477778484325082	0.0025170609829874	270201	Klhl18
270210	2980.8	2464.6	0.275946608089678	6.60606196606902	57.2156288162225	8.79618026451044e-08	2.32007280188383e-06	270210	Zfp651
27029	95.8	123	-0.345992272037419	2.28594108145011	12.6854529697743	0.00159426818760805	0.00664653948188254	27029	Sgsh
27041	1866.4	1692	0.144946514452168	5.60303958640365	12.767705467625	0.00154939074811415	0.00647812955546483	27041	G3bp1
27045	702.4	685.4	0.0307400185500263	4.86845007051737	0.543068152022902	0.468359666668212	0.597341447279832	27045	Nit1
27047	80.4	58.4	0.496232940713118	0.711826597310776	5.89664143125134	0.0239236917949274	0.0593636122238421	27047	Omd
27049	1276.4	1092	0.228878845540739	5.28419532482947	26.6981350734696	2.78311699994886e-05	0.000244245131252343	27049	Etv3
27050	8932.4	9065.8	-0.0206733975718184	7.49159518318899	0.486458871478649	0.492262262340895	0.617897062311801	27050	Rps3
27053	6952.6	7836.4	-0.173643875607828	6.50837341287649	22.7803391598504	7.53049531411931e-05	0.000543413775687871	27053	Asns
27054	1452.6	1386.4	0.0647710158118072	5.52574878222493	2.69197665470642	0.113992614418806	0.203338177071383	27054	Sec23b
27055	834.6	889.6	-0.0935484420529096	4.97696401500247	4.75034659106811	0.0394119257327495	0.0886078666264056	27055	Fkbp9
27056	63.8	61.8	0.0447810611529563	1.87200199642689	0.148067002305327	0.703803189600139	0.796739607023842	27056	Irf5
27057	470.4	449.8	0.0657730904360111	3.89801534881214	1.03030107277648	0.320286158436132	0.451210149516165	27057	Ncoa4
27058	1639.8	1554.4	0.0772733216247319	5.39384724208028	2.76775825355831	0.109281409289087	0.197000934131263	27058	Srp9
27059	475	501.4	-0.0724867055222812	4.26783042523423	1.9093911970103	0.179852048063778	0.28980841724792	27059	Sh3d19
27060	203	203.4	-0.00187966969945879	3.91186237983366	0.000926821433096529	0.975966765336285	0.985168211898223	27060	Tcirg1
27061	3489.2	3452.2	0.0199498504546938	5.685566466961	0.217720006178566	0.645021428847345	0.747899967854696	27061	Bcap31
27062	18114.6	17901.6	0.0169421559764277	8.41237935299062	0.34492123343309	0.562527560321892	0.679660064941288	27062	Cadps
270627	1914.6	2021.6	-0.0824158949560116	6.45988207241293	5.69574631359226	0.0253044206170685	0.0621284347883655	270627	Taf1
270669	1221	1232	-0.00772455055889033	4.74891913314105	0.0236705939587875	0.879021866874901	0.922520935452002	270669	Mbtps2
270672	94.4	128.8	-0.508787550560578	0.855525281191508	9.63853521923146	0.00486069779261069	0.0164564730490021	270672	Map3k15
270685	104.6	144	-0.462808932588927	3.38308021659462	50.009059755216	2.7174859798029e-07	5.75931706042098e-06	270685	Mthfd1l
27078	363.4	371.8	-0.0299506309946728	3.51408646732272	0.23302715481156	0.633694381974635	0.739258966671621	27078	B9d1
270802	672.4	710.6	-0.0796856817152473	3.79408295962869	1.95178231624402	0.175272883679105	0.28393575024208	270802	BC048403
27081	1104.4	1186.8	-0.1007002277971	4.89093788088913	4.25461168124261	0.0502085841607744	0.107326505925678	27081	Zfp275
270893	151.4	172	-0.194403590814987	3.35200933137972	6.18581255299268	0.0202831972155301	0.0518799031239201	270893	Tmem132e
27096	2915.8	3044.8	-0.0627377581897773	5.72790180570166	2.57319170711567	0.121864436307993	0.21444224036958	27096	Trappc3
271005	432.4	400.2	0.110992491246999	4.20791944722134	4.84095346405914	0.0377349432593163	0.0855830644704469	271005	Klhdc1
27103	1087.4	1201.6	-0.146206954890065	5.10609556079385	14.2302257705835	0.000943806494168067	0.0043683489850646	27103	Eif2ak4
271127	133	192.2	-0.528851321715253	3.11379568276044	35.6830082488695	3.74662544808049e-06	4.75032668653995e-05	271127	Adamts16
271144	850.6	868.8	-0.034449414933364	2.93468965727279	0.255511888407152	0.617865261792011	0.726598689605543	271144	Ankdd1b
271221	72.4	44.4	0.696720469727355	1.74858193842245	39.5518798189972	1.73817139946209e-06	2.54286734897014e-05	271221	Rubcnl
271305	331.4	372.2	-0.169676074053793	4.00576308560339	4.07382971224741	0.0569792838446059	0.118500513480566	271305	Phf21b
271377	1927	1736	0.148940524988649	5.91894838334284	18.2284438593619	0.000269730803087438	0.0015765018309041	271377	Zbtb11
271457	5321.6	5334.2	-0.00358023256436395	6.63027670025558	0.0114014254241059	0.915859601276812	0.946934737215881	271457	Rab5a
271508	573.2	408	0.481928784996816	0.668189423499855	11.8006394511536	0.00217796989114082	0.00850361339993229	271508	4933408B17Rik
271564	2443.4	2346.2	0.0577768164887268	5.9304612193026	2.69698875920366	0.113673786147171	0.202894653614623	271564	Vps13a
271639	5.6	7.4	-0.33178954830613	0.568602470875761	4.91790815368138	0.0363732767342179	0.0830420694860821	271639	Adcy10
271711	1373.4	1394	-0.0238714819274639	4.51089196617943	0.232641129865627	0.633974293289952	0.739406474236501	271711	Tmem169
27176	393.4	433.2	-0.140784613316721	4.30965027540575	6.99161183221325	0.0142568985430191	0.039208674397297	27176	Rpl7a
271786	480.2	496.8	-0.0503902191861763	4.44969484002478	0.711963678073353	0.40718554511542	0.540328121480233	271786	Galnt13
271842	120.4	114.6	0.0667377409738423	2.56913905908882	0.804394239626607	0.378756807845736	0.512310583997967	271842	Rpusd2
271849	230.8	198.2	0.227488902127537	2.95845384770665	8.28727894090491	0.00829874685748243	0.0253755208542524	271849	Shc4
271970	90.4	74.6	0.294433631023264	1.51821955494618	4.82431569296913	0.0380367896298791	0.0861055218966753	271970	Arsj
271981	655.2	613.8	0.102372896164805	4.06512225859857	2.83181176223552	0.105475757569061	0.191790992565506	271981	Tbck
272009	469.4	462.6	0.0205756154016404	4.24363522154327	0.21340231494963	0.648304443561911	0.75090892116707	272009	Srsf12
272027	267.4	241.2	0.1487386217405	3.43948979766678	6.24023047890864	0.0197975866851502	0.0508398769851698	272027	Tstd2
272031	30.2	39.6	-0.381515734636526	2.94487531121708	20.1550235531979	0.000154469480020008	0.00099452198851189	272031	Plppr1
27204	4475.4	3418	0.391395854467588	6.18046861052005	38.9159666268811	9.95675110996935e-06	0.000105047358060947	27204	Syn3
27205	2484.4	3102.6	-0.320922279080698	5.32738837045195	19.0420641112722	0.00046320898844513	0.00245967035965684	27205	Podxl
27207	2664	2568	0.0504359369047548	6.14315898618475	1.18603381808529	0.287458159833401	0.414994031385536	27207	Rps11
27214	146.2	142.6	0.0485145251848166	1.00900263763931	0.113751403851672	0.738866379000091	0.823096674626608	27214	Dbf4
27215	3777.8	3341.2	0.179684198731741	6.06889099487436	25.1498556632617	4.08286238569752e-05	0.000331910533874421	27215	Azi2
272158	36	40.4	-0.166803092185725	0.684745435746844	1.36767003947948	0.253780348124443	0.377925113516454	272158	Poln
27220	4.4	5.2	-0.263359697358496	1.5002372696496	3.65571866714129	0.0679762277920157	0.135558553601793	27220	Cartpt
27221	250	277.8	-0.159032949379027	2.93395567023167	3.61195983062623	0.0695323017989432	0.138014266712706	27221	Chaf1a
27222	1963.6	1790.6	0.126548229578935	4.41923521489434	5.39962515027562	0.0290010523420589	0.0693319898366058	27222	Atp1a4
27223	3972.8	4228.2	-0.0908074257603243	7.17933411751339	9.55923260229773	0.00501192363521847	0.0168392245986629	27223	Trp53bp1
27224	1282.6	1347.6	-0.0706493448990053	5.15273138648175	2.27114120670079	0.144949179882748	0.246018723112405	27224	Eloa
27225	8858	9357.2	-0.0795168501514994	7.62705660481818	5.95892391450531	0.0224552676330372	0.0563976668732397	27225	Ddx24
27226	7330.8	8270.4	-0.169736873360021	6.52102641217042	16.2993952171201	0.000486787101847655	0.00255390953542868	27226	Pla2g7
272322	125.8	129	-0.0356654356943341	3.25119386784668	0.223753077314559	0.640500236480794	0.744434739312753	272322	Arntl2
272347	129.4	136.8	-0.057437937681144	3.51989743884042	0.66843070346024	0.421700930066355	0.554720171385065	272347	Zfp398
272359	1860.4	1879	-0.013376790992901	5.11513372784816	0.0895929722734037	0.767290931568628	0.844277034477235	272359	Irf2bp1
272381	3124.2	3085.2	0.0169687454448605	6.99265627255452	0.248675362798451	0.6225824266618	0.730363314257743	272381	Lrrc4b
272396	3162.4	3078.8	0.0377790763198414	5.65963548078989	0.870638474007255	0.360139506837019	0.493501747423423	272396	Tarsl2
272465	25	24.6	0.0214535945945112	0.259301207049654	0.0164526592286631	0.899013587581731	0.936259269032808	272465	Tmem255b
272538	402.4	405.8	0.000834777133341864	2.51937415631288	9.25194051906228e-05	0.992405598964551	0.994607580601416	272538	Tango6
272589	2557.8	2470	0.0540269290305067	5.91158341389466	2.36318945203597	0.137404335449834	0.236292952360726	272589	Tbcel
27261	206.2	97	1.10501089067209	3.30731977746649	178.295816334531	1.53904693573106e-12	4.73306051256525e-10	27261	Dok3
272636	168.4	126.8	0.427777752057085	2.14945918839013	15.6336406551753	0.000598374314237136	0.0030146052066865	272636	Esyt3
27267	2903.8	3031.4	-0.0613550164220889	5.59512122124716	2.9314966466371	0.099855493869333	0.183370767169018	27267	Cars
27273	194.2	234.4	-0.271327656619259	3.28754494798607	11.576057552361	0.00236086469681062	0.00907069067721973	27273	Pdk4
27274	19	19	0.0157484006017189	0.930602302999064	0.0137277247821226	0.907711161004822	0.941585841909264	27274	Zfp354b
27275	254.4	260	-0.0363332570281082	3.60958262419766	0.348356549383082	0.560602174382444	0.678335177580473	27275	Nufip1
27276	1566.8	1615.8	-0.0440959152777345	7.39834151335315	1.38768189132635	0.250430389770042	0.374131354391337	27276	Plekhb1
27277	1374.8	1487.4	-0.117132338069238	5.05443431225537	7.43823204782883	0.0117907847312056	0.0336341035138832	27277	Golga5
27279	35.2	27.2	0.356771392515541	1.63360873408191	7.65304818759591	0.0107754751603429	0.0312685641372409	27279	Tnfrsf12a
272790	138.6	134.2	0.0401677623845702	2.53228226422118	0.200287882984988	0.658531368089108	0.759710463274001	272790	Magee2
27280	457.4	560.4	-0.296195572524265	4.05421171375214	27.9399029055835	2.06489354071559e-05	0.000191087383709557	27280	Phlda3
27281	1584	1617.4	-0.0327782916803435	4.92003532696289	0.544573595134476	0.46775065153731	0.596722675844685	27281	Hrasls
27354	1269.6	1342.4	-0.0851921732957599	4.27874788012606	2.23120700420372	0.148375326918102	0.250480842708976	27354	Nbn
27355	275.4	296.8	-0.114695888416753	3.55774590947496	3.17546467938919	0.0875039103939732	0.165590667823316	27355	Pald1
27357	1985	1928.6	0.0414176797382732	4.77179744412091	0.958837914629699	0.337319409661531	0.469215161894695	27357	Gyg
27360	1962.6	2456	-0.322082289375225	6.76723194839965	68.9569341533709	1.71512503410398e-08	6.40579256923487e-07	27360	Add3
27361	137.2	128.8	0.0939490395532556	3.78515930242431	2.81398797765151	0.106519008045021	0.193221554084474	27361	Msrb1
27362	870.8	769.8	0.175414153506661	5.47912897889675	13.750923639517	0.0011075793203344	0.00496401596778709	27362	Dnajb9
27364	2597.6	2524.6	0.0416588197435506	6.26000510074964	1.26139130660337	0.272578797185791	0.398942416627598	27364	Srr
27366	3633.2	3655.8	-0.00914103444296635	6.77594032030071	0.109190528625064	0.743955973466824	0.826719431113207	27366	Txnl4a
27367	1	2.8	-0.786511349468913	3.67727499586819	1.01619633494533	0.334709124329319	0.46616743910734	27367	Rpl3
27368	454.4	462.4	-0.0274410493730427	4.67406206607588	0.313203017292389	0.580945414837657	0.695229758740147	27368	Tbl2
27369	426.2	408	0.0668599462793781	3.56948190970373	1.45556665555441	0.239481054812129	0.361661181303366	27369	Dguok
27370	2252.8	2533.2	-0.169146513253663	4.9032492956335	2.87772518817122	0.112355696774795	0.201163042386088	27370	Rps26
27373	3384.2	3048.2	0.149430241594048	6.61578359422397	17.9624865591963	0.000291943774590401	0.00167917044087929	27373	Csnk1e
27374	1280.4	1269.8	0.0110307787089244	5.7528982006585	0.0870247758332665	0.770549661618556	0.846702509429421	27374	Prmt5
27376	317.8	349.2	-0.139357098334565	3.75802182486631	6.60034326422456	0.0168909158299826	0.0448222665815802	27376	Slc25a10
27377	3717.6	3228.2	0.204665394601718	6.45264958644583	26.5493957358018	2.88591972639959e-05	0.000251577874732174	27377	Yme1l1
27385	14	16.2	-0.167625394919428	0.350346418930308	1.01256284188809	0.324401198953943	0.455654381731975	27385	Magel2
27386	295.4	426	-0.532980167181644	3.48369889695174	82.0944464996037	3.47512807670203e-09	1.7939107578804e-07	27386	Npas3
27387	1186	1576	-0.428377849211718	4.6542080835248	25.4483187809372	0.000102775222237587	0.000706042329953461	27387	Sh2d3c
27388	2904.2	2829.8	0.039337923531904	5.46920496534953	1.03868129410084	0.31836695296341	0.449280685201936	27388	Ptdss2
27390	9.6	11.4	-0.263967257944307	0.118397360381828	2.05887837664546	0.164319893156996	0.270911342043027	27390	Mmel1
27392	247.8	265.8	-0.0971462828930159	3.76078641063859	2.38597870421708	0.135609032697529	0.233733956428582	27392	Pign
27393	763.4	808.6	-0.0846148155565134	4.5796281374455	2.10342544825207	0.160008653588706	0.265560348946051	27393	Mrpl39
27395	1410	1256.4	0.164966152602346	4.63607725285376	12.4223041627257	0.00174764369548787	0.0071640504749239	27395	Mrpl15
27397	682.2	690.6	-0.0169896874560002	4.47556742531668	0.0965899375093356	0.758663752548282	0.837909824966216	27397	Mrpl17
27398	520.8	581.6	-0.161621052612148	4.39737795036009	11.5402008138185	0.00239158912885872	0.00916923853276496	27398	Mrpl2
27399	20273.2	18026.8	0.170177373098757	8.05320934060843	26.1169292494716	3.20898107276347e-05	0.000275267729529514	27399	Ip6k1
27401	227.8	206.4	0.140381886697542	3.18818721886992	3.31140146153642	0.0813901441937924	0.156417117959989	27401	Skp2
27402	1793.6	1688.6	0.0870789350884896	5.5904486979854	4.97875807843175	0.0353354773183241	0.0813067919051086	27402	Pdhx
27403	2110.2	1876.2	0.171595689410175	5.58938971694502	12.6181638867983	0.00164369871393871	0.00680940705396105	27403	Abca7
27404	130.6	152	-0.220594588318845	4.420387631585	13.7487662523913	0.0011083831385377	0.00496607869944945	27404	Abca8b
27406	3154.6	3041.4	0.0524988776450796	6.19119411599369	2.35986115686198	0.137668886328374	0.23667716966735	27406	Abcf3
27407	3697.8	3605	0.0355197223252682	6.83135890434617	1.32794152009707	0.260604200133296	0.385607098133374	27407	Abcf2
27410	5126.6	5080.2	0.0129281309507972	6.97201169777611	0.14381518526909	0.707876358918891	0.799534648106092	27410	Abca3
27414	856.6	906.4	-0.0821275148697618	4.56280021666349	2.06287643075225	0.163927289140899	0.270463993825535	27414	Sergef
27416	6033.4	5064.6	0.251911928668914	7.93388654372746	66.5029806644022	2.37034918127439e-08	8.31573173031548e-07	27416	Abcc5
27418	822.2	800.6	0.0395840926269618	5.48502732769489	0.67017868454148	0.421102891603928	0.554236131418975	27418	Mkln1
27419	188	266	-0.508211000260315	3.00655553344317	42.3286844320887	1.03141084953936e-06	1.6582883669902e-05	27419	Naglu
27421	18.2	34	-0.927417612321886	1.15371058490308	49.0972723212953	3.15945373297089e-07	6.41386857533163e-06	27421	Abcc6
27425	33.6	34.8	-0.0721145127531797	1.25287487791708	0.212124530405843	0.649290258148758	0.751492682926294	27425	Atp5l
27426	211.8	208.8	0.0182103656921929	3.31722917090115	0.0846155776339102	0.773654652582638	0.848888206819209	27426	Nagpa
27428	63	51.6	0.28421337923831	2.36097729286873	8.85397545913342	0.00660848453534397	0.0209835183600562	27428	Shroom3
27493	167.8	157.6	0.0874483501211553	4.98273065871031	1.45686820512966	0.243081424119739	0.365760868647377	NA	NA
27494	1247.8	979	0.354662961910494	4.46904897615389	47.4423849357994	4.17414253964086e-07	8.06591661336484e-06	27494	Amot
27528	2012.4	3195.8	-0.668703987146587	5.7458572930071	145.955418665778	8.09019680148921e-11	1.13529810260898e-08	27528	Nrep
27632	837	1044.6	-0.322990918630458	3.89164659051556	29.2790811280854	1.50909398053856e-05	0.000148920411107309	27632	Nelfe
27643	4597.8	4344.4	0.0815843971251877	6.0310613247971	4.94441903542717	0.035916995447096	0.0822471882433977	27643	Ubl4a
27660	15.4	17	-0.156829283774089	0.470653804195326	0.729503440373144	0.401551148184983	0.534341769090935	27660	1700088E04Rik
276770	7349.6	7520.8	-0.0346336986159428	7.7797872663019	1.38508301131213	0.25086220823293	0.374604700133157	276770	Eif5a
27681	2095.2	2110.2	-0.0100919530187486	4.98102158412858	0.0573801025315513	0.812734656866889	0.876268017074929	27681	Snf8
276846	1043.6	981.2	0.0897251337315696	5.56086165469187	6.11813208221053	0.0209056822173642	0.0531616345478153	276846	Pigs
276852	319.4	383.2	-0.263793195095155	3.32295299035711	14.2368286041021	0.00094174346670957	0.00436280771404491	276852	D11Wsu47e
276905	234.6	249.4	-0.100511019934473	3.36865309019511	2.26961414601234	0.145078446654299	0.246180308516229	276905	Armc7
276919	1026	1125	-0.129299814084181	4.48069165478786	6.39571842969348	0.0184796163180598	0.0480317162850631	276919	Gemin4
276952	7152.4	6840.8	0.0649463125609964	7.96610535182207	3.70747238297077	0.0661868216272497	0.132740990675769	276952	Rasl10b
277010	420.6	515.2	-0.297082263612975	3.35644991331032	16.0719668210763	0.000520925891266848	0.00268813382091075	277010	Marveld1
277154	207.4	246.6	-0.24963350081226	3.63715618901245	15.5744090451334	0.000609768164383037	0.00306027397499737	277154	Nynrin
277250	2053.2	2158.2	-0.0710027898266549	6.2085446826922	4.39289004320292	0.0468949024926365	0.101606793678394	277250	Kdm3b
277333	120.8	126.8	-0.0654251047686041	1.98958140746024	0.447001758897202	0.510188951755601	0.634634080378984	NA	NA
277360	6839.4	5819.8	0.234776660246455	7.71717637632099	25.9901861687959	5.60152902153963e-05	0.000430733205650087	277360	Prex1
277396	3834.8	4670.6	-0.284254049773911	6.36629236029138	61.1269009897653	4.97443565623541e-08	1.48486985899669e-06	277396	Klhl23
277414	2424.8	2078.6	0.222089070760797	6.54230845009545	19.5862706426387	0.000258420788918648	0.00151938657629782	277414	Trp53i11
277432	1285.2	1361.4	-0.0836022915281544	5.9478807692973	4.44609136218441	0.0456862111607376	0.0994709708116977	277432	Vstm2l
277463	2491.8	2239.2	0.153245099446138	5.67577125557944	16.6033218856928	0.000441350463123495	0.00236686065933155	277463	Gpr107
277468	1393	1296.2	0.106668195462275	5.47434988407529	5.78132171968089	0.0243361403296087	0.0602113269983163	277468	Slc39a12
27756	260.2	239.4	0.120583942385592	2.54168385794289	2.05805496349568	0.164400892202034	0.270983064874922	27756	Lsm2
277692	81.6	66	0.320410292875035	0.462967052868967	4.42533305524959	0.0461536009473553	0.100271178129126	NA	NA
277743	38.4	36.2	0.0770405507498392	0.777424147093355	0.207956312804542	0.652503699415013	0.754382376527323	277743	Fam131c
277744	2.2	2	0.112392019053157	0.596451626747527	0.649764244529164	0.428170205479966	0.560526415180457	277744	Srarp
277773	194.8	210	-0.104734994590234	3.75597176159118	2.84358575127451	0.104793132221828	0.190693684141295	277773	Fam205c
27784	2583.4	2433.4	0.0860081254342372	5.27828002489187	4.87945682116744	0.0370466437572424	0.0842423541536533	27784	Commd8
277854	2450	2407.4	0.0249335298458245	6.11644598305683	0.382594181781441	0.5420873954743	0.662551261135256	277854	Depdc5
277939	2159.6	1824.2	0.246583855318837	5.52905657276683	26.0122900081274	3.31359913013125e-05	0.00028306596824419	277939	C2cd3
277973	1421.8	1177.8	0.270543408656491	5.76507439209203	50.3822166361499	2.55636071316072e-07	5.49028792689821e-06	277973	Slc9a5
277978	81.4	75.6	0.100793636397659	2.13193433322589	1.21540915900727	0.281276287268529	0.408312489322017	277978	Exoc3l
27801	1486.8	2133	-0.523111163221812	7.23063910892662	188.41642539668	8.28763629917787e-13	2.85213083495993e-10	27801	Zdhhc8
278097	59.6	70.6	-0.244820558436858	1.78672846591065	6.38383212132066	0.0185768598070169	0.0482365993019185	278097	Armcx6
278240	200.4	188	0.105613323792442	2.52444735791585	1.22330881487957	0.279756328743204	0.406841530903941	278240	Spin2c
278279	241.8	292.6	-0.271451627498515	3.66950252978108	15.89549916097	0.000550708367826984	0.00281568402850061	278279	Tmtc2
278507	110.8	149.8	-0.401515304279902	0.466444775046573	4.68637098737865	0.0406463469865591	0.0907649662790742	278507	Wfikkn2
27878	2571.6	2292.6	0.165011856797631	5.02033704586517	16.4681635769155	0.000460252087525306	0.0024493680681483	27878	Tada1
278795	0	0	0.965818801594486	2.32884923273385	20.3431597780697	0.000520273792531067	0.00268744280865495	278795	Lrrc10b
27883	3978.2	3635.8	0.128904425936467	6.3956635306008	13.3107478660353	0.00128556000129128	0.00558886949181106	27883	Tango2
27886	970.2	1069.6	-0.147391912430789	4.80118024150141	9.48898542725573	0.00515019559406276	0.0171692088456406	27886	Dgcr14
279028	87.2	103	-0.169568162652706	0.488826721421287	0.87519208028286	0.358908532223177	0.492281640230954	279028	Adamts13
279561	921.8	878.8	0.0731097573343723	4.77369247037999	2.0013019490075	0.170101841933035	0.27737500262862	279561	Wnk3
279572	117	90.8	0.342848837206977	1.0176687622197	5.75012015285086	0.0246843286938869	0.0609163884141098	279572	Tlr13
279610	117.2	87.6	0.425057891261035	1.25795711874618	12.2890892976017	0.00183137023971218	0.00742076396834777	NA	NA
279618	99.6	142.8	-0.54430684694544	1.7681279135158	19.6560836108948	0.00017799745095278	0.00111762604520916	NA	NA
27965	1849.6	1907	-0.0394547793722009	4.74705706158708	0.593483677886531	0.448647692601802	0.579306213048637	27965	Spg21
279653	1791.6	1963.4	-0.12863658479654	5.1814797717383	8.1655181920304	0.00872084825927177	0.0264479749553412	279653	Pcdh19
27966	352.6	333.4	0.086752528297209	4.25450299416402	2.81066628992464	0.106714756686457	0.193484080926499	27966	Rrp9
27967	1735.2	1632.6	0.0864823680828574	6.11128884880391	6.47963849990122	0.0178088816383313	0.046733764560719	27967	Cherp
27973	176.4	159.6	0.161572648269693	2.76864462357428	3.0694134040786	0.0926424342199641	0.172871977884237	27973	Vkorc1
279766	387.4	410.8	-0.0949000193991826	3.77712587045112	2.12829252157998	0.15766127678896	0.262599227322843	279766	Rhbdd3
27979	3565.4	3301.6	0.110346913065641	6.65595062774166	11.9265729605489	0.00208222984211543	0.00823209795895416	27979	Eif3b
27981	11121.4	12075.2	-0.117483140250202	7.70214926288091	13.1468290989475	0.00135962214495891	0.00583837744600004	27981	Rsrp1
27984	3708.4	3602.2	0.0392076829498821	7.57697431230832	0.48307045140279	0.496843749752423	0.622033742652363	27984	Efhd2
27993	263.4	217	0.279390264233901	3.9657142420828	27.3682862915039	2.36678649971434e-05	0.000214083267761066	27993	Imp4
27998	64.2	58.6	0.128618931137793	2.76230197125233	2.12645650151075	0.157833169451904	0.262764412722624	27998	Exosc5
27999	5879.8	5735.8	0.0373770611789054	5.95318162018607	1.06811363535755	0.311749661620714	0.44207099078444	27999	Fam3c
28000	5551.2	5606.2	-0.0159419296926744	7.56775871298766	0.268894187858809	0.608857722103255	0.718989339483697	28000	Prpf19
28006	3140.6	3225.8	-0.0382978485016809	7.01978991387472	1.59515782763574	0.218812446305297	0.336801065802586	28006	Washc2
28010	374	416.4	-0.155377354327044	4.17267357210396	6.7917338759026	0.0155407985601092	0.0419874118700104	28010	Miip
28015	10192.2	9936	0.0378110206343342	7.45135901855818	1.8274457046521	0.18912540522852	0.301391246656343	28015	Polr2m
28018	5320.2	4713.8	0.177941129100436	6.00885749298668	25.3897720924726	3.84425945946503e-05	0.000316609266251325	28018	Ubfd1
28019	2193.8	2101.4	0.0640615206351266	5.20406480554631	2.07925591294968	0.162330612585161	0.2683068502446	28019	Ing4
28028	886.6	876	0.0169283357368883	3.74727539931084	0.0967211554787939	0.758505296499471	0.837909824966216	28028	Mrpl50
28030	1620.4	1474.6	0.131968335715792	5.50866338798316	5.84380002707537	0.0246140949676165	0.0607534372715043	28030	Gfm1
28035	1346.4	1276.6	0.0700989573752724	5.08492283929739	2.19504449891466	0.151561647572051	0.255025850291784	28035	Usp39
28036	796.2	845.4	-0.0950601720285715	4.11935963057011	2.75588062395444	0.110004574081909	0.198008233347436	28036	Larp7
28040	1879.6	1750.4	0.102757977390815	5.20264229384172	5.40769388687085	0.0288926879961351	0.0691186547990957	28040	D6Wsu163e
280408	15.2	22	-0.538056249024249	0.416149519327125	11.0634514252983	0.0028444514804826	0.0105636438075271	280408	Rilp
280411	395.6	418.8	-0.083909811158084	3.6654516002688	1.69214466596281	0.205760491387059	0.321520231622545	280411	Lix1l
28042	3801.6	3531.6	0.106251941160402	6.28655348262485	10.3334187449136	0.00373030255730684	0.0132802446215057	28042	Selenoi
28064	2130	1984	0.101681165558402	5.49297412390398	8.1706285614079	0.00870266522545949	0.026398388912653	28064	Yipf3
280645	332.8	404	-0.274807467935011	3.24524058411828	11.967613232686	0.00205203020402138	0.00813941947555573	280645	B3gat2
280668	103	84.4	0.296267731933265	2.81312081445761	11.5058060156157	0.00242147187708777	0.00926169740974506	280668	Adam1a
28071	633.4	593.2	0.0977361534203829	3.08094266233106	1.56749033191916	0.222724509552691	0.341457367530186	28071	Twistnb
28075	5728.2	5675.6	0.0116122649073291	6.7932591753583	0.117839200428597	0.734400780614702	0.819946615402819	28075	Desi1
28077	533	521.6	0.0282587767158036	4.25822129462059	0.232271269339103	0.63424275386558	0.739601768886073	28077	Med10
28080	2304	2264.6	0.0230168454315296	6.3241980725676	0.427932387348024	0.519270686786008	0.642157640897071	28080	Atp5o
28081	2764.2	2754	0.00674692451569636	5.12678535537487	0.0284157807652948	0.867557997590354	0.91419686962975	28081	Fam104a
28084	1336.6	1486.2	-0.153236198557401	5.19197182818453	13.7380176996064	0.00111239741998673	0.00497788779397104	28084	Vps25
28088	4298.6	4348.4	-0.0169673642273989	6.69315896781991	0.315891448200599	0.579337337352316	0.694078817962292	28088	Rtcb
28105	33.8	45	-0.384065427905239	2.11660836477227	12.2362763549515	0.00186576756144639	0.00753711691815152	28105	Trim36
28106	2266	2126.4	0.089628615182614	4.67764485772607	3.54517053592908	0.0719863374258845	0.141938578992704	28106	Mydgf
28109	732.6	701.4	0.0654090458043835	3.80081407614114	1.71769491304353	0.202484624502901	0.317706552601491	28109	D10Wsu102e
28113	438.2	521.6	-0.254653183430906	3.42252330829328	15.9368961873458	0.000543558972723603	0.00278306815152213	28113	Tinf2
28114	4206.4	4063	0.0522435893458834	6.32824523640041	2.62444745892993	0.118391996589795	0.209248950685853	28114	Nsun2
28126	718.2	675	0.0927544818853583	3.77192174183933	2.38781837482173	0.13546532303689	0.233597683032118	28126	Nop16
28135	926.8	1016.6	-0.131618054484508	4.69562303157724	7.17606390275962	0.0131753928272651	0.0368350344149496	28135	Cep63
28146	2095	1851.4	0.180852415862181	5.50860188614828	13.4788559154692	0.00122670490323897	0.0053860245052904	28146	Serp1
28169	6577.4	6349.6	0.0517260853619352	7.80129860989973	3.26494348995624	0.0834226167073698	0.159475003556186	28169	Agpat3
28185	12874.4	13236.8	-0.0412727436850717	7.65438233873522	1.60670313855994	0.217205514461229	0.334914498188884	28185	Tomm70a
28193	695.4	710	-0.028202277762617	4.87461562425554	0.312241179856221	0.581522951990038	0.695632934541423	28193	Reep3
28199	3609	3546.8	0.0268301945157674	6.45171107777423	0.422227041318874	0.522044472159838	0.644760386276877	28199	Dcaf11
28200	169.6	169.8	-0.0068267782852404	2.98822084119087	0.00990082486272189	0.921571545313433	0.950500324024367	28200	Dhrs4
28240	1927.8	1810	0.0926205868593932	5.7101519385366	6.07800271022018	0.0212847585017082	0.0539239500084584	28240	Trpm2
28250	2071.6	2324.2	-0.165463769474386	5.39142100564687	6.79561534968052	0.0173741793763858	0.0458678335536585	28250	Slco1a4
28253	10604.6	2940	1.82150980882532	-0.303258940134465	46.2969482251462	5.25824532711924e-07	9.67917032615762e-06	28253	Slco1b2
282619	80	104	-0.377080282756522	3.11653364116146	27.24717704835	2.436713468198e-05	0.000219031445704813	282619	Sbsn
28295	207.8	207.8	-0.00219564825783535	4.79705097446024	0.00111401594555415	0.973696666035108	0.984055261545047	28295	D10Jhu81e
286940	817.2	966	-0.240129540065862	6.85352807210173	17.0851227780947	0.000701454475224649	0.00343637748336539	286940	Flnb
286942	23	23.2	-0.0255935468494463	1.64180235597466	0.0648681065460968	0.801146497512763	0.867788629724931	286942	Kif19a
29805	237.2	266.2	-0.17384986289471	4.04636485313689	7.24423302806523	0.0127988798156728	0.035927127160726	29805	Znhit2
29806	264.8	284.2	-0.105006091558942	3.58410447692579	2.28760639818079	0.14356407228088	0.244270170776673	29806	Limd1
29807	29.6	39.6	-0.412309071522439	1.12280375655555	9.82120024450518	0.00453104129385698	0.0155264260050646	29807	Tpk1
29808	1082.4	1010.2	0.0977032666653856	5.67865431821446	7.54925682946745	0.0112534663706023	0.0323632317788868	29808	Mga
29809	5953.4	5987	-0.00822227738728684	7.21301537246024	0.0407811356066288	0.84171301415923	0.896017079588858	29809	Rabgap1l
29810	129.8	110	0.23345513709051	2.65345498875554	6.83372299388665	0.0152608335308045	0.0414157130781541	29810	Bag3
29811	14678.2	14076.8	0.0612266788061139	9.16110824705521	2.26533687799406	0.147105658604765	0.248802385849903	29811	Ndrg2
29812	25263.2	28429.6	-0.171964572696226	9.31534606450991	28.3315941312307	1.88228976643074e-05	0.000177704874487197	29812	Ndrg3
29813	785.8	809	-0.0422340976519299	6.01652757904347	1.29936626502865	0.265660061089253	0.39126708473897	29813	Zfp385a
29815	414.8	377	0.138315986839946	4.2885387909857	6.24004700690819	0.0197992021274056	0.0508398769851698	29815	Bcar3
29816	2806.2	3058.2	-0.124144013343222	6.86317255696517	10.6133203065011	0.00335925992360169	0.012165849170385	29816	Hip1r
29817	445.6	427	0.0641879811867903	4.09285987233541	1.26008693977329	0.272820607971512	0.399183602154606	29817	Igfbp7
29819	8261.8	8436.4	-0.0290579070774839	7.0633448087475	0.96566911171967	0.335637633466943	0.467280519565709	29819	Stau2
29820	2430.4	2985.2	-0.295732045339419	6.26521287847466	84.635337649034	2.61216534452794e-09	1.47158003277807e-07	29820	Tnfrsf19
29856	48.2	44.2	0.128340795724864	2.95620267982257	1.91985038483469	0.178761764367209	0.288405239665547	29856	Smtn
29857	328.4	336.6	-0.0269091493662237	3.43043894061435	0.137785488995263	0.713773088502142	0.804198759421023	29857	Mapk12
29858	2262.2	2132.4	0.0857618965541124	6.90770482648499	7.11929272812225	0.0134982907528607	0.0375851077907625	29858	Pmm1
29859	19250.6	19695.2	-0.0324652280907788	8.97927951693958	1.58258185690032	0.220579840666534	0.338888288370969	29859	Sult4a1
29861	1598	1283.6	0.316024586296334	5.97678590134875	27.7711576097511	5.48972546536107e-05	0.000423191956673754	29861	Dpf1
29862	18.8	25.8	-0.48106558328097	0.0315145678898125	5.70646429170363	0.025180832220808	0.0618670319428113	29862	Ninj2
29863	1322.4	1307.6	0.0127327405692832	5.4519090056856	0.048447564193245	0.827973399748603	0.886358740575518	29863	Pde7b
29864	16338.6	15716.4	0.0565394916653869	7.96849011403564	2.45307029101398	0.130482705267803	0.22665509216931	29864	Rnf11
29867	2471.6	2571.6	-0.0569387922579899	7.15169440142016	2.68108499441596	0.114689064656215	0.204227638356651	29867	Cabp1
29869	7298.8	6964.4	0.0686987106641989	7.28209362309169	5.0334428721692	0.034431029364518	0.0796648148606922	29869	Ulk2
29871	1338.4	1423.6	-0.0889563739587807	5.49536343695796	6.03826209320865	0.0216676930690742	0.0547143318693919	29871	Scmh1
29873	9725	12752.8	-0.390055707364749	8.17632515901297	157.296778772173	5.53413745566337e-12	1.41159390092401e-09	29873	Cspg5
29875	486.2	517.2	-0.0826758199685031	5.05008980226527	2.07011806498722	0.16380101787291	0.270302535944177	29875	Iqgap1
29876	1371.2	1230.6	0.161775414703984	5.89918169885315	8.45685434788154	0.00886568985779024	0.0268029034102699	29876	Clic4
29877	4757.8	5320	-0.161578850701668	7.035818858944	21.4268442144738	0.000108455833098667	0.000738332475379052	29877	Hdgfl3
30045	397.2	389.6	0.0304532620466289	3.23412900194031	0.222471669084917	0.641454203575688	0.745128134139033	30045	Dnajc12
30046	1164.4	1177.8	-0.0147214223267594	5.09723210800787	0.129046740083097	0.722586833071297	0.810575870020374	30046	Zfp292
30049	129	117.6	0.129724920168757	1.59907481706456	1.41642049454687	0.245718384995235	0.368639557077666	30049	Scd3
30050	3885.6	4029.6	-0.0537969314753704	6.32063702422722	2.46738934749126	0.129418485286711	0.225131157339525	30050	Fbxw2
30052	8520	8947.4	-0.0713244193091624	7.94362134308898	0.306735708134159	0.590539212582243	0.703275420504551	30052	Pcsk1n
30055	731.8	731.6	0.000519013909671609	5.0699824494506	0.000135377027663545	0.990813578546817	0.99371953429762	30055	Timm13
30056	1458.8	1522.2	-0.0671546218149787	4.66879783143733	1.62097261160196	0.215239796345465	0.332695737879387	30056	Timm9
30057	1013.6	1060.2	-0.065125587623703	5.80947430666963	3.5732746658875	0.0709418569194108	0.140349520929806	30057	Timm8b
30058	518.4	523.6	-0.0340079327217148	1.12715566515347	0.0691803170173797	0.794795333001809	0.863238033003318	30058	Timm8a1
30059	277.8	278	-0.00187376065049587	4.05347059175576	0.000909728011936201	0.976189349217495	0.985174183597242	30059	Timm10
30060	50	63.8	-0.361825051271137	0.823185177735668	5.65509596294819	0.0257793279808622	0.0630694662551426	30060	Meltf
30785	5394.8	5521.2	-0.0336226318028821	7.17531524415626	0.708260420109639	0.408422486601703	0.541392023233769	30785	Cttnbp2
30791	1221	1200.4	0.0229718409807566	4.47220817423658	0.195384957347826	0.662458611981401	0.763144718066403	30791	Slc39a1
30794	158.8	141.6	0.173161461901712	2.3094689952225	2.27403479795316	0.144859780113966	0.245959320984775	30794	Pdlim4
30795	2988	3237.8	-0.116992439436301	6.57355428122638	6.00296826173616	0.0231140826079227	0.0577412633969779	30795	Fkbp3
30805	370.4	360.8	0.0389018570510823	2.90748483247199	0.256895563968654	0.616920251648128	0.72613724082427	30805	Slc22a4
30806	383.4	534.8	-0.476051972838708	2.4487995024493	18.6669080830384	0.000238739213802607	0.0014220836347538	30806	Adamts8
30838	1943.8	1823.8	0.0942784724394024	4.61031600709516	3.85918158658192	0.0612425403664629	0.12520504645783	30838	Fbxw4
30839	1695.6	1763.4	-0.0581160887036727	6.44716496330818	3.01969471116949	0.0951709091921652	0.176473932051952	30839	Fbxw5
30840	664.8	720.6	-0.115283909205579	4.67711770051713	5.82836259663332	0.0238214700840963	0.0591607437449361	30840	Fbxl6
30841	1008	866.8	0.219749266187457	4.43574389072914	16.3600180390624	0.000476011003634382	0.0025110449074932	30841	Kdm2b
30843	286.4	297	-0.0598104792352084	3.16031550867565	0.596485925475415	0.447516388430508	0.578258705379453	30843	Fbxl12
30853	14352.8	14034.4	0.0321763112111818	8.66795418929249	1.40553805285603	0.247489178085812	0.370733607633156	30853	Mlf2
30877	1009.8	1082	-0.0992321306209828	4.78265469080178	3.83593394314144	0.0619722149359691	0.12649998512703	30877	Gnl3
30878	1130.8	1056.4	0.104574932920052	4.77335235491147	1.55248073007564	0.230658176684166	0.351273130944362	NA	NA
30926	1390.2	1349.8	0.0429550524529877	4.75822590857202	0.89243669802318	0.354300841251355	0.487627533750436	30926	Glrx3
30928	10500.4	10086	0.0585577391534466	8.53756381376389	3.20246153648381	0.0862488051427031	0.163730001251987	30928	Zbtb18
30930	3040.4	2981	0.0277856279182567	6.09192547817679	0.566100634899069	0.459182621500221	0.589224574854776	30930	Vps26a
30931	1198.4	1145.8	0.0656766960100301	4.82916905918427	2.33666539758599	0.13952949560918	0.239235982151255	30931	Tor1a
30932	2249.2	2384.2	-0.0807888833265478	4.30542860981874	2.12864541582331	0.15762826375512	0.262599227322843	30932	Zfp330
30933	576.2	611.4	-0.0849930215676035	4.34825755517313	3.8136180113677	0.0626819468757191	0.12748005155823	30933	Tor2a
30934	1606.2	1398.6	0.20297399449716	4.74471711704753	14.2054149741178	0.000951602672458684	0.00438878909627244	30934	Tor1b
30935	80.2	90	-0.169933892296907	2.75501299728731	3.95168035763861	0.058434279664983	0.120573075013943	30935	Tor3a
30937	92.8	117.4	-0.35511949157573	2.52420003115534	15.8033492065138	0.000566993411428168	0.00287858193494301	30937	Lmcd1
30938	185.4	191.8	-0.0628698810981731	2.7454119566482	0.56448107158249	0.459818254304708	0.589910296213937	30938	Fgd3
30939	716	739.6	-0.05129109886145	4.58553546134966	1.07148039341008	0.311004692035412	0.441144437554451	30939	Pttg1
30940	1127.4	919.4	0.296540982757888	5.34376147352185	32.983897664167	7.21616691477919e-06	8.13591861046946e-05	30940	Usp25
30941	916.8	881.2	0.0569295992423559	5.37004203385079	2.04334287903323	0.165856277110414	0.272697830662488	30941	Usp21
30944	2478.2	2579	-0.0559962613909081	5.31730322092653	1.91712225092391	0.179006156975204	0.288735073420332	30944	Zfp354c
30945	1070	870.4	0.298258008222721	5.42871238521226	63.7716337794093	3.43444196185084e-08	1.10559964624927e-06	30945	Rnf19a
30946	419.4	379.6	0.145781818525077	3.71113568600831	5.27382294267436	0.0307505804845375	0.0726612539355084	30946	Abt1
30947	214.2	184	0.220882843203226	3.13099496078971	9.6616566170403	0.00481755348088537	0.0163380849396333	30947	Adat1
30948	5837.2	5903.2	-0.0169261069924695	8.00264081807829	0.305336199317779	0.585703913160292	0.699534321667399	30948	Bin1
30949	2112.2	2076.8	0.0248030763756735	5.84842593508792	0.436044794124264	0.515372099570653	0.638757359560471	30949	Lcmt1
30951	171.4	176.4	-0.0520648383804311	2.69814668423994	0.399505418312982	0.53336399692835	0.655046580984143	30951	Cbx8
30953	264.6	192	0.457747715848971	3.88582690344432	22.3302620704284	0.000178775060641651	0.00112104760369389	30953	Schip1
30954	176.8	163.8	0.118215716582914	1.75541945719714	1.11727955121265	0.301105923642079	0.429972833464	30954	Siva1
30955	63.4	55.2	0.190020211524167	1.95252353363814	3.91095840240036	0.0596521965347439	0.12256046179292	30955	Pik3cg
30956	448.8	285.8	0.675335799917957	2.26691553536793	44.6082649849073	6.83240291844872e-07	1.1984897061075e-05	30956	Aass
30957	23006.4	21484.2	0.0989086088214767	9.20597337877461	11.3482880500483	0.00256363927636324	0.00969768178501814	30957	Mapk8ip3
30959	4169	4396.8	-0.0789231306632165	5.39652547407009	4.68431204119069	0.0406867890791811	0.0908101990967392	30959	Ddx25
30960	8742	8918	-0.0293416129193831	6.88449679169783	0.732980088405036	0.400448286423341	0.533561903757648	30960	Vapa
30963	303.6	286.6	0.0925731988494795	2.1788573157708	0.921812057718061	0.346643210763134	0.479416416454917	30963	Hacd1
317717	570	585	-0.0391300083139466	3.97232450734923	0.36663206221807	0.550571075074848	0.669692360441963	317717	Sec22a
317750	151.2	204	-0.42509909443792	2.54421078968006	18.2747655586219	0.000266053478469662	0.00155626749405119	317750	Slc24a5
319162	1255.4	980.6	0.361976278944593	4.88387085460834	56.0084055834195	1.05480042543088e-07	2.70320662219468e-06	319162	Hist3h2a
319179	51.4	26.8	0.924078809510974	0.555729975185519	32.5796281753188	7.20937820831256e-06	8.13460988469553e-05	319179	Hist1h2be
319190	105.2	92	0.188634403193317	2.17829514547405	3.7847485672728	0.0636138481728557	0.128904326579343	319190	Hist2h2be
319195	173.2	192.6	-0.175501501205062	2.00491069065888	2.60424414918121	0.11974666600341	0.21136651631229	319195	Rpl17
319196	175.4	378.6	-1.21734868377421	-0.0368565857778455	52.9973199554927	1.68013316712338e-07	3.90453657098114e-06	319196	Ankef1
319197	44	34.8	0.321083734898019	2.36643709607168	8.87768080107225	0.00654654629923863	0.0208376525455175	319197	Gpr4
319207	289	306.4	-0.0907087469743375	1.7842420584111	0.799319297397341	0.380240331791503	0.513548285901176	319207	Pgbd1
319211	6808.4	6513	0.0630716102622649	7.40779574638519	2.8228545545138	0.105998540848404	0.19247523987724	319211	Nol4
319236	57.8	69.2	-0.254456738728414	1.2539708966491	3.91753995571827	0.059453418868231	0.122273721730423	319236	Trim12c
319239	246.6	291	-0.240818524823625	2.11946418456616	4.14693970176597	0.0529722183654426	0.112094506171411	319239	Npsr1
319262	202.4	238.4	-0.240652675253845	3.5297423798023	15.3092727748753	0.000663748176000238	0.00327657654914872	319262	Fchsd1
319263	5795.6	5687.6	0.0293734483015678	6.69173319002841	0.812053007831076	0.376533944670649	0.510067632265188	319263	Pcmtd1
319266	413.6	454	-0.135595066112392	1.85377613219714	1.68060211916231	0.207261965755783	0.322993472025238	319266	A130010J15Rik
319277	2260	2106.6	0.104834455664229	5.4658712171591	6.79533612272633	0.0155165590844055	0.0419364893429314	319277	Washc4
319278	1028	1102	-0.100544780514234	5.91055197882521	9.74048891894062	0.00467357857685103	0.015905793442384	319278	A230050P20Rik
319317	60870.8	61929.2	-0.0251828634996818	10.3544781940211	0.414850428923154	0.526312052370896	0.648829053845242	319317	Snhg11
319322	5387.8	5680	-0.0771963128664326	7.96934821555054	4.18056396444185	0.0521558533193451	0.110764135156893	319322	Sf3b2
319352	3591.4	3542.4	0.017673766642753	7.38024498618049	0.220860580262893	0.642658413087827	0.746043265823745	319352	Pianp
319358	161	146.6	0.118575401438001	2.05412062121505	1.15037860321551	0.294214693373518	0.42251159245115	NA	NA
319370	264.8	216.6	0.29932459826293	2.5314218414607	7.59976182306743	0.0111638585945076	0.0321503112422819	319370	Ubald2
319371	101	116.8	-0.213750374917816	2.14030305557574	3.5277686609194	0.0726418727739141	0.142891348540304	NA	NA
319387	1823	1844.2	-0.01503921846505	6.28499668423303	0.0955573963367006	0.760212794855339	0.83878746082741	319387	Adgrl3
319405	23.2	18.2	0.327609050821609	0.146377706195245	2.13167470325772	0.157801080505686	0.262741253038726	NA	NA
319415	113.8	179.4	-0.683344762701586	2.64572798608968	68.6116024584477	1.79407155602416e-08	6.64899746441434e-07	319415	Hs3st5
319448	1925.2	1697.4	0.182363530614555	6.04435075010256	25.6443852365113	3.60749838236339e-05	0.000302276994890901	319448	Fndc3a
319455	109.8	109.8	0.00283940288257503	2.84319186876118	0.000882666700604653	0.976546055463049	0.985271302922163	319455	Pld5
319463	932	732.8	0.353723465117701	5.20334019447186	42.4125673157434	1.22648275234682e-06	1.9082434555889e-05	NA	NA
319468	16959.4	13286	0.353000682707583	7.07785167845088	115.493292416461	1.28762519486943e-10	1.59071235612331e-08	319468	Ppm1h
319475	1300.8	1126.6	0.203486060368421	5.09393137505366	23.3669388004732	6.45187884208848e-05	0.000480111980127119	319475	Zfp672
319477	4700.4	4495.4	0.0655157573908512	7.22707373717448	4.15457040730066	0.0527708002548613	0.111807262809112	319477	6030419C18Rik
319478	1372.2	1485.6	-0.115367289035178	5.15943833287331	9.92591899377542	0.00435315875901172	0.0150635759403293	319478	Cxxc4
319480	75.6	31.8	1.24137052802129	1.97178418332729	104.207109798567	4.22992008316164e-10	3.68308824590472e-08	319480	Itga11
319481	786.2	760	0.0511778829007997	5.00679525679789	1.19952861541036	0.284365022963226	0.411522242125897	319481	Wdr59
319504	10029	10219.8	-0.0273862098653116	8.77127911357271	0.598259545551508	0.446850201262835	0.577811129813296	319504	Nrcam
319513	539.4	572.2	-0.0844559394426359	4.65266909486735	2.64462209885746	0.117057149911706	0.207346083924486	319513	Pced1a
319518	103.4	124	-0.240562565218302	3.87914693625273	8.83166771065907	0.00699004798813441	0.0219544010474782	319518	Pdpr
319520	337.2	157	1.1212897120738	2.90696861399303	46.842729995135	7.93689093520131e-06	8.76392830996178e-05	319520	Dusp4
319527	181.6	184.2	-0.0302200185689966	1.24832414853756	0.0499935664206276	0.824980667412851	0.884387282306985	NA	NA
319535	233.4	204	0.202613558081545	3.04353526806251	6.67558779929908	0.0163452326440025	0.0437102669077543	319535	Zfp182
319552	29.6	20	0.545506631744612	0.69359251806442	11.7920002500325	0.00218471185950261	0.00852302974824581	319552	Spx
319554	106.2	100.2	0.0622971492579076	2.49490336579534	0.392612146645358	0.536887939802638	0.658032585593771	319554	Idi1
319555	1309.8	1083.6	0.279541210969187	5.8334056113573	22.4693789888401	0.00015023037194931	0.000969388301855056	319555	Nwd1
319556	143.6	164.6	-0.173358398560926	0.801744019209211	1.23605950717358	0.277325768206298	0.403916430235171	NA	NA
319565	417.8	423.4	-0.0258163696076627	5.01888544406858	0.334610162860544	0.568385583037118	0.6848487176741	319565	Syne2
319582	180.2	203.6	-0.185974942522405	3.42719907230535	6.89684181360573	0.0148504135746049	0.0404995995862905	319582	6430573F11Rik
319583	911.2	803	0.182265402104001	3.91777349654953	8.22233044639056	0.0085210329551395	0.0259290548070708	319583	Lig4
319586	5741.4	5208.6	0.138504437097904	8.57126795016925	14.242170784968	0.000950564187679816	0.00438679909601662	319586	Celf5
319587	105.4	103	-0.0200013355739575	0.958521882579093	0.0126220971236253	0.911519332098363	0.944248579241005	NA	NA
319594	3919.2	3368.4	0.218778633441103	6.1877152893812	32.2151965943605	7.80446648836351e-06	8.66403676058419e-05	319594	Hif1an
319601	444.4	446.8	-0.0118148288637531	4.25652763356196	0.0544069976761864	0.817557372445278	0.879173741635596	319601	Zfp653
319604	24840.6	25208	-0.0200498372250663	8.46023678479304	0.527644221908823	0.474675847307958	0.602949705333441	319604	Fam168a
319613	4102.8	4217.6	-0.0378571806855066	6.39962358319733	1.57920259740475	0.221057806300418	0.33941635289039	319613	Sybu
319615	450.6	436.2	0.0445154178081497	2.91442046839225	0.303731683407195	0.586684335041473	0.700531629796733	319615	Zfp944
319616	19.8	33.6	-0.796784834387971	0.8151219246267	26.0471790563716	3.26466896598699e-05	0.000279546950440616	NA	NA
319618	91.4	96.2	-0.0775665406330789	3.09769033917387	1.51366692934844	0.230590668142641	0.351207325324946	319618	Dcp1b
319622	83.2	84.8	-0.0227020085859887	2.74794929660853	0.0524420195590038	0.820834180485753	0.881648008080632	319622	Itpripl2
319625	12.8	10	0.337754453082146	0.843600613660801	4.78869724971219	0.0386921284443027	0.0872855982650194	319625	Galm
319634	224.6	174.8	0.361049622251612	3.00732416816111	23.2572648585558	6.64003738284801e-05	0.00049218000170095	319634	Efcab5
319636	785.6	744.8	0.0774071116996791	4.93741156800176	2.27057533842931	0.144997065014564	0.24607110223324	319636	Fsd1l
319638	17.6	21	-0.257890620099856	1.05808684296221	3.03315363763533	0.0944786549329195	0.175526282570748	319638	Nt5dc1
319642	1641.2	1516.8	0.116165541565266	4.63055250702319	5.72912165493618	0.0249217749771891	0.0613870714928922	319642	Rab9b
319651	1067.8	972.4	0.140287939796991	4.85049961719527	11.4162059956745	0.00250125139939708	0.00951750514012726	319651	Usp37
319653	912.4	879.4	0.0576837595348224	3.43606188129455	0.816542879472542	0.375239655637006	0.50864803362818	319653	Slc25a40
319655	2666.6	2927.8	-0.137384531621389	6.36692152077475	16.8296421454802	0.000411564888516673	0.00223805827638073	319655	Podxl2
319660	171.2	161.8	0.0987038178850877	2.38972993884611	1.24469854575124	0.2756947634608	0.402270554316819	319660	Agmo
319670	1748.6	1596.2	0.130211312817438	6.29790424111032	12.6062095113501	0.00163884870783827	0.00679320883943055	319670	Eml5
319673	21.4	34	-0.675895687638924	-0.00188724556398274	12.9686513850332	0.00144544503525363	0.00612143643116201	NA	NA
319675	364.2	403.4	-0.150467096649494	4.63128010115372	9.70644907968767	0.00473516028167459	0.0160964267900575	319675	Cep295
319689	124	131.4	-0.0799598646491197	2.24633470913826	0.959581546346889	0.337135765166223	0.469004845978113	NA	NA
319710	1744.8	1463.6	0.256094174407666	5.4482710558741	35.4057528627264	3.96644079874337e-06	4.99078191481936e-05	319710	Frmd6
319713	924	1091.8	-0.241755156720416	5.43311009808163	31.6196710342746	8.89483476579158e-06	9.60881477613988e-05	319713	Ablim3
319719	757.4	832.6	-0.136036785391357	4.4022052583496	6.38033715577558	0.018605560316034	0.0482809279727029	319719	Simc1
319722	24	25.6	-0.107066976851034	1.59299445668036	0.978738532622283	0.332452454707715	0.463872165259062	NA	NA
319734	4.6	5.6	-0.255197435899912	1.33983222071667	2.66449291115439	0.116067165057163	0.206010077023063	319734	Cacna2d4
319740	3450.6	3357.6	0.0387670598083889	6.35165364069546	1.0451155719149	0.316904069479262	0.44740490527967	319740	Zfyve27
319742	27.8	21.2	0.38383331176421	0.805829723106919	6.87022680572072	0.0150219671655408	0.0408518369540408	319742	Mpzl3
319748	341	344	-0.0167640313617627	4.7400235491089	0.143245982419008	0.708426876392553	0.79982507097779	319748	Zfp865
319752	565.2	591.8	-0.0730208414178622	4.2501386324208	1.64695488771585	0.211717359625568	0.328872941002467	NA	NA
319757	156.4	150.2	0.0543242055004114	3.02347428449484	0.444368913741498	0.511425912559911	0.635623178932772	319757	Smo
319758	1508.6	1491.2	0.0155043940305417	5.62258199408117	0.154929318697175	0.697369169182317	0.791137169038666	319758	Rfx7
319760	19.8	25.2	-0.380768893468124	0.968350671152322	8.11231496777523	0.00891265098238075	0.0269167273922548	NA	NA
319765	82.4	71	0.184062668206834	0.647302683687955	1.42482522512647	0.244361866434583	0.367228781185846	319765	Igf2bp2
319767	1.8	3	-0.54007905194933	0.631192511655901	11.258248078348	0.00264898467381719	0.00996834794984475	319767	Atp10b
319783	110.8	107	0.0514608850138543	0.677609716168708	0.120494499834564	0.731546468314899	0.817897018334124	NA	NA
319786	54.2	55.2	0.0264151115154154	0.404508721632315	0.020053982971862	0.888577111751366	0.929341068976428	NA	NA
319801	1029	1011.6	0.0219269894086324	5.36748010372479	0.225244325796202	0.639394274403318	0.743926977559813	319801	Tigar
319804	1240.8	1328.8	-0.0995070009901345	4.18661871486244	4.83510796258835	0.0378406868089128	0.0857690586695978	319804	Glt1d1
319807	2685.2	3091.6	-0.202204327451941	6.36565326295801	13.5176345943391	0.00164717688324691	0.00681795380024365	319807	Nwd2
319817	5145.6	4409.2	0.225082240949673	6.22619325558917	20.6561461666904	0.000175788009921946	0.00110663758510967	319817	Rc3h2
319818	61.8	82.6	-0.467928160456448	0.469780494934763	8.96562954736748	0.00632225718437436	0.0202485941375907	NA	NA
319822	1022.6	1130.6	-0.136692021968644	3.55756280978156	4.37189535053688	0.0473817613704622	0.102462998118	319822	Smyd4
319830	329.6	297.6	0.145397553607781	4.18840644476184	7.50998997425292	0.0114403548780961	0.0328158145282797	NA	NA
319832	2054.2	2218	-0.104167230193573	5.37141356081968	3.9286526563596	0.0595397880818799	0.122399103532284	319832	Tmem229a
319845	352	353.4	-0.00754478699593517	4.26645849929769	0.0269639018462963	0.870953474587588	0.916412719057218	319845	Bbs9
319876	201.4	290.2	-0.516009281615036	3.27175787166413	33.4102114146551	6.82108432053102e-06	7.78767399438826e-05	319876	Cobll1
319880	463	423.2	0.126504636913022	4.82112455176826	9.03807486710934	0.00614383427958051	0.0197999956916514	319880	Tmcc3
319885	2171.6	2060.2	0.0758255303389037	5.3598869834824	2.95587485026507	0.0985344543243366	0.181495230550173	319885	Zcchc7
319888	57.6	105.6	-0.872382197839759	0.621985074579367	36.8994579323357	2.92685229055585e-06	3.88830174703072e-05	319888	Oacyl
319893	375	390.4	-0.0511359652003719	3.20439554174542	0.247990707906393	0.623897754773237	0.731056008137361	NA	NA
319899	518.4	600.2	-0.207147178202268	4.73966980013038	12.6644443293166	0.00161609481594407	0.00672202430781458	319899	Dock6
319901	918.4	939.2	-0.0346410801904659	4.5764645607944	0.338726738591368	0.566032433299853	0.683038302798136	319901	Dsel
319903	2.2	1.6	0.228624289141966	0.67664934669447	0.668285728320213	0.425843070603403	0.558491583567878	NA	NA
319909	913.6	832.6	0.130734067199438	3.16622381887079	3.6162769301004	0.0693769925343198	0.137800611528248	319909	Ism1
319922	359.4	356.4	0.0182491505171598	2.51319753691339	0.0482626925618414	0.827985826440096	0.886358740575518	319922	Vwc2
319924	11502.6	11874.4	-0.0458233299857956	8.08975373569788	2.12778967613364	0.157708332020381	0.262647336216452	319924	Apba1
319934	2043	1994.4	0.0375533640450143	6.15851273781495	0.834845194283034	0.370030059648125	0.50380694067012	319934	Sbf2
319939	1653.8	1236.2	0.421861723187403	6.07091987890827	68.5008158529844	5.04664783625265e-08	1.49782849743728e-06	319939	Tns3
319940	251.2	337.6	-0.42335886552884	2.58837671156585	23.7911668460051	5.7767792843903e-05	0.000441319068586561	NA	NA
319944	1760.2	1669.2	0.0782918543514239	5.56226624195581	4.02383409882597	0.0563448550002135	0.117485362690866	319944	Taf2
319945	890.6	937.8	-0.0749241750252543	4.95415043876582	3.08231581731445	0.0919990197454646	0.172069595160578	319945	Flad1
319951	2.4	3.4	-0.414139906082495	0.0960129207490138	4.73812619569357	0.0396444337966418	0.0890060028109133	NA	NA
319953	1394.2	1532	-0.136240104407148	5.17829899779149	9.88422347518552	0.00442305211201245	0.0152470296272425	319953	Ttll1
319955	373.4	333.8	0.165812894179358	5.41253637716416	10.2026378697441	0.0040227920846179	0.0141301182967356	319955	Ercc6
319965	1556	1859	-0.257197613861493	5.40333283576483	28.7718564508339	1.69772221809691e-05	0.000163483523919872	319965	Cc2d1b
319974	1186.2	959.4	0.307104333376604	6.20740038343993	47.7777240225876	4.34769629540108e-07	8.3370707007091e-06	NA	NA
319982	16	30.2	-0.943424375529477	0.14544109976465	29.1592509058212	1.5515077101951e-05	0.000151934230644715	NA	NA
319984	10436.6	10089.4	0.0489298216705906	8.66175903442262	3.2387827531623	0.0845927569431793	0.161178975594083	319984	Jph4
319991	46.2	46.4	0.00952077353948745	0.826767971977384	0.00486183070655136	0.944993062170617	0.965227172681372	319991	Kif6
319996	3444.4	3213.4	0.0974857902936025	6.88251178873356	6.05864513413094	0.021470338767969	0.0542823642736092	319996	Casc4
319998	1804	1521.8	0.245655511393203	6.04245213945281	26.6853284579725	3.30886984710085e-05	0.000282829123418071	319998	Tmem198
320007	4776.6	4473	0.0953048922997067	6.58928070589404	9.58822956495248	0.00495603806941487	0.0166941445479661	320007	Sidt1
320011	2938	2652.8	0.150893808009551	6.458142027878	17.7527064567051	0.000310869548396813	0.00177111093911216	320011	Uggt1
320020	11.2	15	-0.442420914733637	0.610669292953238	5.37651684463482	0.0293346223353952	0.069921278238094	NA	NA
320022	21.2	27.8	-0.390226393704687	0.703327563316508	4.70975320086202	0.0401902217395899	0.089993720375528	320022	Terb1
320024	6079.4	5925.4	0.0363397458317621	6.69972056756771	1.6142080415883	0.216168873210856	0.333672030477329	320024	Nceh1
320026	174.8	176.6	0.00070212759339958	1.44570994743964	2.4305455661115e-05	0.996107450541262	0.99665908141516	NA	NA
320027	1419.8	1175.6	0.270637461150705	4.75829678291906	30.0718095014034	1.25832650079394e-05	0.000128900434035972	320027	Fstl4
320038	440.6	432.8	0.0183803537758955	3.60862866156443	0.0530899637877992	0.819786526850516	0.88085001926088	NA	NA
320046	142.4	143.2	-0.00815400006699961	2.38134364248494	0.00761957152592811	0.931170430961286	0.957264396096332	NA	NA
320051	322.8	355.2	-0.144049034199664	4.95164868012991	8.06997118646106	0.00906862188516929	0.0272737954074567	320051	Exph5
320064	214.4	238.2	-0.16144119117601	2.15082278517642	2.90151197402717	0.101508624204245	0.185886944665926	NA	NA
320078	197	134.4	0.544379048364654	2.9556979977989	41.9498908600095	1.10602925863611e-06	1.75483500596338e-05	320078	Olfml2b
320080	408.4	390.6	0.071528977141027	3.39642151054208	1.13973562039762	0.296407282823486	0.424681534372769	320080	Zbtb39
320091	1083.4	1084.4	-0.0072012884333384	4.43717581577025	0.0241183012441571	0.877892588765767	0.9216752000153	320091	Ano4
320092	37.4	43.8	-0.21754468525069	0.881068873878293	1.544091566045	0.226269420671912	0.345645551299072	NA	NA
320100	596.8	652.2	-0.134024469241081	3.97332641957083	3.7681419104872	0.0641570388600024	0.129695921633912	320100	Relt
320106	89.2	81.2	0.13422401052713	0.719405383841235	0.739823363085407	0.39829070957211	0.531520073507089	320106	Slc38a11
320111	105	123.2	-0.229550650418424	4.51872643436737	15.8879986911643	0.000552014646724109	0.00282136481745059	320111	Prr18
320116	86.2	59.8	0.514424292926997	2.34431269087341	15.5261267735034	0.000765424511445928	0.00367434270622366	320116	Fndc9
320119	2573	2551.4	0.0115924639893234	5.94052249691922	0.102304385029391	0.751869746004317	0.832724609441325	320119	Rps6kc1
320127	7.8	7.8	-0.0429598786804952	3.8419494942232	0.0876959117815766	0.771769415185466	0.847656164672548	320127	Dgki
320129	4782.8	4598.8	0.0570050178367399	7.38344696985524	3.45929075930516	0.0752885604784886	0.146918598748983	320129	Grk3
320145	82.8	82.2	0.0246178933526539	0.940862152541907	0.0232079828604883	0.880200293356767	0.923185185413157	320145	Sp8
320150	4137.6	4026.6	0.0387886895612427	7.18271671790295	1.7506597090157	0.198353022090128	0.31284983844184	320150	Zdhhc17
320152	57.2	66.4	-0.186709015998215	0.636400576621012	1.48975939928345	0.234197313278501	0.35546445092171	NA	NA
320155	289.6	355.6	-0.300461473838823	4.21927277673172	6.38350315952778	0.0245545125980177	0.0606581652865747	NA	NA
320158	2534.8	3317.4	-0.393156275547266	5.90933648222027	86.8972988785697	2.03746881716539e-09	1.20694976570937e-07	320158	Zmat4
320159	16.6	10.6	0.595653714989147	1.03908388003014	18.2178472485142	0.000270579781087908	0.00157954772045421	320159	Togaram2
320162	328.6	299.4	0.133315738645179	3.96808480013594	6.74652004602166	0.0158486285439714	0.0426505449589578	320162	Cep95
320165	10962	10213	0.102483405788475	8.02293888979086	14.1128382020904	0.000981318312452656	0.00450142014858479	320165	Tacc1
320172	5.2	4.4	0.151597197202998	0.432369126409038	0.895408000765512	0.353515437237391	0.486807370109507	NA	NA
320174	74.8	122.4	-0.710541300221866	2.19197867882532	66.9802671696751	2.22423382127381e-08	7.93804337103497e-07	NA	NA
320183	621.8	566.2	0.135233651802301	3.59153050132311	4.66532830015764	0.0410618056436678	0.0914354242448889	320183	Msrb3
320184	6669.2	4960.6	0.42800608844427	6.69267869270786	99.7245829007296	7.0184991663287e-10	5.51333624728886e-08	320184	Lrrc58
320191	1447.2	1292.4	0.164561315356261	6.10556405537637	18.8212112314126	0.0002265575324515	0.00136501149397832	320191	Hook3
320203	299.6	373.4	-0.321012443945559	1.91973009032812	11.7483851548208	0.00221909869756227	0.00864291026634266	NA	NA
320204	143	167.8	-0.23468792585272	1.20933061930806	4.14618709918204	0.0529921308888171	0.112094506171411	320204	Etfbkmt
320206	195	179.2	0.131713811872171	1.19413434915423	0.964246872231099	0.335986810154453	0.467721598186695	NA	NA
320207	60.6	57.2	0.10487805446803	2.04789731635238	0.799091059659924	0.380307250823998	0.513590675830147	320207	Pik3r5
320208	1053	979.4	0.115540386380465	3.88047792346827	2.87564726664349	0.102960183094541	0.188122466291307	320208	Tmem91
320209	4.8	4.2	0.123536504588721	1.1674209009194	0.998910642385382	0.327618057647918	0.458952713821319	320209	Ddx11
320210	986.8	941.6	0.0818181064110562	1.85652390495369	0.490588803012734	0.490449089707403	0.6164108623602	NA	NA
320213	1805	1680.6	0.10177849360248	6.16067295721789	9.92418798070134	0.0043560362280812	0.0150663191291423	320213	Senp5
320214	98.8	74.6	0.39275322051221	0.813811435624776	7.57883828401582	0.0111148969083122	0.0320604110781771	320214	Maats1
320225	146.6	153.8	-0.0802281847029625	1.33399246455773	0.390192568337995	0.53813515936677	0.659114108421938	320225	Catsperg1
320226	62.8	59.8	0.083992223368108	2.39838285840467	0.886709203045374	0.355821806936725	0.489022382567597	320226	Ccdc171
320234	467.8	495.2	-0.0848966830188296	4.08915289670546	2.18578683499654	0.152390471545875	0.256003239856355	320234	Ccdc66
320237	1352	1520.2	-0.168874760724254	4.50013842739799	11.8636001863811	0.00212951678354744	0.00836641358776697	320237	Smim10l2a
320244	1135.2	1024.4	0.145754923369727	5.40485131431844	9.7338584946601	0.00468550455821676	0.0159426277976613	320244	Ttll5
320247	95	64.8	0.53277471000346	4.37677902488121	28.9359707320096	7.50910829486523e-05	0.000542412050444688	NA	NA
320253	3.2	2.6	0.259739280416784	0.273984878284448	1.39753427945439	0.249078569743258	0.372612466059723	320253	March3
320256	139.2	123.6	0.181819351051096	2.13765162477044	1.62443747657619	0.217084453112372	0.334799262194433	320256	Dlec1
320265	6248.2	5561.6	0.163434841325367	5.36885276486206	6.73213370152982	0.0177111443174673	0.0465618188367903	320265	Fam19a1
320267	886.4	915.6	-0.0488867397606547	5.59528212057087	1.34526420028456	0.257599989764227	0.382078014576925	320267	Fubp3
320268	6067.2	6590.8	-0.118909572541633	7.20036749742398	10.4206620725155	0.0036100527302932	0.0129255694103625	NA	NA
320271	839.2	730.2	0.200769136156626	5.87886403157059	2.81352525081931	0.120355051551873	0.212315042850678	320271	Scai
320292	4196.6	7003	-0.740429855435032	6.2565913022522	173.189533165648	7.26287633521697e-11	1.04977614549226e-08	320292	Rasgef1b
320295	164.8	239.6	-0.553187235462134	1.30773447598056	21.3801512338937	0.000109852248117051	0.000745448072433738	NA	NA
320297	250.2	324.8	-0.379309492237663	2.89838162065944	21.9034150824646	9.52567321487063e-05	0.000663218114873507	NA	NA
320299	1290.6	1486.8	-0.206650002944678	4.65457087656037	13.30309607216	0.00128891756258818	0.00559627949824259	320299	Iqcb1
320301	206.4	270.8	-0.389303053639636	3.16507389159897	28.1276176457457	1.97509030720931e-05	0.000185015912510716	NA	NA
320311	1832.2	1853.4	-0.0164289824565967	4.43439070803553	0.126403581328909	0.725319101313991	0.812631756483406	320311	Rnf152
320312	29.6	35	-0.251601660170408	1.1200449648563	4.45835874508129	0.0454125067991354	0.0990856306508558	NA	NA
320315	139.8	124.4	0.124116615510395	0.304087262487413	0.511939618670492	0.481254544067951	0.608898212531352	NA	NA
320343	1837.4	2295	-0.32486635061238	5.04565829169664	49.7904408604713	2.81697584118315e-07	5.93535988461534e-06	320343	Lypd6
320351	468.8	451	0.0590973212893712	3.31255200663821	0.922170099570204	0.346551324934628	0.479416416454917	320351	Tmem251
320354	331.8	389	-0.226587445901809	4.23552861448042	13.2469255825955	0.00131385968282519	0.00568408496125571	NA	NA
320360	3300.6	3375.8	-0.0331022323503748	6.41672631591824	1.24571979637527	0.275502791424917	0.402071622299652	320360	Ric3
320365	12084.8	11732	0.0438776503426976	7.80760075463851	1.39415205085148	0.249359482057236	0.372878331642385	320365	Fry
320376	721.4	797.6	-0.148039127032752	4.89761362581377	7.01474230908758	0.0141742814319671	0.0390163899862223	320376	Bcorl1
320394	473.4	517	-0.1239474437739	4.05464728853258	3.29845136706144	0.0819509184802048	0.157285695885391	320394	Cenpt
320398	31.4	32.4	-0.0716138769641553	0.893560870461641	0.267089511792535	0.610055552906631	0.72034498502675	320398	Lrig3
320400	530.8	651.8	-0.314491154012514	1.88450553003438	6.33092052851973	0.0190166691296227	0.0491448123725311	NA	NA
320404	948.4	840.6	0.179091727725482	4.67450306390485	11.8746145034708	0.00212116207514982	0.00834720300414253	320404	Itpkb
320405	4444.8	4787.4	-0.10835072472256	6.53945214945854	6.70137853629374	0.0161627054176125	0.0433589881255977	320405	Cadps2
320429	8804.8	8872.2	-0.011372590626071	9.29773186822493	0.0390719466814441	0.845952621410715	0.898783855479822	320429	Trank1
320435	67.8	67.4	0.00916622664427101	0.825999545048021	0.00401790794732838	0.949987202595327	0.968617030637194	320435	Rinl
320438	431.2	501.2	-0.20926090355477	3.21131838380875	6.42870620038764	0.0182126795774458	0.0474500721171923	320438	Alg6
320452	159.8	113	0.500725338478089	1.59481132545923	16.0817212169927	0.000519331593417257	0.00268387652897777	320452	P4ha3
320456	99.4	96.8	0.0673513833249419	0.960939202560366	0.147454119046274	0.704521391275422	0.797182903313729	NA	NA
320460	216.4	211	0.0316346109278674	2.69467190545874	0.118783375082963	0.733381740693276	0.81918853786558	320460	Vwc2l
320466	123.8	122.6	0.0100166216832346	2.29999029854322	0.0104000757625138	0.919625436154484	0.949311959304165	NA	NA
320469	70.4	91.8	-0.423003655745937	0.931098787138163	7.27825546001637	0.0126154199451212	0.0355029750558376	NA	NA
320472	12861.8	10768.8	0.25557109070283	8.32574543453671	75.6484772060642	7.4049695620002e-09	3.26315335515704e-07	320472	Ppm1e
320473	1422.8	1305.4	0.126294551456753	6.01333006835338	7.19713301914039	0.0133121693627707	0.0371599258342001	320473	Heatr5b
320478	175.6	218	-0.309319860345828	3.37233762560283	16.0844620000128	0.000518884585511159	0.0026833480497239	NA	NA
320484	18.2	14	0.370305868561468	1.6094364802551	11.8733879766144	0.0021220906605914	0.00834858421562006	320484	Rasal3
320487	185	159.2	0.228920797622749	3.65310999535758	12.1106010466164	0.00195049144843315	0.00780736732086757	320487	Heatr5a
320489	74	99.8	-0.431591598381805	1.24172106689806	11.1523201431414	0.00275338766777128	0.0102809262076895	NA	NA
320492	2535	2437.2	0.0554980535666074	6.14432663447422	2.05736631023553	0.164468671947444	0.271032970508306	320492	A830018L16Rik
320495	11049.2	10463.8	0.0799050772429193	7.06516540631636	5.51269082121261	0.0275229418331873	0.066374345284855	320495	Ipcef1
320500	198.8	160.4	0.323626656849751	3.61237614636089	14.7584701176503	0.00089308427884867	0.00417620193027456	320500	Tmem215
320506	94.6	125.6	-0.429779223955768	4.04392101762852	33.7147209192165	5.95839467702735e-06	6.9678508626014e-05	320506	Lmbrd2
320508	111	112.4	-0.0253843980206065	3.46447440867619	0.157079908677523	0.695386898105313	0.79012044848787	320508	Cachd1
320522	19.8	28	-0.478108843629824	0.733026836264848	6.43030670345863	0.0181998373740905	0.0474410188286933	320522	Bhlha9
320528	230.2	220.4	0.0563689934529405	5.49646948580217	1.84581959811965	0.186996146676783	0.298722624233667	320528	Vps13c
320534	944	886.4	0.0900684438628891	4.38733877727837	3.54116907285967	0.0721364737723961	0.142168065435808	320534	Tmem104
320538	613.8	548.6	0.161911144516876	5.82016254499931	12.8053938697511	0.00152928993688836	0.0064200861887262	320538	Ubn2
320541	2981.4	2757.8	0.11317116311996	5.29783830476906	7.59997334901643	0.0110170448791522	0.0318289759510826	320541	Slc35e2
320554	99.4	101	-0.00799557984894185	2.89834495459359	0.00722692698626232	0.932962750644453	0.958563517127664	320554	Tcp11l1
320557	2780.6	2879.8	-0.0512325592149033	6.20093148898432	2.43602771272916	0.131762848265709	0.22843951167477	320557	Fam169a
320558	8.8	7.8	0.187994773935422	1.23893229382868	2.09296595156011	0.161008550392204	0.266913360175354	320558	Sycp2
320560	1234.6	1184	0.0574403730688015	6.33366540792236	2.74498295311962	0.110672991265926	0.198833091869549	320560	Dennd5b
320563	2687.2	1549.8	0.793954030021641	6.74514584038838	430.494347999842	9.29265122166833e-17	4.4771993585998e-13	320563	Islr2
320587	134.2	180.8	-0.437323401803591	3.96533794270376	60.5731677373314	5.3836302490855e-08	1.55941866974513e-06	320587	Tmem88b
320593	27.4	34.6	-0.309019746506698	0.777077438391106	4.04442939986273	0.05576407439879	0.11661081182872	NA	NA
320595	1059.8	917.6	0.207868715402061	5.29601612173883	23.3372178362594	6.50228967734312e-05	0.000482960405942022	320595	Phf8
320606	34.2	29.8	0.182765273183287	0.192051733730395	0.820716392122641	0.374042365812695	0.507453384217823	NA	NA
320609	429	451.6	-0.0742469547294807	5.45592474640339	0.655921580624639	0.43214940894206	0.56435557976586	320609	Strip2
320615	1311.4	1313.6	-0.00472545278158216	5.6370830227116	0.0169537986695023	0.897496024189755	0.93551588898215	320615	Dopey1
320632	3830.6	3700.8	0.0491424622755797	7.32715328978077	1.7103033236493	0.203425625825553	0.318880556199721	320632	Snrnp200
320633	274.8	240.8	0.182474547127318	3.10222182796957	5.92926812833894	0.0227577728945464	0.0570285799961466	320633	Zbtb26
320634	4357.4	4428.2	-0.0232484366771872	6.63692057051179	0.592069471317519	0.449182183393172	0.579789183672523	320634	Ocrl
320655	211	209	0.0169315309882297	3.39764592655085	0.0636802193255502	0.802935424966279	0.86923875062962	320655	Pgap3
320661	4108.2	4014	0.0337649669625346	7.24435861770922	1.44717314844768	0.240801238372338	0.36323743471444	320661	D5Ertd579e
320664	2.6	3	-0.192693810359851	0.315281601853387	1.09684882678728	0.30546827565255	0.43506446924313	320664	Cass4
320678	1105	1157.8	-0.0667909101217515	6.01803637586507	3.82732620501893	0.0622448869067453	0.126931053801845	320678	Iffo1
320679	2.4	2	0.0268480249030366	1.84135886994058	0.0284628824345765	0.867645818291194	0.91419686962975	320679	Samd12
320683	1789.6	1813.6	-0.0189645277415928	5.29019794795572	0.232658976026614	0.633961346477688	0.739406474236501	320683	Zfp629
320685	205.6	242.4	-0.251186117781018	2.80823291201092	8.21106088963931	0.00856026547194496	0.0260319960301899	320685	Dctd
320700	133	201.2	-0.646162682263419	1.2343532365075	18.4839454524954	0.000250113232367601	0.00148039994293255	320700	A930033H14Rik
320705	9508.6	10614.6	-0.159135061071679	7.26335653501224	18.1562662621673	0.000275571414224163	0.00160092814356755	320705	Bend6
320706	1076.4	1024.6	0.0712906808314188	5.67143954689653	2.64243479131482	0.117201016390108	0.207524622185791	320706	Soga1
320707	4081.2	3865.2	0.0770677793509232	7.08398293245931	2.8498724538187	0.106140586060593	0.192660558950121	320707	Atp2b3
320709	291.2	270.4	0.104176428853675	2.80124385041784	1.18837932912586	0.286560430257463	0.414028834360393	320709	Tmem117
320712	1464.8	3542.4	-1.30876457579322	3.83397216088115	22.4985676081341	0.000573083296102729	0.00290439900486285	320712	Abi3bp
320713	559.8	590.2	-0.0764571995402269	4.94117970286526	2.45642473912104	0.130232472024747	0.226302013782844	320713	Mysm1
320714	4037.8	3788.6	0.0932675062518856	6.51671507018109	7.09080238897879	0.013663619409377	0.0379860431581871	320714	Trappc11
320717	2552.4	2207	0.21047155784751	5.85156037672953	32.0797332477082	8.03908524524997e-06	8.85919322227518e-05	320717	Pptc7
320720	1219	1275.2	-0.0717276178396718	3.65520241776277	1.54730072154902	0.225634884526768	0.344893080615481	320720	Fastkd1
320722	247.8	273	-0.132566600361226	2.4725981071092	2.47473207334168	0.128876736251827	0.224478600065261	320722	Akain1
320727	2830.8	2452.8	0.208470451928595	5.77110094080841	35.9119076870949	3.57510019762602e-06	4.58107254046866e-05	320727	Ipo8
320736	62.8	64	-0.0234356300482662	1.80072024052696	0.0297007504555186	0.864674672078501	0.912196752808018	320736	Vstm4
320742	105.4	110.8	-0.0570758544183326	2.11470812847277	0.488774372861563	0.550264895546782	0.669376266641406	NA	NA
320749	1.2	1.8	-0.383634877119722	1.3159126674942	3.37807440854315	0.0824894486959642	0.15806741236265	NA	NA
320770	201.4	173.2	0.215584326235294	2.50732683883925	7.38162975887853	0.0120755550627527	0.0342907805259385	NA	NA
320772	706.8	723.4	-0.0347346064809501	4.96917448890657	0.530565503837034	0.473468725587315	0.601945374231599	320772	Mdga2
320790	102.2	110	-0.108272609009289	3.70292354480498	3.87102980032885	0.0608744156544919	0.124654782347515	320790	Chd7
320795	1316	1367.2	-0.0546112537945852	5.66906665167094	1.59673375377732	0.21859222478254	0.33651610224495	320795	Pkn1
320799	412.6	341	0.285411271287023	5.20710207442163	14.6068092736348	0.00140917981095502	0.00599603073868502	320799	Zhx3
320802	174.2	164	0.0925450985717799	3.25910428241776	1.94489712166257	0.176006895793909	0.284723410386699	320802	Ifitm10
320806	786.6	740.6	0.0878955742166985	5.12738584323412	4.96915353764055	0.0354970579869466	0.081552543859634	320806	Gfm2
320808	5019.4	5172.2	-0.0434938515072748	7.03200189152816	2.41972469328112	0.133001358358418	0.230205579223138	320808	Dcaf5
320816	674	754.8	-0.166047486066759	4.53022584343578	12.6716891583191	0.00160191542736101	0.00667264714324958	320816	Ankrd16
320817	407	381	0.095694921295965	4.33497835040502	2.34755488616136	0.138652319374193	0.237986061540742	320817	Atad2b
320825	140.8	190.4	-0.429258910488464	2.02602539235839	23.36699668993	6.4517810689343e-05	0.000480111980127119	320825	Samd5
320827	2190	2161.6	0.0177790269716909	6.00725118587129	0.138983415538198	0.712771966927085	0.803306511498174	320827	C530008M17Rik
320840	9439.6	10083.2	-0.0949018308025855	7.97262709896688	10.2229101479934	0.00388895598343612	0.0137468744887712	320840	Negr1
320844	275	242.8	0.18393257269783	2.79755811093434	5.37139576252004	0.0293837582219232	0.0700037648491311	320844	Amigo3
320845	1230.6	1270.2	-0.0548000126040857	3.88731136571648	0.376911617001798	0.546372462833869	0.666040751586739	NA	NA
320846	281.4	302.2	-0.140292859684427	1.14525869945755	1.15750372835376	0.292758935507922	0.421006631562183	NA	NA
320865	1595.2	1811.2	-0.189282498878655	4.60554154490884	9.03315574821619	0.0063266602961437	0.0202537204696481	320865	Cdh18
320869	11.6	10.4	0.190655842941694	0.680294863544193	1.31453837298531	0.262959913944429	0.388076638365609	320869	Spata33
320871	2.4	4.8	-0.945465693413787	0.351815647023603	21.6722393743095	0.000101427151592703	0.000698774093956591	NA	NA
320873	4676.2	4764	-0.0272856609832618	6.26605306078199	0.296905496948002	0.591622346253935	0.704101226245728	320873	Cdh10
320878	30283.2	22495.2	0.427606996536153	9.31900331303764	74.6688216889211	1.26801841126502e-07	3.13095814647201e-06	320878	Mical2
320879	82.2	90	-0.141854376567998	2.94673082028593	3.14838154395474	0.0887842159070905	0.167460250403936	NA	NA
320910	91.2	149.4	-0.69878426147748	3.17602399737569	26.6707737742142	9.58047182680265e-05	0.000666712276286016	320910	Itgb8
320916	1132.6	1000.8	0.178859242395843	5.54809377254136	19.0728066495653	0.000210558729601196	0.00128143826427608	320916	Wscd2
320919	233.6	235	-0.0051303567615298	1.20030571178031	0.00134017960384431	0.971102217042423	0.982315868509426	NA	NA
320924	579.8	462.6	0.328028766305118	3.88061221738784	29.7140759673235	1.36539069916276e-05	0.000137241704907501	320924	Ccbe1
320938	5191.6	4988.2	0.0581396881678163	6.57926275629256	3.10894830252202	0.0906871665123701	0.170100221226291	320938	Tnpo3
320939	2686	3050.4	-0.176575514846538	5.09059963189539	9.33347688457587	0.00573438791241599	0.0186930182422329	NA	NA
320940	167.2	163.6	0.0331275177439694	3.61475543351265	0.10191328877846	0.753283011909282	0.833638170215396	320940	Atp11c
320947	22.6	22.4	-0.00825855281680752	0.517902159927061	0.00280464174820402	0.958206253233846	0.973837236973844	NA	NA
320950	142.4	205	-0.522230361033916	1.28893978400944	19.4359256214625	0.000189594842545354	0.00117613899319766	NA	NA
320951	964.4	949	0.0212258074437848	5.73647358258171	0.345141924393326	0.562403480362674	0.679660064941288	320951	Pisd
320965	19.6	23.2	-0.206771265293311	0.723089878065773	1.48013979395949	0.235668693396257	0.356985463671085	NA	NA
320973	370.2	449.8	-0.285728609208476	0.49721814727961	3.26100829687654	0.0835974386372451	0.159724702982517	NA	NA
320975	80.6	66.6	0.283820141576156	1.66594857957589	7.06341587386992	0.0138246520893686	0.0382873196588875	NA	NA
320977	5770.4	4194.6	0.465079873110537	7.03347442095801	69.9899722473634	1.84375212141067e-07	4.19678632486139e-06	NA	NA
320981	5	5.6	-0.227232064980693	1.49626149855022	3.40420804341085	0.0774977583933291	0.150235058988355	320981	Enpp6
320982	2254.2	2519	-0.160859119078438	5.69443255662351	18.8624322129646	0.00022384818736331	0.0013498129746138	320982	Arl4c
321000	1278	1125.8	0.182791181264018	3.97190922969915	10.8722962878414	0.00305169366567532	0.0111810342822994	321000	Lrif1
321001	41	46.4	-0.223503392157468	0.257850766324309	1.99409881473617	0.175284260371529	0.28393575024208	NA	NA
321003	292.8	294.2	-0.0113961158041301	3.2514446857048	0.0230509157612967	0.880603127740487	0.92340667501168	321003	Xpnpep3
321006	1252.2	1180	0.0862562618882241	5.32565207132661	4.70357580853094	0.0403101655474728	0.0902343399137636	321006	Dcaf1
321007	1469.4	1338.8	0.140473254098164	5.40640512793015	11.09058553772	0.00281630270264318	0.0104806486261598	321007	Serac1
321008	478	498	-0.065103465552475	3.96240930555341	1.01901269634923	0.322896552841464	0.454046772523642	321008	Zswim9
321014	62.8	52.8	0.258686698279369	0.737786558287279	3.20167282412654	0.086285177792273	0.163777539042615	NA	NA
321019	325.8	332	-0.0527039325187528	0.15053462319468	0.0855073621914264	0.772499771430723	0.847936194719968	321019	Gpr183
321022	5043.6	5133	-0.0246757625382734	6.08422834811477	0.497294365546507	0.487529393052172	0.614417111097402	321022	Cdv3
326618	538.4	442	0.285423139435689	4.72193543710444	24.8644602939934	4.41395551055472e-05	0.000353747066614277	326618	Tpm4
326622	4279	3837.8	0.158938646115479	6.31853122772007	20.2988929296144	0.000148330086911985	0.000957553852713635	326622	Upf2
327655	7665	7359.8	0.0598566456610304	7.71471748629812	3.43645060478363	0.0761957417289758	0.148273081882379	327655	Ppip5k1
327744	869.8	996.4	-0.200093068284065	4.00381287262377	12.6256468160988	0.00162778917515641	0.00675705477820527	NA	NA
327747	111.4	174.4	-0.561946199783699	0.209741518019064	7.01374116321309	0.0141221139718304	0.0389172612676524	327747	Mettl24
327762	38.2	39.2	-0.0496033736428939	1.32973129280398	0.14589479748117	0.705875590157307	0.798147991874655	327762	Dna2
327812	64.2	68.6	-0.101006665156699	1.98123153567899	0.808462407214863	0.377573693114701	0.511236548972354	NA	NA
327814	5479.2	5553.8	-0.0201123809554755	6.96271692114442	0.283179593923605	0.599552861697936	0.711082802821554	327814	Ppfia2
327826	2288.8	2333	-0.0257589788234871	6.06480545487204	0.434999371956949	0.515871545712036	0.63921194356809	327826	Frs2
327900	2185.4	2136.4	0.0316436844230513	5.63204075582083	0.418607009421745	0.523951969509343	0.646563798112187	327900	Ubtd2
327942	345.6	367.6	-0.0978443008672288	2.84134054303885	1.98893403096392	0.171375807851872	0.278823269550986	327942	Pigl
327951	164.8	156	0.0774709385930364	2.92966737822062	1.07199708302185	0.310890577262236	0.441106798984646	327951	Cyb5d1
327954	126.2	116.8	0.129133343126236	2.56104294939211	2.10692850454492	0.15967544397904	0.26515956655251	327954	Dnah2
327958	5610.8	5364.6	0.0640598939256146	7.71744159569085	3.97701858004646	0.0576906952204499	0.119584297822513	327958	Pitpnm3
327959	36	38	-0.0964155475669755	1.78166203706427	0.695855752085204	0.412466186037219	0.54505268357853	327959	Xaf1
327978	170.2	155.6	0.154120438206725	2.82523072468984	2.87558571374408	0.102963666170647	0.188122466291307	327978	Slfn5
327987	1578.4	1384.4	0.191002917559122	6.18323543911827	25.0777840950973	4.15764552768609e-05	0.000337231248356761	327987	Med13
328019	29.4	46.2	-0.676864018839135	0.704228720305972	16.3554905700279	0.000476683431795677	0.00251367468922828	328019	Spata32
328035	42.8	44.2	-0.0618768105378127	2.78359802776236	0.630296556603972	0.435083493671158	0.567009899884471	328035	Fads6
328092	153.6	202	-0.413852375612787	2.15185151506027	19.1218428190064	0.000207586005220798	0.00126850039294192	328092	Dtd2
328099	1006.4	909.6	0.150843814445782	4.09833337690305	7.56873874779385	0.0111619939990593	0.0321503112422819	328099	Prps1l3
328108	3389.8	3062	0.146889701178776	6.15690808019755	19.853474208803	0.000168253389278421	0.00106617031505055	328108	Togaram1
328110	2700.6	2662.6	0.0222712482049653	5.89938758766312	0.229162638144526	0.636597022409758	0.741448296689012	328110	Prpf39
328133	2658.2	2541.4	0.065060966969968	5.89141581768072	3.32918453878135	0.0806272514728414	0.1553020112991	328133	Slc39a9
328162	335.2	356.8	-0.0888262319394164	4.31739582056618	2.91738986202856	0.100629312739761	0.184510476511545	328162	Trmt61a
328186	898	810.8	0.144067244446911	4.16885469966398	7.69824009425528	0.0105743798021395	0.0308149366250251	NA	NA
328232	13842.6	8958.8	0.630051186513123	7.52808633374577	227.789768555541	3.26348434579102e-13	1.34772579240181e-10	328232	Gfod1
328234	378.4	337.8	0.165736231679955	2.77925959833367	4.09139886023071	0.0544647197007583	0.114440043400896	328234	Rnf182
328274	19.6	18.6	0.0428689491949753	0.286803063869225	0.0700260786355583	0.827777195419539	0.88627345056252	328274	Zfp459
328309	76.8	118.6	-0.633297972457205	1.52956381859506	40.0591779028052	1.57734716753908e-06	2.33835650867793e-05	NA	NA
328324	535	522	-0.0201903103694645	0.433188536713545	0.00712706338343786	0.933557798277661	0.958958073934215	NA	NA
328329	3813.2	3608	0.0811648825091746	6.4736833356653	5.23237351919835	0.031352563953534	0.073722134274342	328329	Mast4
328365	5281.4	4377.2	0.267883066970136	7.62516281503158	11.2904700663513	0.00539077705982457	0.0178098952280467	328365	Zmiz1
328370	649	808.8	-0.319034496844943	3.42786597223431	26.776098939033	2.73082572085474e-05	0.000240385840251123	328370	Rft1
328381	56	24.2	1.2438357060754	0.244058752193914	47.4995084760908	4.13375081266958e-07	8.02003144245989e-06	328381	Sh2d4b
328399	10.4	9.4	0.179254849513821	0.43223360895521	0.738362079548482	0.399166031810397	0.532393266013425	NA	NA
328417	310.6	309.8	0.00300987682623121	2.5381516490936	0.00101502416590696	0.974849551587565	0.984728172384281	328417	Parp4
328451	824.6	756.4	0.122729650753118	4.30496288174622	3.97438781538117	0.0577673976004701	0.119698821489578	NA	NA
328479	83.2	93.8	-0.178688740169649	0.917441280097676	2.04479286742776	0.187507530278611	0.299407185444878	NA	NA
328572	1583.6	1452.2	0.127226532945577	6.61701276714071	8.17239892460594	0.00895892588057303	0.0270169652989365	328572	Ep300
328580	1968	1518.4	0.375094627765498	5.95149981857435	82.1972177160924	3.43477563176974e-09	1.78491655731192e-07	328580	Tubgcp6
328643	1876.6	2148.8	-0.19557296699781	6.64149774858889	20.667067095768	0.000140819883878033	0.000916851622330219	328643	Vwa5b2
328734	73.6	66.2	0.137424176487152	2.09361299911894	1.71692646604504	0.202582201501224	0.317790659919546	NA	NA
328778	1623.2	1325.6	0.296585500875059	5.73142569878416	37.7086603669885	2.77926628630053e-06	3.74385041026913e-05	328778	Rab26
328789	135.4	180.2	-0.436639780217732	1.1495192437416	8.59737702538421	0.00732172498365938	0.0228718852201886	328789	Lhfpl5
328801	267	374	-0.487431385104736	4.51180854215467	85.3704617265174	2.40814443922667e-09	1.39229278898329e-07	328801	Zfp414
328906	433.6	389.8	0.161625470167145	2.68759930910606	4.40318090535051	0.0466583209443784	0.101170022641771	NA	NA
328918	347	313.6	0.154303783711281	0.663420998361964	1.14939614373198	0.294416181407211	0.422667230767789	NA	NA
328949	671.4	656	0.0332600928951946	4.15121444107933	0.501460737156687	0.485730204189009	0.612884284275843	328949	Mcc
328967	27.6	18.2	0.553494150444356	1.57470842257039	22.2889863578206	8.58538201996952e-05	0.000608896524615502	328967	Arhgef37
328968	16.2	15.6	0.00247864745148953	0.154207813419891	0.000192149074379317	0.989055680942108	0.992867129234873	NA	NA
328971	23.8	16.2	0.501436550964925	0.908623485189708	12.7922014917508	0.00153629342618044	0.00644013491357661	328971	Spink10
328977	1557.6	1432.8	0.12198566484086	6.1318921052919	11.7637458121022	0.00220692112090096	0.00860038767363237	328977	Zfp532
329002	1097.8	922.2	0.254910356547883	6.02929850025702	39.3476315981463	1.80787248464469e-06	2.61833556042628e-05	329002	Zfp236
329003	124	127	-0.032899978117027	3.68633453416962	0.241023289185778	0.627959949385936	0.734619797196434	329003	Zfp516
329015	2269.8	2198.4	0.0469944117226167	6.28901722953319	1.76575259650273	0.196496181805915	0.310671167340045	329015	Atg2a
329064	672	1348.6	-1.14447105670435	-0.294556845310882	12.93944585158	0.00161019230029972	0.00670326022711179	329064	Pkd2l1
329078	107.6	118.4	-0.123772035583143	1.2121597253631	0.860434589018332	0.362919963225498	0.496250014181008	NA	NA
329152	1824.2	2794	-0.618124635295842	6.24249985100138	64.335829536954	1.42147604434595e-06	2.15367030869773e-05	329152	Hecw2
329154	117.8	138	-0.223677703070316	3.51660963312376	11.8778587980799	0.00211870800652542	0.0083398163198035	329154	Ankrd44
329160	698.6	831.2	-0.252302439172874	4.82484132218206	14.7373297174935	0.000975965972572581	0.00448271519818936	NA	NA
329165	13013.4	13883.8	-0.0942038732724191	7.83755210119488	8.02367011696946	0.00924261435773284	0.0276876161506053	329165	Abi2
329178	5325.2	5334.6	-0.00213919148669236	8.5038000180886	0.00489668956039795	0.944796551097185	0.965094653679061	329178	Unc80
329217	39	39	0.00894511862130364	1.26743927751011	0.00515267508474526	0.943374504661041	0.964244109947528	NA	NA
329251	1897.2	1750.6	0.115214375973914	5.95587119422929	7.73397017521557	0.0104183128544509	0.0304768860550967	329251	Ppp1r12b
329252	80.8	108.8	-0.444793888205638	0.934369296176876	5.97154855759478	0.0225959238607154	0.056681965200066	329252	Lgr6
329260	207.2	209	-0.0125525962293273	3.45879149785334	0.0465003949785965	0.831104271925369	0.888274060364029	329260	Dennd1b
329274	153.8	158.8	-0.0490663655357071	2.74318883743135	0.315621480881698	0.579498407417002	0.694128176244632	329274	Fam163a
329307	29.4	32.8	-0.157668105731966	0.799030138349976	1.39417656400813	0.249355435972367	0.372878331642385	NA	NA
329324	74.2	55.8	0.40090489021181	1.86929064181655	11.9959638429982	0.00203144781642253	0.00807550790389749	329324	Syt14
329384	48.2	41.2	0.220210369587478	1.44332265325348	3.65446900264931	0.0680201118260649	0.135589945708722	329384	Ptrh1
329416	169.4	72.8	1.2041711021585	2.2064471437298	103.142026027105	4.55349533083692e-10	3.8944509770365e-08	329416	Nostrin
329421	20.2	26.2	-0.391011694276091	0.348301024808914	4.35802644017859	0.0477064986898002	0.103010118324227	329421	Myo3b
329427	1355.4	1207.4	0.154408081834234	2.73354276952405	2.09958464915504	0.161226626349267	0.267182946256857	NA	NA
329470	23.4	38	-0.671064044043351	1.53545781912762	21.7293872655768	9.98623852332252e-05	0.000689070145336054	329470	Accs
329502	440.6	1009.6	-1.1925352026706	4.2518155568414	113.677705589271	2.39078548893039e-08	8.31573173031548e-07	329502	Pla2g4e
329504	512.8	539.6	-0.0715383875698017	2.71719236278209	0.926960716280365	0.345325183237345	0.478234185926279	329504	Lcmt2
329506	497.6	484.8	0.0316515871889646	4.33698410401279	0.232904538879012	0.633906429369179	0.739406474236501	329506	Ctdspl2
329540	3092.2	3156.4	-0.028788061963857	6.32800892217364	0.46473648014621	0.501992695285552	0.626876888351331	329540	Nol4l
329559	2363	2102	0.166960096686912	5.99173715967966	14.07301800003	0.000997243701086605	0.00456288713374669	329559	Zfp335
329575	315	328.6	-0.0516505940436164	2.77424140601838	0.292125352168205	0.593879266730411	0.706031495420411	329575	Gm14325
329584	512.4	350.6	0.55745761946721	3.73530148784686	45.8407609581919	8.79422674380758e-07	1.46442112160132e-05	NA	NA
329628	98.2	99	-0.015081556117522	4.38624463657638	0.052575949982369	0.820661694549257	0.881528250075428	329628	Fat4
329641	5297.8	6102.6	-0.206588445585004	5.24818295521317	19.0839872420417	0.000209876875476287	0.00127823111578974	329641	Sertm1
329650	267.2	289.4	-0.111703224816048	5.16309000480418	4.75291652065046	0.0393632245257236	0.0885396898995968	329650	Med12l
329659	447	498.8	-0.146613786428241	2.80764988622995	3.57858120829764	0.0707465885463835	0.140111715942193	329659	E130311K13Rik
329679	569.4	644.8	-0.178019407867587	4.37619034708222	7.77332565368626	0.0102813992498052	0.0301373645825765	329679	Fnip2
329702	75.8	111.4	-0.575321894451338	0.413501771447962	14.8305913490645	0.000774868658850521	0.00371474348093713	329702	Dcst2
329735	1827.8	1744.6	0.0666624767996078	6.05564044089734	2.9464211400385	0.0990443246576342	0.182120827943688	NA	NA
329739	1529.6	1597	-0.0607417632772636	5.27005678354029	0.977692159498405	0.33452258973083	0.465997447182866	329739	Fam102b
329777	1856.8	1964.4	-0.0833061504505071	5.78213360831306	4.12543031008841	0.0535446668767258	0.113031012014771	329777	Pigk
329782	186.6	253.8	-0.441180114360021	3.30016466288598	29.2017938348749	1.53630335611359e-05	0.000150751722398275	NA	NA
329795	510.4	460	0.14673991988713	3.78899825564271	6.38351807780666	0.0185794367128139	0.0482365993019185	329795	Tmem67
329828	820	694.8	0.24293047105956	4.69236531647118	24.7539626367707	4.51250683455112e-05	0.000359756060599018	329828	AI464131
329872	151	188.6	-0.318051104893787	2.48235862381161	11.4227422368157	0.00249533546069203	0.00949959445659333	329872	Frem1
329877	63.8	74.8	-0.223917155136661	3.41068945155501	8.56684510017708	0.00741207313519293	0.0231004288160448	329877	Dennd4c
329908	1257	1314	-0.0660399285483111	6.69995500502405	4.38758496223466	0.0470173910802173	0.101826396564798	329908	Usp24
329910	1483	909.4	0.702343826198024	5.27965732511654	241.851321259452	5.64598622670904e-14	3.88605166289773e-11	329910	Acot11
329934	158.6	138	0.201212282929195	3.50824841277437	4.96398684724318	0.0369109618530719	0.0839778124703764	329934	Foxo6
329941	54	62.8	-0.264207226418015	0.921427679167031	2.82526720903445	0.105857431148035	0.192339825243709	329941	Col8a2
329942	4732.2	3969.4	0.250919698147178	7.16801108519333	18.7729020584533	0.000498057018417006	0.00259982525973254	329942	Csmd2
329972	37.6	32.2	0.196640947449369	0.193701905539297	1.33259839651452	0.259792131161883	0.384540242070032	329972	Spata21
329977	520.2	500.4	0.0488648031132554	3.74623688183178	0.25765632067183	0.617759529178515	0.726574059963746	329977	Fhad1
330050	615.4	627.2	-0.0220318351840685	3.5361821337527	0.125776555747008	0.725971999012691	0.812985145558955	330050	Fam185a
330053	81.8	148.2	-0.844168467253621	0.0152505730084885	19.2072565957433	0.000202516374663427	0.00124085276786146	NA	NA
330064	477	541.2	-0.184222987377441	4.45562173279562	15.377495462864	0.000649378114090765	0.0032188310223141	330064	Slc5a6
330070	10.8	9	0.276766553635667	1.15783897654854	4.87923606895651	0.0370505496993755	0.0842423541536533	NA	NA
330119	145	172	-0.246146302130802	4.50737771118771	16.3892225486514	0.000471698233734653	0.00249558062606174	330119	Adamts3
330149	68.6	101.4	-0.530175290222583	1.31441413198237	12.4617512815774	0.0017236598023058	0.00708784602632378	330149	Hfm1
330164	63.4	64.6	-0.0183768982793125	2.68319379823963	0.0462341225362039	0.831580806175959	0.888517164344536	NA	NA
330166	34541.4	37220.4	-0.10710244191818	9.9630827179859	8.1660162650052	0.00897736759620051	0.0270612870146991	NA	NA
330171	1750.2	1614.2	0.118072301387463	5.42908693348363	9.28269219313694	0.00558101823087878	0.0183086785086523	330171	Kctd10
330173	46	72.6	-0.654515991621534	0.269859601264936	11.5835699326477	0.00235448239644039	0.0090557979132915	330173	2610524H06Rik
330177	1616.6	1514	0.0966213570218209	6.0919103196848	4.9370784967813	0.0360426894148938	0.0824696901698393	330177	Taok3
330189	203.2	206.6	-0.0192960289275143	3.29107220397257	0.0713187948430532	0.791724339765881	0.861030868104483	330189	Tmem120b
330192	964.2	898.4	0.101664515675219	5.22603558834586	6.26853137380361	0.0195501422634163	0.0503778185864941	330192	Vps37b
330216	22	23.2	-0.0796814084783175	1.61027877866496	0.471792260300752	0.498795749172428	0.624153212582311	330216	Mblac1
330217	77.6	88.2	-0.187876638318887	2.19541384357114	4.17956181077517	0.0521171665034958	0.110698240211834	330217	Gal3st4
330222	348.4	350.4	-0.00859960426183945	4.20776219449446	0.0191288433094393	0.891160134493828	0.930964771897498	330222	Sdk1
330230	51.8	55.8	-0.123193130770194	1.99186850245293	1.54696816150384	0.225683223752282	0.34489588878362	330230	Zfp853
330260	1821	1752.4	0.0584886684622415	5.60658837222351	1.76289471254017	0.196846127480529	0.31115637867493	330260	Pon2
330267	172.2	171.4	0.00672137137796679	4.87308039612489	0.0161592480841277	0.899913031082922	0.936775376852841	330267	Thsd7a
330286	3652.2	2887	0.339044798293593	6.91450059942258	34.2390267719176	2.08174545594014e-05	0.000192388419566232	330286	D630045J12Rik
330301	373.2	458.8	-0.277199145362479	2.04384894663965	9.39533023996837	0.00534108886220531	0.0176740152047426	330301	Zfp786
330319	7183.8	4011.8	0.840945363211221	7.23977852242812	494.231113723536	1.9391542120727e-17	2.80285349812988e-13	330319	Wipf3
330323	667.4	644.4	0.0442462423718534	2.9625230142554	0.329769551720529	0.571177625747526	0.687015091822648	330323	Mindy4
330324	84	95.8	-0.208208421070953	2.35290325202929	7.02649086093292	0.0140450978710028	0.0387561040378651	NA	NA
330361	99.6	122.4	-0.301739908352821	2.58596708851953	11.8609932593052	0.00213149947692044	0.00837011738481168	330361	Gcfc2
330369	11909.6	11449.6	0.0579376074005877	7.50761546291657	3.34505321924365	0.0799534082189541	0.154269288331561	330369	Fbxo41
330401	3627.8	3228.4	0.169378378214048	6.40552550759188	20.5436991282523	0.00013848441070269	0.000904906723461427	330401	Tmcc1
330406	77.6	78	-0.0347351183085812	0.198610835500552	0.0370668433018268	0.849976427166869	0.901335630038247	330406	B4galnt3
330409	28.4	37.6	-0.364648419688636	1.78683343879522	8.1409827155586	0.00880873096794428	0.0266641669969983	330409	Cecr2
330427	2810.8	2843.8	-0.0164701426462752	5.56177506454699	0.143532553209906	0.708149556212545	0.799603487394351	NA	NA
330450	140.2	164.4	-0.240941093152293	4.17686924745556	11.7618079308996	0.002296723818535	0.00889042476515932	330450	Far2
330463	106	100.4	0.0459769788849034	0.468868310515797	0.0477898179113881	0.828900291572522	0.886884655739821	330463	Zfp78
330474	2027.8	2106.6	-0.0568415703313495	6.20366691943667	3.1701531892488	0.0877533153040273	0.165861041057542	330474	Zc3h4
330485	1131.8	1298.6	-0.199166910330279	5.77047071909936	10.1173585946055	0.00526076910899627	0.0174441745128314	330485	Tmem145
330502	87.6	87.8	0.0134177426827321	0.841058606786059	0.0093351905482848	0.923837330857673	0.952028003722858	330502	Zfp82
330503	389	419	-0.104190645730334	3.59088550219302	2.42164050813341	0.132855105614926	0.230029671365375	330503	Gm5113
330544	2882.6	2703.8	0.0919177227326035	5.42530364872019	2.68217919665657	0.116241371190292	0.206179013275799	NA	NA
330554	201	186.4	0.110741448393681	3.37387160987765	2.14500564862973	0.15610685075315	0.260726520805992	330554	Fan1
330577	203.8	207.8	-0.0536034005746353	1.33998516044045	0.176215883781714	0.678407133968426	0.775767145124971	330577	Saxo2
330627	3475.2	3438.4	0.0133597863600881	6.04918123957607	0.0595985373145254	0.809687375184964	0.873831204429439	330627	Trim66
330657	25.4	14.6	0.763968498195815	1.60899945307878	46.2343579320656	5.13684994015386e-07	9.53119756546648e-06	330657	Prss53
330662	1194.8	1338.8	-0.159239820419319	4.93948784561645	11.336404964542	0.00257472863098305	0.0097294451326089	330662	Dock1
330671	2380.4	2641.6	-0.148325365326206	6.62832083280285	17.0513558753806	0.000384495769959106	0.00211553173162883	330671	B4galnt4
330695	7031.2	7397	-0.0745938810970348	8.6521082219277	4.32265603819228	0.0485461032879353	0.104464102564213	330695	Ctxn1
330723	20.4	21.8	-0.0853474390949521	0.906399471116994	0.252572830191787	0.619883328867664	0.72820169338859	330723	Htra4
330788	366.6	360.6	0.0125756353357939	2.1820500822702	0.0172165321638308	0.89670952396092	0.934966378999174	330788	Zfp866
330790	5086	5339.6	-0.0695684832901342	6.98418658305565	1.83229818168017	0.191959012830567	0.304898414445387	330790	Hapln4
330812	4300	3638.6	0.24317516567984	6.63549523600424	43.9485521214406	7.68593362828307e-07	1.32124523336048e-05	330812	Rnf150
330814	22653.8	22676	-0.000737757849256337	9.37053488758995	0.000950856291462893	0.975657239708493	0.985087955150863	330814	Adgrl1
330817	1843.8	1890.4	-0.0372098512981396	4.67136844046064	0.566708319789413	0.458944492010754	0.589128213812029	330817	Dhps
330836	2110.8	2028.2	0.0568603969257079	5.27043360796585	1.69608424800384	0.205251119788309	0.32100191359232	330836	Slc7a6
330863	75	76	-0.0179354082664714	2.29290905061673	0.0293702496235483	0.865374256677051	0.912662370320018	330863	Trim67
330908	21561	21603.2	-0.00234288153321002	8.07405267515576	0.00667455844198902	0.935569391169399	0.959738820437366	330908	Opcml
330914	23251.6	27436.8	-0.237737489875312	9.29011409604229	55.9683870749355	1.06122092284254e-07	2.70527111442084e-06	330914	Arhgap32
330938	3313.2	2758.4	0.266948125283338	6.61103951805188	29.1756162238312	2.67941519249275e-05	0.000236422118498589	330938	Dixdc1
330941	19177.4	24480.4	-0.352297184249943	7.5995833285976	81.6729537624054	3.83387987581651e-09	1.92412846267541e-07	330941	AI593442
330953	23.4	25.6	-0.132825717833532	2.1834275473082	1.30037859554285	0.265478777840945	0.391154969919777	330953	Hcn4
330959	299	320.6	-0.0995026278981541	3.34223433158844	2.68857867725981	0.114209360400996	0.203574065265261	330959	Snapc5
330998	136.4	212.2	-0.641856253286596	3.01044859794161	60.9376863184826	5.11033506905028e-08	1.50900462447035e-06	330998	Ankrd34c
331004	655.4	841.8	-0.362794060662682	4.88248454694807	41.7016621918602	1.17965267324683e-06	1.84931667452383e-05	331004	Slc9a9
331026	545	418.6	0.379270237075438	3.28560762578423	26.6914490691662	2.78765174233318e-05	0.000244494649779635	331026	Gmppb
331046	46.8	43	0.120872424955283	1.06244090795387	0.890671837421424	0.35476852135898	0.487947483664602	331046	Tgm4
331188	20.8	19.6	0.0684814836141012	0.906847578840538	0.146747710658512	0.705227431723478	0.797664707577366	331188	Zfp781
331392	856.6	831.6	0.0419998557480283	4.37262935378409	0.428122090875027	0.5192660495002	0.642157640897071	NA	NA
331401	330.2	295	0.157793475883546	5.37150860567804	8.24201750171318	0.00893749147867604	0.0269761521666221	331401	Thoc2
331424	50.2	51.2	-0.0385918077368305	1.87038017517155	0.127970861411041	0.723695123283802	0.811504213494497	NA	NA
331461	15.6	16.8	-0.163977533273027	1.22390567296654	1.09803031670564	0.305240844643649	0.434846359992047	331461	Il1rapl1
331474	1316.6	1201.6	0.128405045867499	4.57556747256871	5.78832645586607	0.0242587248832346	0.0600300649652924	331474	Rtl5
331480	207.6	218	-0.0789607516306881	1.29289806798747	0.495185644138471	0.488444350618671	0.615087527778557	NA	NA
331487	8.4	10.2	-0.275188259652467	1.09827650592361	3.74297275186023	0.0649903875796956	0.130927296106464	331487	Uprt
331532	1292.4	1490.6	-0.209927610632215	5.70934900701951	16.9632832082646	0.000443781253712375	0.00237747006714554	331532	Tceal5
331623	305.4	391.4	-0.359956041624816	3.28791145857017	28.478544162359	1.81837091260736e-05	0.000172791150292631	331623	Bend3
332175	125.6	149.8	-0.250141074337003	3.30400333335146	9.98385984077453	0.00425803443830245	0.0147946225411595	332175	Zdhhc23
332359	381.2	443.4	-0.20013798992675	1.66172316083877	2.78786287736032	0.108069944455515	0.195314989437258	332359	Tigd3
332397	1921.6	2046.6	-0.0928808308056297	4.5886784308539	3.32394463528732	0.0808511867480141	0.155530481977477	332397	Nanos1
332579	58.2	61	-0.0766239825611794	1.67297316959707	0.553528736727809	0.464154764446474	0.593602279712381	332579	Card9
333050	316	326	-0.0335458563077217	5.02679291064322	0.174429046586384	0.681741108084454	0.778655549289032	333050	Ksr2
333088	25.6	32	-0.330453852683984	1.69857482192232	8.39705708278154	0.00793738413051515	0.0244724723170789	333088	Kcp
333193	70.6	54.6	0.3616120224875	1.72875720851075	11.4054152829664	0.00251105162326883	0.00953957515478876	333193	Proser3
333433	4856.2	4783.6	0.0213253057561108	7.23506064417238	0.499273538165784	0.486673302310195	0.613766330302029	333433	Gpd1l
333605	2061.4	2236.4	-0.120140809427072	6.41571930170802	11.0567511123154	0.00285144961382605	0.0105841943292865	333605	Frmpd4
333639	663.2	566	0.222825403882663	5.18739419882635	7.25031254979607	0.0166724133550227	0.0443404976326989	333639	Mamld1
333654	88.8	77.8	0.191338046803751	2.09263672895794	4.13417180167155	0.0533111826098865	0.112589104828068	333654	Ppp1r13l
333789	7.6	6.4	0.251569384860749	1.40086083012693	5.03118529774892	0.0344678514925033	0.0797117320756228	333789	N4bp2
338337	1620.4	1592.2	0.0268438423671534	5.40141314854846	0.569837635562516	0.457721407045131	0.587845007706484	338337	Cog3
338346	40.8	60.2	-0.56872354669329	1.69323731600659	20.5575846362689	0.000137947663555329	0.000903032395393446	338346	Gpr21
338348	54.2	57.4	-0.0803997188730589	0.321093516100252	0.213269766281034	0.648405867946906	0.750966219175047	338348	Ttc16
338349	900.2	1096.4	-0.289919260505982	4.22023832028669	34.7548801021461	4.53946477214123e-06	5.5651758962281e-05	338349	Cntln
338350	1.2	0.6	0.262823562045682	0.812124991817602	2.33906642902295	0.1393355212568	0.238931738550929	338350	Acad12
338351	954.8	1029.2	-0.10963159988724	5.01323143429549	6.68927596858952	0.0162480759442637	0.0435197302939931	338351	Akap17b
338352	1902.2	1994.2	-0.0637715383512566	5.36941340491211	2.36806130220709	0.137018181231101	0.235853375195228	338352	Nell1
338354	453	466.6	-0.0291390577638224	2.61151408892578	0.106249555918966	0.747300924344827	0.82929823055789	338354	Zfp780b
338355	1082.8	1153.8	-0.0909848520466067	5.53156607448776	5.76755886035867	0.0244890468938074	0.0605171283643515	338355	Fkbp15
338359	1061.2	1045.2	0.0215118741302038	4.61724416507194	0.241223033218473	0.627818231157117	0.73453818302938	338359	Supv3l1
338362	657.6	597	0.136310598813821	4.32593594295305	7.97428929154032	0.00943223758507721	0.0281680913336169	338362	Ust
338363	168.4	197	-0.229936222590223	2.26512532315534	5.44195235057158	0.0284375908175506	0.0682558847022378	338363	Tmem241
338364	259.8	264.4	-0.0228406816362111	1.4516833888435	0.0399883865159629	0.86543174537195	0.912662370320018	338364	Trim65
338365	2102.6	2141.6	-0.0226101097082455	4.74083526761418	0.234692175633065	0.632490340612055	0.738211836499244	338365	Slc41a2
338366	3442.8	3455.6	-0.00584162009870748	7.20051410127106	0.0362033719783874	0.850708111089449	0.901674491287446	NA	NA
338367	162.8	209.2	-0.370972221681186	3.58684930491313	20.6631724061397	0.000143646111152196	0.000932731756780702	338367	Myo1d
338370	2400.2	2557.2	-0.0924736446414923	6.91366054334357	8.50649678334941	0.00759427692952124	0.0235654097765779	338370	Nalcn
338371	999.4	1124.2	-0.174136880235521	5.20678436157939	13.5539051204609	0.00118367849478616	0.00523047660154055	338371	Endov
338372	8683.8	9231.8	-0.0883391761448758	7.10322151675213	7.13339368009194	0.0134172812208788	0.0373955616595801	338372	Map3k9
338467	855	813.2	0.0716548355548822	4.89376713061546	2.05446866570614	0.164754238484758	0.271410732055926	338467	Morc3
338521	104.4	124.4	-0.261565999758389	4.14431095190685	12.0432977352237	0.00221819963421212	0.00864201011129434	338521	Fa2h
338523	1261	985.6	0.355031888952307	5.69953519306964	63.6218406251344	3.50619065852822e-08	1.12369134763563e-06	338523	Kdm7a
338535	253.4	150.8	0.824303222109743	0.00518009041541495	18.9885462440273	0.00021577556130485	0.00130658565693352	NA	NA
347722	6984.6	5996.2	0.221960433828647	6.98843607028191	19.181062674011	0.000321568842135621	0.00182129939037158	347722	Agap1
347740	88577.6	92814.8	-0.0661330484585288	9.76845464609271	4.86850010015468	0.0372410674863568	0.0845691106752241	NA	NA
353047	2073.8	1716.4	0.272810176349343	5.1862859134272	30.4598981074352	1.15238753268098e-05	0.000119316686227585	353047	Plekhm1
353156	391.2	425.6	-0.125067921969339	4.95668813628282	8.2480559029854	0.00843221409970104	0.0257237700711437	353156	Egfl7
353169	44.6	51.4	-0.172084067069542	1.58606805892052	1.35682650963016	0.25606948111151	0.380471657070904	353169	Slc2a12
353170	654.2	552	0.248116738546564	3.91809529268298	19.7058056751277	0.000175486444442302	0.00110522050891897	353170	Txlng
353172	6877.8	7239.8	-0.074370686634557	6.83670693720714	5.71754175045122	0.0250538037484656	0.061628264019796	353172	Gars
353187	4399	4443.8	-0.0130716659731289	6.8379866094455	0.0793079551033349	0.78097886003292	0.853807103330075	353187	Nr1d2
353190	998.6	928	0.103297664931245	4.85996434025753	5.09261302377918	0.0334814448450422	0.077866581462629	353190	Edc3
353204	1647.6	1630.2	0.0107855016470764	6.78764342352164	0.0328424374821651	0.858413029163274	0.907711019352254	353204	Aldoart1
353208	1042.4	1265.4	-0.249672645211711	0.669124717715462	2.59307973238553	0.120503062431465	0.212512355342166	353208	Zfp931
353211	9609	13299.4	-0.471303156394947	6.51766997678061	8.15429529851306	0.0153718092822457	0.0416309033849691	353211	Prune2
353234	225.4	216	0.0496245000887545	1.24051728080577	0.182239383045413	0.715476390563957	0.80541244152737	353234	Pcdha2
353236	209	297.4	-0.535768501086921	1.98882161392854	22.0290877148135	9.20744947177076e-05	0.000646668973104833	353236	Pcdhac1
353237	1372.6	1528	-0.161433869902708	5.45099140872352	9.62049739114869	0.00504099155266154	0.0169093738459433	353237	Pcdhac2
353242	583.4	576.8	0.0237364217277105	3.9031126471539	0.144975896569196	0.706757617303693	0.798895331235441	353242	Mrpl21
353258	429	419.8	0.033717609875479	4.27717018347902	0.486967918037638	0.492038152926916	0.617783136067203	353258	Ltv1
353282	105.2	138.8	-0.367145416474614	1.79077242866331	9.47660307888699	0.00517499935828406	0.0172229888843283	353282	Sfmbt2
353287	3192.6	3540	-0.108739256102194	3.59260328961301	0.511657567154544	0.487041363965869	0.614069772746221	353287	Clec18a
353310	2195.8	2030.2	0.115372492670837	5.18325834699362	4.53815039364872	0.0440355789763641	0.0966575943089395	353310	Zfp703
353326	72	67.4	0.0870455938425058	1.88232946239646	0.664514642586603	0.423045509597898	0.556075276384309	353326	Rtl1
353328	81.8	86.2	-0.0704394726301738	1.45781147460044	0.243862940895919	0.625952067954793	0.732938409493284	353328	Muc6
353342	18108	18412.6	-0.0241484266068372	8.30251772465751	0.606286987742171	0.443854760586566	0.574760500763145	NA	NA
353499	400.4	214.4	0.911735380393546	3.11146947832529	81.1595869937417	1.29257731917562e-08	5.10462092113781e-07	353499	Tmc4
353502	926.8	1069	-0.208381611550225	6.05576346476893	12.7898284543918	0.00213219677673147	0.00837011738481168	353502	Hcfc1r1
360013	7302.6	6889.4	0.0846909089803373	8.13128055480001	8.68559094006288	0.00706741451075123	0.0221588740430365	360013	Myo18a
360213	2884.4	2617.2	0.140482592506161	6.7664025037044	15.7571887907379	0.000575347569167214	0.0029148523535727	360213	Trim46
360216	1408.2	1448.4	-0.0421042524178428	5.22777119052987	1.03326241283456	0.319606157216261	0.450559582210459	360216	Zranb1
373852	42.8	43.8	-0.0374165816625065	1.70308713741381	0.107645643100689	0.745706736126055	0.827901157075505	NA	NA
373864	116.6	133.4	-0.184760550937757	3.3952372067357	5.48496778913824	0.0278774371909053	0.0671231846005906	373864	Col27a1
378430	95.2	150.8	-0.697955900281866	0.723247732963738	24.2574802250121	5.12208602897534e-05	0.000397608117415733	378430	Nanos2
378431	30.2	47.4	-0.636535438273541	0.713291564596672	11.714613269171	0.00224613121503527	0.00872544920426507	378431	Txlnb
378460	37.8	37.6	0.0477486846515057	1.95571206118487	0.11686278269442	0.735746899863251	0.820956350117269	378460	Pram1
378462	182.6	200	-0.132695435964658	2.72393431444252	3.59730545029791	0.0752889207785885	0.146918598748983	378462	Morn2
378466	16	12.2	0.412481821059102	0.0943809446423466	6.15999464978913	0.0205181967205674	0.0523790207345604	NA	NA
378702	514.4	555.2	-0.111785474997508	4.25513109309243	5.14345406076546	0.0326888722234393	0.0763920709971854	378702	Serf2
378775	0	0	0.0536015403087991	0.230606364484229	0.072459130223221	0.790106937908722	0.860214347735212	NA	NA
378776	172.2	227.2	-0.401280576581735	1.67174215946092	13.3741599855564	0.00125809948035013	0.00550213914946467	NA	NA
378937	944	973.4	-0.0451124022440812	4.80264214837804	0.937650861642902	0.342610997456747	0.47529507219885	378937	Lrrc24
378954	117	161.4	-0.48938843002771	1.76866407940872	24.0624912068985	5.38548251053904e-05	0.000415821389996428	NA	NA
380601	182	129.6	0.514370924808212	3.02485977952523	17.9966852568518	0.000506776859730922	0.00264057416386112	380601	Fastkd5
380608	1925.2	1878.2	0.032890380315359	4.79034024503035	0.395776228513764	0.535265059122583	0.656462081353353	380608	Tagap1
380614	453.8	473	-0.0575383179950701	3.59181353046409	0.763669509883205	0.39090662142546	0.52437719778038	380614	Intu
380629	1264.6	1071	0.241902832103927	4.85848302568665	24.5284385625012	4.77903196539746e-05	0.000376847397860638	380629	Heca
380653	129	159.6	-0.286795336261809	0.278410513708649	3.14127344134744	0.0891238067739651	0.167827791862129	NA	NA
380654	21.2	23.2	-0.155745959177966	2.01069246319325	2.17709927454202	0.15317319706285	0.257029093051815	380654	Cfap54
380664	3091.8	3049	0.0212966263431116	5.55251795774257	0.271239125435145	0.607308944349463	0.717629454024455	380664	Lemd3
380669	530.2	537.8	-0.0147932906073721	3.30138764048231	0.0462267414444471	0.831594036201251	0.888517164344536	380669	Lin28b
380683	0	0	0.920039152474748	0.087175416275031	6.64918950489023	0.0209977711947353	0.0533301326390273	380683	Sec14l3
380684	5929	5857	0.0168681035012949	6.22141951174884	0.0707519341992498	0.793593117021855	0.862191439674827	380684	Nefh
380686	2564.2	2706	-0.0800309991889331	6.33576576722812	3.66906267382594	0.0675096367785003	0.134721012011106	380686	Cnrip1
380694	269.8	229.6	0.241078745200013	2.09323102334838	8.14328109823028	0.00880045726720912	0.0266447024173106	380694	Ccnjl
380698	164.4	163	0.0234727026255907	3.17222625560052	0.11575532255313	0.73666622038965	0.821417672012607	380698	Obscn
380702	914.6	742.6	0.306704945319835	3.93465737671205	16.2926383610024	0.000520702502066723	0.00268794070174015	380702	Shisa6
380711	19943.4	18790.4	0.0862098900315436	8.72492645519469	9.39202600794728	0.00534796393130781	0.0176886660556346	380711	Rap1gap2
380713	77	85.6	-0.16655840755693	1.94819111708057	1.99039782845882	0.171224426298088	0.278671079575787	380713	Scarf1
380718	239.2	286.6	-0.270143711671505	2.23120936874173	6.48118138229744	0.0177968051338944	0.0467275243243069	380718	Mks1
380728	284.8	290	-0.0237759925847347	5.16532967634568	0.205750635653481	0.654249371993322	0.755856480120812	380728	Kcnh4
380752	2026.8	2048.6	-0.0144122134860961	5.40664580504496	0.135078649576603	0.716468238349409	0.806152258843404	380752	Tssc1
380753	251.2	248.4	0.0135385584240274	4.23025091683335	0.0577952124054567	0.812071923224747	0.875750770595426	380753	Atxn7l1
380768	1918.8	2054	-0.105562861125454	3.88647118985029	2.59206733076016	0.120571930303068	0.212607866365809	380768	Ccdc177
380773	1323.4	1371.2	-0.0527922141611718	3.31788346962165	0.562269696391053	0.460688478923819	0.590418848818267	380773	Slirp
380785	2790.8	2792.6	-0.00264304508001621	7.16638392526021	0.00561952232316085	0.940869689874554	0.963125389337592	380785	Begain
380836	456.8	421.4	0.130338970231508	4.68992955089614	4.9100821632911	0.0365444837700043	0.0833276492209564	380836	Mrs2
380840	649	707.2	-0.122195348317669	4.25182902886101	5.44250297677539	0.0284303417091997	0.0682498188116213	380840	Lyrm4
380912	356	546.4	-0.610980334738681	2.97764235251915	52.7561457107551	1.74536414523107e-07	4.01711677630094e-06	380912	Zfp395
380916	393	405.4	-0.0466877807847076	4.32303814775011	0.762332173214769	0.391315318258712	0.524613137280954	380916	Lrch1
380918	20.6	11.4	0.785655718415592	1.03297740468273	19.2003099578757	0.000243879173913609	0.00144884076438442	380918	Siah3
380921	32.8	33	-0.0427343323487811	1.81368688423417	0.0955376877033468	0.760035397411246	0.83868763326601	380921	Dgkh
380928	1155	1160.4	-0.00590992062550814	6.55612291164687	0.0298010312111665	0.864400649589027	0.912114362508603	380928	Lmo7
380930	77.2	109.6	-0.547473114241626	1.55189257026497	16.7812859617252	0.000417740145344532	0.00226567206784611	NA	NA
380959	583.4	567.2	0.0517345163582483	4.66894635704165	1.04429215674008	0.317090765772338	0.44762476105805	380959	Alg10b
380967	1221	1453	-0.248254981539953	4.24344187540311	11.3021806053433	0.00294393270074082	0.0108716410977281	380967	Tmem106c
380969	584.4	595.6	-0.02843658543441	4.71846537520692	0.326713208899429	0.572954674954323	0.68867325114717	380969	Nckap5l
380977	69.2	74.4	-0.108074005936083	3.12784581732831	1.53755457591245	0.227056970292358	0.3466654112819	NA	NA
380993	196.8	166.2	0.244247349976246	3.33907211437153	12.9446359249506	0.00145745767608761	0.00615967638893871	380993	Zfat
381022	5587	4905.4	0.188422755230688	7.76350564773442	23.2772244776361	6.93240212004004e-05	0.000508623305793625	381022	Kmt2d
381038	886.2	954.4	-0.10642948360619	4.14520990792427	3.56511579862729	0.0712432854476266	0.140812959477808	381038	Parl
381045	170.6	182.8	-0.10013881678662	2.55674579729636	1.73850590759369	0.19986405426139	0.314550853690562	381045	Ccdc58
381062	251	273.8	-0.128330142256456	3.26052364440181	3.89449340520283	0.0601527868512874	0.123396023438619	381062	Ermard
381066	35.4	30.2	0.227248271180931	2.55297102173014	7.69748054453112	0.0105777253015831	0.0308184723864306	381066	Zfp948
381072	577.6	503.6	0.200031616830377	1.58394640547369	3.55028186418845	0.0717950773063204	0.141707776510386	381072	Abca17
381085	2989	3023.2	-0.015719374543557	5.7780985819978	0.212788306607916	0.648774598025119	0.751152548293762	381085	Tbc1d22b
381107	348	554	-0.682124005161205	1.95006963344836	51.777664779735	2.0396350910335e-07	4.55655109826865e-06	381107	Tmem232
381110	189.8	175.8	0.109616328459319	2.61331472303298	1.80699834905999	0.19153005444154	0.304458521747119	381110	Rmdn2
381112	7.2	12.4	-0.784817096013694	0.208065045018234	18.4009112402896	0.000256312832297171	0.00150906137597691	381112	Arhgef33
381113	1863.2	1781.8	0.0648919297338426	4.43350058134393	1.01399884231649	0.324418101729885	0.455654381731975	381113	Cdkl4
381126	598.8	623	-0.0535867945924541	4.9009211132939	1.12127384802399	0.300262889035842	0.428938505448118	381126	Garem1
381148	237.6	292.8	-0.298686187472943	2.73825587047824	15.8966510358446	0.000550508056100935	0.00281565585381561	381148	Prob1
381155	70	63	0.130089351136235	0.742973511637741	0.815586657231267	0.375514760519298	0.50892548978396	NA	NA
381157	620.2	753	-0.28528530880881	4.31893774669371	24.8954442886984	4.35357287828769e-05	0.000350841846312318	381157	Greb1l
381196	34.2	42.8	-0.297770032623905	0.57838610249272	2.93082424024085	0.0998922212276503	0.183414909251074	381196	Gm960
381199	3813	3885.8	-0.0285907761218052	7.97894612612889	0.779629847791348	0.38607748808756	0.519441870317191	381199	Tmem151a
381201	19.4	24.6	-0.370843051187102	1.91255837110312	8.6522552204886	0.00716235882681941	0.0224079511867636	381201	Ap5b1
381217	600.2	670.6	-0.155004500434591	3.19838149361931	3.4062732682943	0.0774136009115301	0.150132320887596	381217	Fam189a2
381218	34.6	38	-0.149594100882992	2.08156988881221	2.02492092306995	0.167700675782968	0.274743471748586	381218	4430402I18Rik
381224	0	0	-0.156333827436387	1.92708713952448	0.443581035326409	0.516205858448477	0.639439215525333	NA	NA
381232	28.2	14.4	0.925481667017442	0.826578992755898	34.79368516113	4.50289438039689e-06	5.53265011474685e-05	NA	NA
381236	164	171.2	-0.0533140364672563	2.36361419073385	0.423152284369915	0.521592825124214	0.644312682193435	381236	Lipo3
381259	456.6	438.4	0.061773957536351	4.55710504271357	1.59789995870273	0.218429437096286	0.336371093521172	381259	Tmem237
381260	17.4	22.6	-0.362885299546307	1.90598775007575	9.16942671059999	0.00583425699432855	0.018933172563095	381260	Gm973
381269	155.8	186	-0.241166209672682	2.41012734629496	8.7385158137281	0.00691950459684333	0.021761209626365	381269	Mreg
381270	761.2	681.8	0.163392885492429	4.85561797168142	8.16808347316814	0.00881603082132785	0.0266798039012014	381270	March4
381280	99.6	95.6	0.0593017472413356	3.44586144147207	0.547123594934331	0.466722049298728	0.595831169454497	381280	Hjurp
381290	25963.2	26547.8	-0.0318407369214146	8.87059293731464	0.341699757031883	0.567078106137985	0.683615258225057	381290	Atp2b4
381305	2866	2886.6	-0.005576941386919	5.33322542392336	0.0109740840760407	0.917479803597855	0.947909441115325	381305	Rc3h1
381310	23404.2	19632.6	0.253967545588915	8.94246975384638	81.6741697281673	3.64557738633723e-09	1.84888335235503e-07	381310	Stum
381314	2259.4	2346.2	-0.0569848042156213	5.74754776936556	2.8208161970017	0.106117929615717	0.192660558950121	381314	Iars2
381338	8986.6	8780.2	0.0324412150158673	7.5048917696681	0.8431877338091	0.367690153455555	0.501282161672005	381338	Lonrf2
381350	2067	2663	-0.357644836376644	2.18808144909008	10.6791738124859	0.0032779591745408	0.011895461187249	381350	Spag6
381352	28.4	18.8	0.58240899761111	1.28543541103392	19.5427829887143	0.000183866408817118	0.00114700262108011	381352	Mamdc4
381353	2949.6	3041	-0.0439129518314471	7.21417705581374	2.1948154438011	0.151582089296418	0.255030557407802	381353	Gm996
381356	2230	2047.8	0.12482259734672	4.97837030891038	6.74747241904809	0.0158420754073483	0.0426505449589578	381356	Cacfd1
381373	30.8	27	0.174008584011403	1.61950145014225	2.27709631834945	0.144446385295691	0.245511295045146	381373	Sp9
381379	908.2	975	-0.102690671714309	4.65921578056923	5.99743376481308	0.0220690887308174	0.0555628999329793	381379	Med19
381406	835.4	802.8	0.0553065727306643	3.28090120499979	0.700763893219236	0.410846172648207	0.54360770591882	381406	Trp53rka
381410	198.4	217	-0.137438491887474	3.83423465961415	5.60309800423234	0.0264013241118235	0.0642215985715747	381410	Zfp408
381413	853.4	827	0.044241947926687	3.78811917153687	0.493895954447378	0.489005383367071	0.6155794993196	381413	Gpr176
381418	788.8	759.4	0.050667177784293	2.52989789772135	0.277595725698012	0.6031532204062	0.714236985724334	381418	Ctxn2
381438	1509	1568.8	-0.0596961014897746	6.44166048049094	1.01924927285564	0.326923497039907	0.458272675276563	381438	Gm5148
381489	95.2	88.4	0.0939743424702082	2.99370622583837	1.00201206923742	0.327083958681079	0.458329766241038	381489	Rxfp1
381510	122.2	162	-0.420108896794991	3.25810796691895	36.8379894780557	2.96323463641908e-06	3.92581058064174e-05	381510	Dpy19l4
381511	15794.6	11099.6	0.50998992906493	7.54432883853335	140.763267706565	6.54519202316887e-11	9.95833742135609e-09	381511	Pdp1
381538	211.8	228.8	-0.123218056282373	2.79303577963252	1.79583685316244	0.192858529371107	0.306024501430451	381538	Mroh7
381546	141.4	113.8	0.303473898065356	0.288571105139924	3.96010575458569	0.0581858262430032	0.120231298429788	381546	Ccdc24
381549	12.4	11.6	0.0954886887487256	0.479481337618016	0.358138408421326	0.555189527441847	0.673213878325877	381549	Zfp69
381560	242	220.4	0.139400937833963	1.72755917010206	1.05749938062457	0.314336614998244	0.444518289128717	381560	Xkr8
381580	477.4	537.2	-0.166612198360488	1.4486457048024	2.51387910351201	0.132013650308489	0.228792002585	381580	Ccdc27
381582	632.2	718.6	-0.195597133960786	4.54775357723994	9.26631734790955	0.00579911321429736	0.0188529874942542	381582	Tmem240
381598	55.6	54.2	0.0369109581545148	3.07005251390209	0.360999555788144	0.55362546021962	0.67205025632102	NA	NA
381605	104.8	72.6	0.517907083528825	2.97691783428046	68.0029491264039	1.94297788438857e-08	7.05623174395788e-07	381605	Tbc1d2
381626	3811	3399.2	0.166688383368919	7.15846530050007	18.4414605015003	0.000253264663034565	0.00149537885600556	381626	Rbm33
381629	1644.4	1921.2	-0.221072097413492	5.36934380028219	16.5882259990288	0.000483005682827416	0.00253960136034466	381629	Atraid
381633	1193	1242.2	-0.0722441527367191	3.29049818715313	0.505268986361579	0.485370551196594	0.612550942722044	381633	Gm1673
381634	235.8	158.4	0.585959380812595	4.73433654500211	60.7220357054241	3.28039144192322e-07	6.6129397352243e-06	381634	Gm1043
381644	135.2	132	0.0372299444231468	3.50674977798659	0.386304106200864	0.540150930778745	0.660743191729518	381644	Cep135
381650	19.2	26.4	-0.465760528576135	1.38627424868896	15.9534220858378	0.000540733181006109	0.00277277392605914	NA	NA
381668	854	890.6	-0.0617590506427075	5.82507457885723	2.41099201707374	0.133670426569443	0.231192095923744	381668	Fbrsl1
381677	15378	11071.8	0.47554092701202	7.47856365229331	27.8613060207175	0.000197470072310647	0.00121456698943749	381677	Vgf
381678	328.2	326	0.0087478941816136	2.79124662198564	0.0145291577221554	0.911977571416091	0.944587876549494	381678	Zcwpw1
381693	4	4.2	-0.12670635170085	0.383037599335049	0.629419301732717	0.435399137358144	0.567318050245616	381693	Wdr95
381694	1330	1515	-0.187832399771677	4.71216135171786	18.0800864001957	0.000281885488266943	0.00163366994683657	381694	B3glct
381695	517.2	491.4	0.0766729917861212	4.81464618014213	2.66376231005456	0.115807022368664	0.205660978168899	381695	N4bp2l2
381738	993.6	899.8	0.146996239026866	4.45185874656557	4.58462709551689	0.0438758641639966	0.0963509177493782	381738	Drc1
381741	40.4	47.8	-0.132663494659382	0.0384808580596193	0.351866782607471	0.558683868338926	0.676656329224973	381741	Lrrc43
381760	492.2	510.2	-0.0573180335053723	3.49317873659926	0.723398838269852	0.403498739636009	0.536439549549198	381760	Ssbp1
381798	11.8	8.2	0.464385639005671	0.335063817420222	7.19787383532553	0.0130536186592497	0.0365299136690793	381798	4930590J08Rik
381801	1960.2	2090	-0.0944084299705641	5.41283174477841	5.47577660250057	0.0279960855992154	0.0673173288937682	381801	Tatdn2
381802	486.8	480.6	0.0192465724172838	3.94910423105644	0.133904725392033	0.717646665638033	0.807062655296553	381802	Tsen2
381813	4467.4	4521.2	-0.0172519567554867	6.50433238451593	0.18949988180879	0.667251561197465	0.766740215608643	381813	Prmt8
381820	5224.2	5006.4	0.0620210109342737	6.95369958188486	2.86620772996411	0.103495939089789	0.188880088838866	381820	Smim10l1
381823	148	121.8	0.270808066355349	1.875730012444	3.75156326594265	0.0658054071514941	0.132232914634742	381823	Apold1
381835	44.8	35.4	0.3510911211812	0.362776166117696	5.35218809206152	0.0296473752290771	0.0704807831514934	381835	Sbk3
381845	2	2.8	-0.387297743200265	0.105718252654442	4.94521870302402	0.0359033321908826	0.0822419593481802	381845	Rnf225
381853	138.2	131.2	0.0895090555682915	1.59393661353568	0.624982918965558	0.437000924968878	0.568636241402607	381853	Gipr
381884	2.4	4	-0.52905082231677	0.349870839628666	7.62579853282385	0.0108987646404533	0.0315440016245718	381884	Slc6a16
381903	352	310.8	0.182880317083528	3.11526197409021	6.39636739570665	0.0184743232945146	0.048026595125704	381903	Alg8
381917	28.6	18	0.577354901168683	0.693714199843606	14.7779685870141	0.000788270869326406	0.00377523762267855	381917	Dnah3
381921	4386.6	3913.2	0.164474119185921	7.5276378272345	37.4376311432702	2.62824456610144e-06	3.58045682925826e-05	381921	Taok2
381922	72	20.8	1.72879052827854	0.658856025042168	108.85434418591	2.31437017465438e-10	2.40661197873773e-08	NA	NA
381925	684.8	516.4	0.399628557974722	1.17372849786991	8.36213311043731	0.00805043343102932	0.0247471213977239	381925	Plpp4
381979	12885.6	12878.4	0.00206786176417272	8.22689139398219	0.00409527969756468	0.949508635396178	0.968334002400082	381979	Brsk1
381983	5161.4	4964.2	0.0557692477463084	8.21788601311917	3.22721749559172	0.085116066715167	0.1620052183699	381983	Lmtk3
381990	494.6	452.4	0.125613585573374	3.31825134163097	3.06630674259533	0.0927981320684197	0.173093844485345	381990	Zbtb2
382010	426.8	419.6	0.0208913328887244	2.98867498355552	0.0815351495999156	0.777695614252782	0.851641215880726	382010	Cep44
382014	1358	1433.8	-0.0774120883519277	6.03767066104789	5.93409706004456	0.0227082081922734	0.0569142433173436	382014	Ano8
382018	16960.2	16256.2	0.0611495809772185	9.41428854071609	4.70203347221844	0.040340175063088	0.0902875333480758	382018	Unc13a
382019	249.2	207.6	0.26246695412004	2.57852228679302	6.64347459867185	0.01657569946172	0.0441713053133666	382019	Zfp882
382030	1190.4	1111.8	0.097128248569019	4.90639454055656	5.28119385210258	0.0306448870865829	0.072447039245906	382030	Cnep1r1
382034	1486	1023.2	0.538848164043479	6.38836585943031	65.9032677980513	6.28694109003355e-07	1.11910648417913e-05	382034	Gse1
382038	286.8	258.4	0.158440255267308	3.86291855136724	6.93943952435917	0.0145803263368269	0.0399439038803063	382038	Urb2
382051	252.2	264.2	-0.077506792648276	2.68778872090614	0.762606583606576	0.391231405339576	0.524613137280954	382051	Pdp2
382056	4940.6	4778	0.0484844710205569	7.87892811978555	2.37670082041275	0.136336553313411	0.234819892944714	382056	Crtc1
382066	272.2	245.2	0.153078431721661	3.99926818151523	6.50976305800204	0.0175747211333244	0.0462704953116704	382066	Prdm10
382073	560.6	599.8	-0.0968331735459492	3.34416558353017	2.62626502912249	0.118271008924988	0.209086247920962	382073	Ccdc84
382083	308.2	326.6	-0.0848513635385556	3.420402469272	1.52306987985036	0.229191448504708	0.349407572691387	382083	Snx22
382089	110	130.8	-0.273014889973154	1.30964759481803	4.69035319844638	0.0405682558166689	0.0906973078933923	382089	Ripply2
382090	92.2	92.2	-0.000297685123671275	3.38504499879452	2.86605894338693e-05	0.995773075543265	0.996596630006368	382090	Cep162
382111	1046.4	1153.2	-0.141505038757787	3.87516078291621	5.5841322345097	0.0266323339005496	0.0646529650988484	382111	Susd5
382117	520.6	583.4	-0.166928473114513	4.12046083354497	8.94471089091612	0.00637482942252638	0.0203583262203262	382117	Tcaim
382118	16.8	17.4	-0.0324945522754913	0.742368320685378	0.0440183445080764	0.835603332476352	0.891154029927927	382118	Zkscan7
382137	246.6	248.6	-0.00501437330250251	2.42435073122751	0.0041276335142431	0.965911603725368	0.979077094562842	382137	Fdxacb1
382207	702.6	860	-0.301780303669667	3.12856491433675	19.3106059271269	0.000196561482315988	0.0012100083753813	382207	Jade3
382221	42.8	27.2	0.783475070219293	-0.165455763408516	14.3914070587684	0.00089482372705527	0.00418027865250707	NA	NA
382236	72.4	65	0.144633497985536	1.64293756721344	1.7959899864086	0.192840226415966	0.306024501430451	382236	Brwd3
382245	115	101.4	0.182898057995194	2.91725860129592	4.82829577701825	0.0379643365738114	0.0860088590654968	382245	Tmem29
382252	329.2	315.8	0.0639531121428335	3.44724991452047	1.08414391103647	0.308224155855866	0.438060171950904	382252	Bclaf3
382253	0	0	-0.624829351747115	4.41032602001074	6.74069682323836	0.0244802090772266	0.0605159811873155	382253	Cdkl5
382406	361.8	332.6	0.113496268545591	2.74763812673303	2.07500857902546	0.16274283588461	0.268862193523638	382406	Poc1b
382421	164.6	201.8	-0.299054789646823	1.77848662161238	6.35284966873889	0.0188330062882029	0.0487398877152525	NA	NA
382423	28986.8	27354.8	0.0847632621897855	7.78794862547578	9.62483209644149	0.0048864674301912	0.0165330056732171	382423	Atxn7l3b
382562	148.6	176	-0.231528021529382	2.45516193333714	6.68982727224322	0.016244176270754	0.0435197302939931	382562	Pfn4
382571	15305.2	12369.6	0.307008221317868	7.62732578233175	34.6350670301017	1.61456856287569e-05	0.000157151340119901	382571	Kcnf1
382620	3218.2	2968.2	0.118884765967053	6.2010736779814	12.7677689830823	0.00154935663105132	0.00647812955546483	382620	Tmed8
382686	489.8	544.4	-0.156870149919404	2.6273212239095	3.14915246419884	0.0887474748079655	0.167417906665927	NA	NA
382793	1640.4	1872.8	-0.190737032588596	5.62568958259309	27.0863901024424	2.53303795607322e-05	0.000225779417641893	382793	Mtx3
382823	186.6	180.2	0.0488598134062262	2.64952929652649	0.192045973692463	0.665458263544736	0.765623954571012	NA	NA
382864	80.4	61.8	0.391001257683157	1.26116803981003	3.41221071106655	0.0813842010314818	0.156417117959989	382864	Colq
382867	17.4	13.6	0.316919404126373	1.27080047814602	6.26622745305722	0.0195701575274462	0.0503778185864941	382867	Zfp488
382913	98.4	123.4	-0.312230772014604	1.67230217264386	7.95857440944978	0.00949347782022327	0.0283107777055884	382913	Neil2
382985	751	693.4	0.113493184938681	4.89150126725679	4.95793384733992	0.0356868588623064	0.0818473091845601	382985	Rrm2b
383103	1833	1997.4	-0.125575960662971	5.29282930293302	10.0576416079844	0.00414018405815997	0.0144651245773856	383103	Tvp23a
383295	7215.4	7315	-0.018972095195623	6.34118998708784	0.308963078079131	0.583500162720358	0.697190324209313	383295	Ypel5
383348	165.2	183	-0.146340020423778	2.6858227967113	2.75128829779328	0.110285671935479	0.198390678550768	383348	Kctd16
383563	279.6	400.6	-0.514450193952171	2.57078140376358	31.4354841192163	9.26472990233421e-06	9.93415474839307e-05	383563	Gpr25
383619	22.8	22.4	0.0152566578272315	0.425747277447708	0.00824443385607002	0.928411522193844	0.955719688183878	383619	Aim2
383787	632.6	521.8	0.278238236917852	4.96153895398955	31.2811750680318	9.58748753541897e-06	0.000102045320203936	383787	Ankrd63
384009	371.8	158.2	1.2311457052757	1.49074341635169	111.269416765423	1.8635511483515e-10	2.12092663765925e-08	384009	Glipr2
384061	1914.4	1902.4	0.00962785555242086	6.23003503202263	0.0522454275110044	0.821151752601999	0.881858045330953	384061	Fndc5
384071	20.6	15.2	0.429871957275017	2.1737314487441	11.4816693011886	0.0026611377490983	0.0100088693795126	384071	Slc25a34
384214	4419.2	4530.6	-0.0369105138513164	5.97843358836556	1.15169846315757	0.293944299572142	0.422249145897012	384214	Ephx4
384275	93.6	89.6	0.062405488002244	2.39082014831766	0.612670568926228	0.457307604698959	0.587548810517222	NA	NA
384281	1235.4	1220.4	0.0167036114554393	4.57069493907714	0.126047194196336	0.72568996838297	0.812817191098298	384281	Gatc
384309	3.4	3.4	-0.0587912031608255	1.17406977488081	0.181094984950402	0.674253528942742	0.772913038887968	384309	Trim56
384569	5238.4	5352	-0.0305413173630444	6.78642790392237	0.621846185227871	0.438139083690151	0.569502006803727	384569	Nova2
384619	246.4	237.2	0.0596364852724367	2.94146884092248	0.762265207466004	0.391335800007778	0.524613137280954	384619	Ccdc155
384724	101.8	65.4	0.619891407135866	0.450619158038507	12.9558790784638	0.00145182029305959	0.00613995725237565	384724	Cyp2t4
384763	567.2	503	0.176126801101154	3.32287762446714	6.90330396684081	0.0148090875240898	0.0404174001271136	384763	Zfp667
384783	1056.2	561.6	0.911099926000412	5.24438823083183	48.2046975412431	1.86964182429889e-05	0.000176626162930825	384783	Irs2
384864	17	15.6	0.0972019354677737	1.87311340281523	0.759338240225077	0.392232583442795	0.525309281637562	NA	NA
384945	3.6	4.6	-0.2831815309436	0.496610617218168	2.33358819577837	0.139778565627512	0.239520970667464	NA	NA
385354	50.4	55.8	-0.131455612115156	0.839370356212458	0.754622159268274	0.393683969623245	0.526739119662172	385354	Frmd7
385658	1820.2	1951.2	-0.0998007157335177	4.54888983548076	3.93757284378387	0.0588529882857717	0.121280452335692	385658	Nxpe3
385668	18.8	23.2	-0.260768076708428	1.10515976406688	3.63216869976988	0.0688086786389097	0.136878700942307	385668	Lca5l
385674	159.4	170.4	-0.096520721977926	2.66533098107607	1.35474414292064	0.255974889290627	0.380405397368654	385674	Zfp174
386454	256.8	184.8	0.4760933553524	2.67633180558064	25.9445015578459	3.34856430776296e-05	0.00028470675590827	386454	Rnf39
386463	112	188	-0.72029342766112	1.06732126028689	20.0662195980691	0.000158396592135438	0.00101393460705298	386463	Cdsn
386612	130.4	122.8	0.0865593586041418	2.05638149070101	0.742567832697165	0.397430314341396	0.530567817815695	386612	Thoc6
386649	1149.6	1201.4	-0.0639528416983177	6.00069234807519	3.19681507111949	0.0865095900545075	0.164060328920644	386649	Nsfl1c
386655	3250	3294.4	-0.0194070896582504	5.12062333456302	0.19369848750366	0.663823160053849	0.764290262499469	386655	Eid2
386750	3331	3434.8	-0.0470196571810612	6.09164770123008	1.18480014045657	0.287269976414607	0.414846661913951	386750	Slitrk3
386753	2814	2702.6	0.0593179269255052	5.54015183333811	1.49886510459285	0.232860999751804	0.353844921195603	NA	NA
387181	0	0	-0.0471113290006002	0.953934245378132	0.0829173137711355	0.77587239051773	0.85028929059018	NA	NA
387285	23	16.4	0.487433665908254	1.05973172970901	11.2910359808199	0.00261755196954672	0.00987062253269719	387285	Hcrtr2
387314	2102.4	2429	-0.208619572944601	6.57495046072116	38.2848150399301	2.22306119002861e-06	3.09260119736993e-05	387314	Tmtc1
387524	300.6	282.8	0.0916071986522407	3.28625366075807	2.35576865912881	0.137995009149736	0.236998557776888	387524	Znrf2
387609	362.2	297	0.292344552392025	3.8848723443786	19.3013324019825	0.000197087958626953	0.00121273280289229	387609	Zhx2
396184	1976.6	1796.6	0.139864704848228	5.33365080021437	8.68179480637594	0.0070781563111319	0.0221829296012794	396184	Flrt1
399510	1383.2	1368.4	0.0147424816258174	5.67446735273009	0.173815236757719	0.680475809417025	0.777702012280673	399510	Map4k5
399548	1069	1106.8	-0.0526690748608526	7.04135882751723	0.2091323276152	0.656071582301348	0.757719428732216	399548	Scn4b
399558	6656.6	7197	-0.116565904595289	6.57321341904969	3.31941278368609	0.0876443024304692	0.165769529878304	399558	Flrt2
399566	2703	2996.4	-0.148411313434472	5.64992288974104	11.3150638529937	0.00259477613530819	0.00979751678676713	399566	Btbd6
399568	296.6	309.6	-0.0650162328728259	2.83625585458144	0.786967608185275	0.383886820017725	0.517361314362349	399568	BC052040
399599	172.6	233.8	-0.453483983670798	2.09267871393797	19.0084383301088	0.000214531425284646	0.00130068675380213	399599	Ccdc87
399603	335.6	284.8	0.230958643753069	3.17036532681729	6.77221963344757	0.0157716722989013	0.0425146869467213	399603	Fam84b
399609	25.4	21.6	0.217389353174777	1.56071487138378	3.15280961557239	0.0885734181464191	0.167155005338601	NA	NA
402747	1579.6	1384.4	0.197682956262739	3.76194926120368	11.8086019670107	0.00217177612761647	0.00848890394770319	NA	NA
402757	6.6	8.6	-0.36986304449702	0.348752990459162	6.61704327934496	0.0176808489073535	0.0464906294536814	NA	NA
403174	50.8	37.8	0.428053332700729	1.41939962347605	9.02995853570884	0.00616354611052871	0.0198546680369026	403174	Msantd1
403178	453.4	516.8	-0.182395524170687	3.6250948107848	7.8072664440983	0.0101060370251656	0.0297379192104526	403178	Plcxd1
403187	546.8	478.4	0.19046474144478	5.09430081156123	20.9741564582542	0.000122851604254568	0.000819048472276532	403187	Opa3
404634	613.8	596.6	0.0411047383095241	4.09204390113725	0.456464141640555	0.505786759923962	0.630452418458929	404634	H2afy2
404711	133.2	148.2	-0.160407444406488	2.5142497376388	1.04448346180647	0.322114361701988	0.453255547511734	NA	NA
406217	151.4	180.6	-0.255090458304204	3.04431319945593	12.9117285180312	0.00147409536586699	0.00622271449130882	406217	Bex4
406218	1163.8	1128.2	0.0463992278330477	6.45668608061507	1.79819349763752	0.19257709256654	0.30574574867715	406218	Panx2
406220	26.4	34.4	-0.366181325327798	2.3700520202621	13.1323444259254	0.00136638710887017	0.00586046269187225	406220	Krt77
407243	689.2	689.4	0.00352861755012005	5.34181895510979	0.00569108248903739	0.940495130846326	0.962878355379855	407243	Tmem189
407785	626.6	656.6	-0.07019717797838	4.48498913807879	1.34263719763392	0.258052684787387	0.38259242034228	407785	Ndufs6
407786	913.6	883.2	0.0491204553309002	4.98262640715161	1.27079969987969	0.270842909507522	0.397075100316637	407786	Taf9b
407788	81	140.4	-0.818997937634946	1.34286675633783	32.0232188964721	8.13921998017782e-06	8.94633350520839e-05	407788	BC051142
407790	4.4	6	-0.32997685630068	0.710365808634454	5.71256917786474	0.0251107373277874	0.0617367915182581	407790	Ndufa4l2
407800	41.6	44.6	-0.0989398974016284	1.87042560248781	0.878402495807033	0.358044273587705	0.491515996812298	407800	Ecm2
407803	109	114.2	-0.0622774697958342	1.59115635947117	0.293306028971576	0.593138919308046	0.705446827738226	NA	NA
407812	503.6	551.4	-0.134359494847206	4.0277630751154	4.14378231478836	0.0530558139182159	0.112148103886208	407812	Zfp941
407819	2460.4	2547.6	-0.0497276913731339	6.34041799554879	2.16123360595973	0.154615122677731	0.25886794662156	407819	BC031181
407821	934.2	967	-0.0431625750632368	4.06672476489262	0.617303864004852	0.439795585019183	0.571295532117126	407821	Znrf3
407823	499	492.4	0.0181740937985862	5.15693998754544	0.229061734391463	0.636583568609944	0.741448296689012	407823	Baz2b
407824	176.4	173.8	0.0184900239916115	2.0705649980556	0.0379828412393355	0.847130082449376	0.899729459308053	NA	NA
407831	90.4	70.2	0.372361180356415	3.0638922202971	26.2810225309449	3.08199636269471e-05	0.000266306378466834	407831	Tmem204
408022	40.2	49	-0.290564685619826	1.87085425246399	9.93048805408683	0.00434557359014317	0.0150445318974681	408022	Primpol
408066	41.2	74.8	-0.869638355808047	0.720434875476378	23.2042990474325	6.73303419380917e-05	0.000497243271137169	NA	NA
408067	666.8	514.4	0.369348157154743	2.10781465177127	14.7635564815113	0.000791985326657157	0.00378550129348629	408067	Zfp874b
408068	484	507	-0.0638182782370416	2.62242104759723	0.620346318104155	0.438684964405181	0.570057760991862	408068	Zfp738
408191	674.4	534.8	0.326531333424863	1.88375868616433	9.91030648954409	0.00437918697058962	0.0151319073566585	408191	Gm5415
408192	2570.8	2310.2	0.1235134691031	0.871327282610312	0.760620976603379	0.391839194741945	0.525105876947808	408192	Gm5415
414069	303.6	299.2	0.0120180209712234	2.76142233520224	0.0240978034044269	0.877944055801899	0.9216752000153	414069	BC024978
414072	74	76.8	-0.0588528784246382	0.946280916832424	0.149703317428493	0.702253606235278	0.79548382637341	NA	NA
414077	730.2	792	-0.121411036272653	4.15108533060023	4.0259794130963	0.0562840394705376	0.117426314449647	414077	Wdr83os
414081	104.8	113.6	-0.128769618070676	0.988865790310218	0.705907888368213	0.409158686631943	0.542119319513988	NA	NA
414085	946.2	1122	-0.244301104259955	3.96399123733398	12.0682534008571	0.00197997929496108	0.00790788083154669	NA	NA
414093	846.2	853	-0.0126001818137612	4.04397053708416	0.0463721185354359	0.831333662717014	0.888435989716208	NA	NA
414095	96.2	127.6	-0.430308921234469	0.787200843823538	11.439860157964	0.00247991440981695	0.00945271172982443	NA	NA
414101	32.4	47.6	-0.540075422133468	1.56367183208455	28.3619152476359	1.86890390495702e-05	0.000176626162930825	NA	NA
414111	156.2	131	0.245033785899542	1.07226445137264	5.04171300481571	0.0496483309531047	0.106313626014248	NA	NA
414123	261.4	303.2	-0.221569648019508	0.433461164811838	2.26849682649328	0.145173115616114	0.246283123605083	NA	NA
414758	222.4	200.8	0.152354457061274	2.75096310234948	2.39112830965198	0.135281403072542	0.233364052990872	414758	Zfp950
414872	3485.6	3511.2	-0.010930727313283	7.39289446680584	0.083994156968891	0.774463325571337	0.849453096661717	414872	Zyg11b
415115	33.2	54	-0.721191040504385	1.04284742582243	23.3932893432884	6.40753970583543e-05	0.000478517436769811	415115	Neurl2
432396	31.4	31.2	0.0279220669408643	1.57600316077735	0.0584377714681167	0.811051017483819	0.87504153218714	NA	NA
432442	1195.2	1507.2	-0.336062551635584	5.52375567788192	64.212573527698	3.23232161923323e-08	1.04753310951563e-06	432442	Akap7
432450	3882.2	4051	-0.0618974557509154	5.987587990674	2.0395241973144	0.166236579131693	0.273136696006535	432450	Nkain2
432466	556.2	672	-0.276239142818854	4.28964668576601	16.8621916008658	0.000429729644463848	0.00231765383622405	NA	NA
432467	507	472.2	0.103841731719831	3.62154122010108	2.01984916001528	0.168212806957108	0.275288486385647	432467	Hnrnph3
432479	443.8	433	0.034695297246218	3.28373703321652	0.332731301845235	0.569466063912291	0.685579084440134	432479	4930404N11Rik
432486	3072.4	2727.2	0.171493867147856	6.57556110379509	21.2642568814765	0.000113403396979998	0.000765234687184354	432486	Gnptab
432502	863.2	931.4	-0.11063150081518	5.20715143419418	5.20083971531563	0.0318193538373279	0.0746597279072913	NA	NA
432508	3019.2	2662.8	0.180614103276685	6.76778742529286	9.41640664993025	0.0071183610192166	0.0222847715338438	432508	Cpsf6
432516	41.6	26.4	0.656004544332324	1.08487363929596	23.2225966398195	6.70074846080379e-05	0.00049591714414981	432516	Myo1a
432530	42578.8	39789.2	0.100447390163281	10.2089774795232	4.58834112541915	0.0462726497576398	0.10043923706216	432530	Adcy1
432572	3313.8	2898	0.192761303506025	6.55082736077301	25.4604023907917	3.77693417312429e-05	0.000312131541099706	432572	Specc1
432582	3758	3702.6	0.0186322967502482	5.34365099994339	0.245656756074472	0.624691212525003	0.731827426311914	432582	Ccdc92b
432611	11.4	8.8	0.304324295626077	0.340698333488075	3.35383733071016	0.0795831811487842	0.1536599212967	432611	Dnaic2
432628	78.4	71.2	0.154214278462957	0.966884851683619	1.42070407046328	0.245025816561742	0.368035243955463	432628	Mfsd2b
432649	326.8	293	0.160986681792114	0.568701294580242	1.10591761920944	0.303521463837095	0.4330371373311	NA	NA
432730	69.2	50.4	0.444976633336751	3.20919582107996	12.2640146974592	0.00297325578926931	0.0109603262377196	NA	NA
432731	2511.6	2243	0.164018592587425	6.20241480444225	18.4122761774611	0.000255454501940293	0.00150462077059698	432731	Zscan26
432763	962.4	938	0.0400620824467108	4.47334935038017	0.248734129182988	0.623895225463612	0.731056008137361	432763	Prr7
432768	387.2	468.2	-0.275291423516307	0.869253709001937	2.84810306728015	0.104532595385167	0.190363378316393	NA	NA
432769	54.8	53.4	0.0260010280793795	0.51153305400022	0.0296240216932289	0.864799824089945	0.912262199488838	432769	Zfp708
432779	76.8	65.6	0.207728127004521	1.64553212286662	4.42465246669277	0.0461690158125835	0.100289593410743	432779	Lrrc14b
432800	590.6	710.2	-0.271916479659742	4.21854914590228	12.2328449793972	0.00222927903980259	0.00867348566387796	NA	NA
432855	14.2	19.4	-0.449770842757062	1.61493612486888	14.2820806762209	0.000927736246630409	0.0043131230970717	NA	NA
432939	249.6	318	-0.383462559975649	2.45073579166987	16.4617461478774	0.00046117120507396	0.002451551525612	NA	NA
432940	708	755.4	-0.0957441298179916	3.83022897808388	3.35657487443828	0.0794682030747286	0.153519567928646	432940	Otulin
432999	17	19.4	-0.179116845330987	0.579628994214531	0.942845258323215	0.341302968651646	0.473980890554467	NA	NA
433004	106.4	142.8	-0.426273817523458	1.64060979857563	13.5363572025462	0.00119072806543411	0.00525448814620742	NA	NA
433022	2067.2	2009.8	0.0381949219739747	7.0373717270787	0.630842378625882	0.436323402909296	0.568061472315885	433022	Plcxd2
433082	57.8	61.4	-0.0858000939067521	1.51979777024672	0.630185555586864	0.435123412862775	0.567009899884471	NA	NA
433182	2435.2	2453	-0.0133712769177665	5.46489090136081	0.083295729165363	0.775376101665721	0.849873828276055	433182	Eno1b
433224	752	683.4	0.143092143941506	4.00691339530127	5.17096002572223	0.0322688286281393	0.0755828737768234	NA	NA
433256	7334.8	7355.4	-0.00547560692265493	6.77023644103807	0.021770298328493	0.883941412951462	0.925899643655369	433256	Acsl5
433287	143	142	0.0183837928811191	2.69325324483112	0.0455640495382134	0.832786402617679	0.889404090565822	433287	Rbm10
433297	1118.8	1183.2	-0.0864980666514889	5.40143042202796	3.78329469696667	0.063661193719676	0.128964105679635	NA	NA
433315	85	150.4	-0.902869193949315	-0.091526243229614	16.6714322540218	0.000432147000929883	0.00232461955766302	NA	NA
433323	1088	1098.6	-0.0165705678653599	4.64820931400379	0.0856362357075585	0.772333420388085	0.847879206288581	433323	Sgpp2
433375	756.4	825	-0.122811982999102	4.35001610872937	4.38112766803939	0.0471669695555217	0.102056006462712	433375	Creg1
433408	224.6	317.8	-0.504330938831501	3.37060205883642	35.8112828053153	3.74624411569683e-06	4.75032668653995e-05	NA	NA
433424	102	126.8	-0.315877047936385	1.62482607719897	7.42240805770225	0.0118696434405236	0.0338256755302302	NA	NA
433466	29	30.6	-0.0760247702471305	1.36782383781485	0.314526576524676	0.580152594900525	0.694568508795841	433466	Jmjd7
433485	3189	3215.8	-0.0130911066089031	5.40949545660275	0.0719378659975701	0.790844566280118	0.860693273173166	433485	Syndig1
433520	57.2	54.8	0.0814920158497004	1.06013732048701	0.296930972679538	0.590877944064732	0.703446981592261	NA	NA
433586	440.8	266.4	0.712150998191427	3.4528874480095	98.1040688536053	6.38857836000282e-10	5.18766919188095e-08	433586	Maml3
433667	5260.2	4557	0.208362651979221	5.85582731460039	31.0187040022706	1.01648667776295e-05	0.00010670383372178	433667	Ankrd13c
433693	4069.4	3763.6	0.111766326996697	5.916179649334	7.20838233153983	0.0129953890348362	0.0363880963017284	433693	Akirin2
433700	122.8	121.2	0.0695907313185367	0.273443313788524	0.159258019054348	0.69339527620634	0.788539364459988	433700	Spag8
433702	3120	2822.6	0.144443526908777	6.05771927265044	15.9898419823887	0.000534561990698787	0.00274673267456817	433702	Ncbp1
433752	681	656.2	0.0518205626462829	2.6398704184722	0.42099399168901	0.522647474465363	0.645284581525784	433752	Frg2f1
433759	460.6	542.2	-0.236125853927718	3.14385224432088	10.8362578150416	0.0030925854286072	0.0112936406733422	433759	Hdac1
433771	4516	4337.4	0.0605139407207786	5.81169579527056	2.68568382705089	0.114394393942458	0.203828472638596	433771	Minos1
433806	2672.2	2628	-0.0184939734515769	1.1827787658667	0.0163820090317996	0.899229413236921	0.936353675951738	433806	Chchd2
433809	196.6	183.8	0.104965444561298	3.17730004712145	1.18866036376262	0.28780358664544	0.415368251759679	433809	Rnf207
433813	232	250.4	-0.107830286574123	4.02533819398349	3.29765168002829	0.0819856922903151	0.157331544923555	433813	Pusl1
433864	1439.2	1492.4	-0.0524971468831903	4.91782743397362	1.22679300951177	0.279089385920949	0.406075899345823	433864	Nom1
433904	8624.8	5933.2	0.541564072892799	6.48969447644253	235.929396027185	7.39274480890962e-14	4.85703333945362e-11	433904	Ociad2
433926	572.8	678.2	-0.244850452705154	5.86199050932245	23.031257560625	8.92127321853367e-05	0.000628708352514313	433926	Lrrc8b
433931	840.4	704.8	0.251564362129558	4.33723630226088	16.1162521387644	0.000513730274150753	0.00266279409723705	433931	Pigg
433938	2387.8	2214.4	0.107745782590953	5.3865605383984	4.02319803273737	0.0571260372972684	0.118746691695945	433938	Mn1
433940	57	56	0.0170416907908504	2.64249695862979	0.0460047724531928	0.831992416547195	0.8888771076039	433940	Fam222a
433956	124.2	122.8	0.0142969784157408	2.76379847390455	0.038208288127039	0.846683039830274	0.89945293677104	433956	Dnaaf5
433968	1136	1135.8	-0.00578148712749381	2.39274933615822	0.00312606235880813	0.955878811931576	0.97231064799312	NA	NA
434008	7.8	11.4	-0.415009712183443	5.20267209911162	1.73932608787209	0.213557194609745	0.330700202580807	434008	Tmem178b
434050	118	136.8	-0.267729672164525	0.40819635868025	2.4488671068734	0.130797054302511	0.227119248304721	NA	NA
434064	152.4	188.6	-0.302035832751766	2.26626112999468	9.48740061664513	0.00515336293003796	0.0171692088456406	NA	NA
434128	31371.2	28793.2	0.12434015045574	8.23758515996871	11.4012342347212	0.00252020563907961	0.00956341620038244	434128	Pnmal2
434130	27.2	28.4	-0.0565260982146702	1.41842750906429	0.253489982925272	0.619251994700218	0.727874142587375	434130	Ccdc8
434156	2515	2587.4	-0.0360904325762792	4.1837325534399	0.337939060190346	0.566481196932048	0.683317615083375	434156	Eid2b
434178	227.2	186.2	0.297388575179969	2.34183823619505	10.3380208583088	0.00372385096128901	0.013260542447517	434178	Zfp141
434179	341	340.4	0.00857362003659372	1.30820966667112	0.00516105594152475	0.950275652146649	0.968732391978318	434179	Zfp975
434204	472	529.4	-0.170379401484916	4.38592192245345	9.05412878967628	0.00610504814165751	0.0197057538721567	434204	Whamm
434215	133.2	149.4	-0.171120232817818	2.38418899733174	4.67389202778206	0.0408921542396124	0.0911957898634772	434215	Lrrc32
434232	17	24.8	-0.595968421075631	0.758598897634895	15.5137683838344	0.000621678322045005	0.00310602781432372	434232	Iqck
434233	2926.2	2569	0.184947926588355	6.29328759475894	17.0352323045999	0.000409275187726474	0.00222728296814701	434233	Ppp1cc
434234	319.2	348.6	-0.118344050392046	0.194722353351358	0.42561078701113	0.520396164515932	0.643245896755077	434234	Rexo5
434246	48.2	75.2	-0.666472085123143	0.937432452896858	20.7655122765686	0.000130174941455619	0.000859154613607083	434246	Trim72
434280	159.6	172.8	-0.117227693140691	2.66008731063323	2.08802453334479	0.161483551855731	0.267486048421126	NA	NA
434341	9.4	11.6	-0.277442596673059	0.367219442573993	1.0237353992223	0.325365427578949	0.456585620410304	434341	Nlrc5
434350	181.2	189.2	-0.0663146972434631	2.0151030885712	0.303595535024662	0.586767683372156	0.700573277338604	NA	NA
434377	417.4	432	-0.0440986173496361	2.10096692194745	0.16378724958551	0.689304076172796	0.785060366953084	434377	Zfp560
434401	113	107.2	0.0632397493531095	2.61156792291319	0.493108524854534	0.489348468062934	0.615743253885405	NA	NA
434402	8.6	11	-0.37498486466519	0.257483484291159	4.30442651254247	0.0489853222530675	0.105236897717871	434402	Gm5617
434428	211	210.8	0.00689413970495809	3.36139688819425	0.0077950517413322	0.930384482121403	0.956660546673028	NA	NA
434437	623.8	511.6	0.287320773809444	4.66234800038065	32.3554585392897	7.56934516665262e-06	8.47461774119264e-05	434437	Amt
434693	119.2	123.6	-0.0540094635501967	0.625956093831001	0.086501520341035	0.771220017203337	0.847245886498217	NA	NA
434778	66.6	73.8	-0.164029646855663	1.16049626244116	1.42272882997965	0.244699323759904	0.367659462123249	434778	Ccdc160
434858	111.2	133.4	-0.262701567224475	0.820352838831171	3.29472216517388	0.0821132249427663	0.157552880108633	NA	NA
435145	14.2	14	-0.0431108124985633	0.12312896701857	0.062999112579799	0.803969187285444	0.869673000525655	435145	Shisa8
435376	425	572.8	-0.439694323929483	3.06209606344924	19.3775441232714	0.000221441063069055	0.00133697123040941	435376	Atp6ap1l
435529	0	0	0.013920914845028	0.359819166704568	0.00503509375704764	0.944023173056104	0.96450914988004	435529	Adgrf2
435684	1117.4	1240.4	-0.152896909274553	4.70581100958065	12.3700567714042	0.00177997274551479	0.00726724443514262	435684	Shf
435965	1745.8	1722.4	0.0189483428593615	6.60385749866117	0.280034288587033	0.601575201007851	0.712893986666187	435965	Lrp3
436062	1	0	0.834580493544286	-0.113937868749874	19.2578881898866	0.000199574876532607	0.00122542704562545	436062	Fam92b
436090	208.8	264	-0.33699332179817	3.27860867563477	23.0915351387555	6.93577235173125e-05	0.000508623305793625	436090	Gpr62
436230	353.8	279.2	0.341529040558038	1.19694254152057	8.97311805857951	0.00630355306120396	0.020197640422665	NA	NA
442801	299.2	361.2	-0.271538896434307	4.49068265676249	21.4069209209056	0.000109049291328435	0.000741391560141673	442801	Arhgef15
442802	140.2	221.6	-0.654815401270106	0.536020421460418	19.04203297898	0.000212447950595216	0.00129087738606844	NA	NA
442825	61.4	64.6	-0.0615851053040599	1.72215208839052	0.397811926010349	0.568558232278667	0.684885464568369	NA	NA
442834	0	0	0.0774136592010264	1.87420936584462	0.0359989725884711	0.852838149398234	0.903089294692791	NA	NA
442840	24	14	0.761614792211228	0.768487951529286	21.0584059010429	0.000120022476794246	0.000803150407214832	NA	NA
445007	1767.2	1674.8	0.0756498193641591	5.06297591409601	3.71901648122963	0.0657950333407138	0.132230452156101	445007	Nup85
446101	10.6	10.8	-0.0535366534143946	0.924466344815293	0.147006960482217	0.704812322515567	0.797368798196969	446101	Xrra1
448850	1391.2	1403.2	-0.0123770521630264	3.79580674444122	0.0412370581015924	0.840805412066887	0.895446612585823	448850	Znhit3
448987	45	45.8	-0.00601583855763929	0.505640802624839	0.00142964270254781	0.970153732099695	0.981631224625061	448987	Fbxl7
449521	347.6	314.8	0.139008949595097	2.99563572845477	3.26207327938728	0.0835500849988078	0.159655331646321	449521	Zfp213
474156	644	604.4	0.0894827553415098	4.15761358542353	3.11400661290149	0.0904404531229649	0.169725566013936	474156	Zbtb9
494448	27854.6	26293	0.0850310151780455	8.86156242927324	7.22743465266415	0.0128905458868262	0.0361365303041477	494448	Cbx6
494468	868.8	1232.6	-0.511225926502875	4.90084280095558	84.0062473322452	2.85859525914595e-09	1.56508090438241e-07	494468	Armcx5
494504	1259.8	1587.2	-0.331989867538557	4.65743373802371	31.7853649288419	8.64374118967741e-06	9.38744169141966e-05	494504	Apcdd1
497097	87.6	104.2	-0.273472210036899	1.51145700888539	5.23585225257393	0.0313015387482656	0.0736141296888107	497097	Xkr4
497652	1125.6	1210.4	-0.106450930676825	4.94447460752812	5.30958787975581	0.0302415092582049	0.0717045234281649	497652	Acd
503610	799.4	824	-0.0452638513619205	4.83674092649757	0.864805004877342	0.361725314335236	0.495111523996355	503610	Zdhhc18
50492	1010.2	892	0.180364626974241	5.70569275759048	26.2752843032302	3.08634366871922e-05	0.000266487523223821	50492	Thop1
50493	1791.4	1599.8	0.163363358907594	5.79913300421851	16.7332805848892	0.000423970494725523	0.00229050269188157	50493	Txnrd1
50496	1246.8	1063.4	0.23109569415822	4.83271790614716	22.465788993407	8.18837733857845e-05	0.000584468178033644	50496	E2f6
50497	1132.6	1103.8	0.0323147991646838	4.68080820974839	0.469893583669455	0.499652535750789	0.62486877812456	50497	Hspa14
50500	67.6	76.2	-0.167288797268404	1.61678913942887	2.33258307932605	0.139860034608945	0.239632164561129	50500	Ttpa
50505	1665.8	1604.8	0.0543368100984408	4.87810369664326	1.57103070124306	0.222219038917067	0.340863205826943	50505	Ercc4
50523	484.6	377	0.365852057681108	4.32387104096032	48.6351872122251	3.41271422806619e-07	6.79440378133178e-06	50523	Lats2
50524	2692	2831.4	-0.0745430164473594	5.87375469499921	3.88298968341074	0.0605053664082019	0.123960959045237	50524	Sall2
50525	94	88	0.0886616647454651	2.38146250590374	0.984773717850505	0.330995772261386	0.462510913792157	50525	Spag6l
50527	1002.6	912.8	0.133662683730762	5.15268892220432	9.65503547709235	0.00482986542232947	0.0163721563823523	50527	Ero1l
50529	1429.6	1341	0.0943100749422341	4.84471822601676	4.25453677943293	0.0502104492230131	0.107326505925678	50529	Mrps7
50706	61.8	70.8	-0.172793486638164	2.08777139355302	1.30394121879162	0.267869494338979	0.393967466372106	50706	Postn
50708	111.6	111.8	-0.0149905819316629	3.14001606372985	0.0402132161858449	0.842766323003073	0.896874129928318	50708	Hist1h1c
50721	304.6	326.2	-0.0980891972715792	4.02668891867918	3.15873672896946	0.0882921609815917	0.166733067001297	50721	Sirt6
50722	666.8	792.6	-0.253663023269117	4.31824621873726	21.5352747189125	0.000105286928823342	0.000719195306811244	50722	Dkkl1
50723	54	62	-0.198883791401227	1.34865580117858	3.14730319310745	0.0888356381892814	0.167518632014073	50723	Icosl
50724	688.2	663.2	0.0514104018040198	4.37123154677688	0.939787008466286	0.342072233026104	0.474684337188873	50724	Sap30l
50753	1298.4	1282	0.0200269795100128	4.51730096210805	0.143971688303841	0.707725212900009	0.799464333145563	50753	Fbxo8
50754	17953.8	19792	-0.14095546182193	8.20122901274569	16.362156660951	0.00047569373070511	0.0025110449074932	50754	Fbxw7
50755	4582.8	4548.8	0.0101639372093833	6.74476046536271	0.0883224345172287	0.768896624828648	0.845464573242546	50755	Fbxo18
50758	3488.8	3702.8	-0.0856814775575576	6.17120223932734	6.26090459398366	0.0196164866625202	0.0504693304058502	50758	Fbxl17
50759	221.4	283.2	-0.350209473198968	2.87501727738498	15.8781375935692	0.000553737188576672	0.00282417689614934	50759	Fbxo16
50760	28.2	40	-0.502187371873566	0.887279785023611	8.19324715864909	0.00862268588523171	0.0261832566775502	50760	Fbxo17
50762	287.6	339	-0.245458144152228	4.00864525872818	15.3189358569821	0.000661691904198079	0.00326754177768331	50762	Fbxo6
50765	168.8	251.8	-0.574511446611822	2.81817893463874	33.4554788453205	6.11799297821798e-06	7.1199251616073e-05	50765	Tfr2
50766	1617.6	1439	0.168148386684965	6.12654798668252	15.1452198261839	0.000699741742565738	0.00342995127147091	50766	Crim1
50767	2284	2175	0.0723154606635528	6.17859658967297	3.69981056120343	0.0664483178197547	0.133065740640178	50767	Pnpla6
50768	3278.6	3167.8	0.0502332964481456	6.37597222574282	1.87610827736149	0.183549882958136	0.294233312470447	50768	Dlc1
50769	40	41.4	-0.0472696637330715	4.53772445113371	0.122061110418833	0.732718955186958	0.818701281560937	50769	Atp8a2
50770	1170	1128.2	0.0537485662898501	6.25387140214063	2.37118735137238	0.136771081236853	0.235484122477364	50770	Atp11a
50771	2790.6	2874.4	-0.0426037719486148	6.37374959015003	1.75754734553437	0.197502977436108	0.311708500911646	50771	Atp9b
50772	2659	2146.8	0.307394102327027	6.37787288158508	71.5064171360239	1.23667889726623e-08	4.93783336494091e-07	50772	Mapk6
50773	365.6	393	-0.100547105491543	4.8021985951603	3.95850782318496	0.0582328549029152	0.120294081001391	50773	Nt5c
50776	62.2	67.8	-0.115339660619998	0.798163753876449	0.414520088858032	0.525859748548541	0.648419792315357	50776	Polg2
50779	1936	2007.2	-0.0520412936674184	5.4802072566466	1.79007547768965	0.193548703170267	0.306883825759438	50779	Rgs6
50780	379.8	436.2	-0.20155874923403	3.63096785508406	8.4444765754496	0.00778667011562986	0.0240951680263999	50780	Rgs3
50781	13590.2	12407	0.129468723847615	8.58756570478752	9.77624438046799	0.00509001433081506	0.0170303396151854	50781	Dkk3
50782	915	1196	-0.38599333469796	5.65073465814977	81.746940088912	3.61542703972847e-09	1.84655061598005e-07	50782	Rgs11
50783	364.2	407.2	-0.161700339476463	4.25732174457345	7.63478511876628	0.0108579344539348	0.0314583032947473	50783	Lsm4
50784	9	11.4	-0.298789458122752	0.389082831096144	2.80403538107255	0.10710677381473	0.194097455957637	50784	Plpp2
50785	2842.6	2493.6	0.187884525628875	6.30875563765116	27.0844103495639	2.5342494578544e-05	0.000225779417641893	50785	Hs6st1
50786	1185.6	1146.4	0.0497974801764609	5.54883011824582	0.735274132304561	0.401338104552787	0.534205816668752	50786	Hs6st2
50787	169.4	174.8	-0.0411031802873039	3.33338401958121	0.179745242630983	0.675954784999474	0.774126492542777	50787	Hs6st3
50788	89.4	84.4	0.109411146285218	0.285628949269244	0.421914704728518	0.522197095801097	0.644893781844587	50788	Fbxl8
50789	3435	2969.4	0.210890100289301	6.59863730808608	37.547775716653	2.57130313287112e-06	3.51281809853678e-05	50789	Fbxl3
50790	5021.6	4750.6	0.0798141219610054	6.76275812798326	4.9792429108879	0.035327342654024	0.0813067919051086	50790	Acsl4
50791	6086.6	5525.8	0.137778858303463	7.38915838014339	15.079219511251	0.000714817540249168	0.00348935249130749	50791	Magi2
50793	1641.6	1869	-0.187380326391994	5.63302900437181	24.5381724218529	4.7671818852779e-05	0.000376323577115274	50793	Orc3
50794	21010.6	14537.4	0.531890920492466	7.69467024164883	264.078199492502	2.16060880199334e-14	2.50703864294361e-11	50794	Klf13
50797	3391.4	3578.2	-0.0810631310536909	6.69716437795999	4.5617988132402	0.0431765546310754	0.095205784994289	50797	Copb2
50798	725.4	744	-0.0347706317643593	4.93509229038593	0.607442922488935	0.443426063272701	0.574565694176927	50798	Gne
50799	85.2	77.6	0.074260768546988	1.05069771595133	0.24713756355001	0.623654707359652	0.730968629595881	50799	Slc25a13
50817	759.6	588.2	0.369229309367442	5.14747497860314	72.5477235630549	1.0848012382625e-08	4.49275561542871e-07	50817	Capn15
50849	12730.4	11548.8	0.14140628455828	7.8290214262604	24.885274700099	4.36479169033903e-05	0.000351077902571844	50849	Rnf10
50850	4265.4	3919.8	0.121884871872364	5.90923694313444	10.884432094531	0.00303805693708732	0.0111395421026535	50850	Spast
50868	1823.6	1982.2	-0.119091824625064	5.65850333578001	7.6139449863304	0.0109528796781101	0.0316752546753508	50868	Keap1
50873	1420.4	1765.8	-0.320173106813308	3.94431566003238	27.1271632335237	2.50822633648235e-05	0.00022434346205146	50873	Park2
50875	210.8	214.6	-0.0262429211968274	4.61104439574916	0.271252137739872	0.60730037394838	0.717629454024455	50875	Tmod3
50876	8587.6	7910	0.119307455122559	8.3820269054209	14.8879813635681	0.000760534753236758	0.0036593772713995	50876	Tmod2
50877	103.2	118	-0.182332189835284	1.25387425213054	2.02207442119959	0.167987874199922	0.275107266449771	50877	Neu3
50878	1	1	-0.0279172870766101	0.66496734001015	0.0154101118484329	0.902436821816936	0.938201958033661	50878	Stag3
50880	648.2	622.8	0.057650085036792	3.84282648919756	0.87563585491425	0.358788888650357	0.492226539401997	50880	Scly
50883	2.8	2	0.310620936772102	0.254772102040079	3.77291188784654	0.0640004787177156	0.129451849900065	50883	Chek2
50884	39097.4	37920.6	0.0439928441376828	9.23585044931957	2.79693056074662	0.107528671679532	0.194642382023288	50884	Nckap1
50887	53.8	40.8	0.373021448496465	2.35372207533942	13.2459724224614	0.00131428744439771	0.00568423420745795	50887	Hmgn5
50905	351.8	371	-0.102663513327844	0.337596330900552	0.293908719626564	0.59276174768219	0.705224981562134	50905	Il17rb
50907	1926	1975.4	-0.0360533817819269	6.21233618378994	0.884168017221299	0.356499610234171	0.489860763031154	50907	Preb
50908	88	111.4	-0.350968820212702	0.629270813530113	6.48127825468308	0.017796047193421	0.0467275243243069	50908	C1s1
50909	32.8	23	0.496996888582872	1.2400383166803	13.6917128551634	0.00112987316136781	0.0050318974336234	50909	C1ra
50911	2381.4	2798.2	-0.241166292663978	4.41038006020154	2.147292086075	0.16952338808218	0.276681464695102	50911	Exosc9
50912	1264.6	1225.4	0.0463611797305552	5.69545122705198	1.73766409007234	0.199969240231682	0.314647877020328	50912	Exosc10
50913	875.4	777.8	0.172253883325207	4.15134698586622	7.89862465241507	0.00973115052478867	0.0289173621885887	50913	Olig2
50914	3001.8	2739.6	0.132946882169642	5.97303813956938	7.7707532012455	0.0105170455659694	0.0306973700748226	50914	Olig1
50915	451	391.8	0.203618490340091	4.48106708044623	20.5515655435409	0.000138180054603981	0.00090414418707376	50915	Grb14
50917	423.4	532.8	-0.33768538967847	3.30506538668018	25.5503451514576	3.69304754638001e-05	0.000307661724699577	50917	Galns
50918	3190	2496.6	0.354896631608177	6.32965740909117	83.1462025363986	3.08527454078638e-09	1.65229604348794e-07	50918	Myadm
50926	7596.6	9864.8	-0.376553006559609	7.42843388885501	111.450794349667	1.83376441024619e-10	2.12041846285587e-08	50926	Hnrnpdl
50927	991.4	845.6	0.232474790640182	4.51397974255447	23.0632990391332	6.98756999799776e-05	0.000511383983549669	50927	Nasp
50932	10667.2	9976.2	0.0965066454553428	8.77006489515939	10.9001589123809	0.00302048412612006	0.0110919912497305	50932	Mink1
50933	759.8	768.4	-0.011811682896416	3.96324206781321	0.0403008669440573	0.842597439214585	0.896826464389367	50933	Uchl3
50934	4575.4	5206.6	-0.188776472409045	6.80955812428979	17.362440791138	0.000407514279791023	0.00221928652948017	50934	Slc7a8
50935	4275.6	4558.2	-0.0914109656725538	6.83135689668182	6.83153256802345	0.0152752997183565	0.0414394110602712	50935	St6galnac6
50994	245.2	353	-0.57236785480763	0.439013839197633	11.9463838484677	0.00206759175179781	0.00818766333711933	NA	NA
50995	4138.4	4036	0.0352699927457625	6.603894911053	1.36077219054089	0.254948418913132	0.379390965404139	50995	Uba2
50996	1623.4	1453.4	0.157740035985135	4.20613562981816	11.4775085450695	0.00244636321172452	0.00933467103016531	50996	Pdcd7
50997	8049.4	7400.4	0.120513455198968	7.79548595412069	13.9788694939462	0.00102612619656852	0.00465817463731201	50997	Mpp2
51786	2881.2	2853	0.0155825062715158	5.87240889379836	0.201094838813782	0.657890570067303	0.759334847860161	51786	Cpsf2
51788	129.6	163	-0.339051689301265	2.37549478259739	12.1778951985673	0.00190461449907352	0.00766405845479082	51788	H2afz
51789	7632.6	7060.2	0.11282023462315	8.12340919054946	11.2720462574404	0.00263570680115862	0.00993131024607579	51789	Tnk2
51791	662.8	685	-0.049537830437643	5.67326992310308	1.05143101038494	0.315721449500599	0.445909500789687	51791	Rgs14
51792	24500.2	25782.6	-0.0741695037277953	8.98820892316095	7.00575441252181	0.0141705964241306	0.0390136763265492	51792	Ppp2r1a
51793	104	137.8	-0.413397694932493	2.75869327399768	25.9537406988718	3.34092018935646e-05	0.000284391404104583	51793	Ddah2
51796	3389.4	3683.6	-0.12096645254624	7.39178911381281	17.1029028338009	0.000378484011033443	0.00209310417961638	51796	Srrm1
51797	1381.6	1422.2	-0.047223591636556	5.28328921552904	1.2890854764234	0.267510270182709	0.393531056014474	51797	Ctps
51798	653	667.4	-0.0323709498863504	4.84297230183931	0.502773837831017	0.4851655008722	0.612345629550016	51798	Ech1
51799	6896.4	6681.6	0.045895304721317	8.49867504213484	2.92343010644641	0.100297130096944	0.183994760556064	51799	Rundc3a
51800	1232	1123.8	0.132526478801894	4.82554919373376	5.26386598945925	0.0311018396839108	0.0732756301208227	51800	Bok
51801	1235.2	1256	-0.0248473962139471	5.48532214115484	0.389525451707443	0.538479990018584	0.659407317638172	51801	Ramp1
51810	22000.8	24565.2	-0.160001048606823	8.68943116012814	28.0596718289875	2.00709636238381e-05	0.000187044299303002	51810	Hnrnpu
51812	582	649.2	-0.158679784629556	4.68394813380875	10.7516443449687	0.00319096921054986	0.0116030865331541	51812	Mcrs1
51813	862.2	803.6	0.101935858046645	4.64962116919437	2.7309376749978	0.112056688595228	0.200826705140164	51813	Ccnc
51869	551.2	578.2	-0.0721095248056723	4.24654334870227	2.20553455118255	0.150629002098728	0.253722362933808	51869	Rif1
51875	224.6	272	-0.278160846197731	3.9420987995329	15.8348949008572	0.000561360268424286	0.00285742498109138	51875	Tmem141
51885	920.6	912.8	0.00884147198463116	4.56254140266554	0.0341560607975866	0.854939519551395	0.904832380141749	51885	Tubgcp4
51886	1822.8	1620.8	0.170078424623076	7.05155185668776	27.5689380969891	2.25568120962983e-05	0.000205960936222297	51886	Fubp1
51897	3482.8	3409.4	0.030810231995524	6.29234576120757	1.02699146419224	0.321048481443772	0.452063784782103	51897	Atg13
51902	2803.6	2609.6	0.1002389362999	5.89475710566273	6.44259133209136	0.0181016004939269	0.0472787375387097	51902	Rnf24
51938	455.2	475.2	-0.0619224414711414	4.02876923112552	1.25853192212391	0.273109253531844	0.399506239302629	51938	Ccdc39
51944	133.2	70.8	0.929702175649471	0.872697746180414	51.4892261474575	2.13634085764415e-07	4.73599244729886e-06	51944	Knstrn
51960	255.8	297.6	-0.2184516363432	3.49101665184133	11.3968667876299	0.00251884523971478	0.00956076394297201	51960	Kctd18
52004	274	195.2	0.491213700815785	3.66857681550666	55.9082787642854	1.07094436255592e-07	2.72046218214116e-06	52004	Cdk2ap2
52009	122.6	139.2	-0.1826017051112	2.06268527056735	3.66876548310868	0.0675199886400984	0.134723069547761	52009	Jpt2
52013	715.2	643.8	0.150628972419193	3.81134239505794	6.44977769814183	0.0180444053403464	0.0471805055697117	52013	R3hcc1l
52014	8163.2	6929	0.238226302649067	6.70762701015413	43.1104634265123	8.94101266263538e-07	1.48544134512335e-05	52014	Nus1
52023	561.2	546.4	0.0349178716970334	3.55375462885663	0.261325255754573	0.613916391813868	0.723882090454179	52023	Pibf1
52028	1728.8	1492.4	0.212402202947379	5.86503998457584	39.4636929907703	1.7679014300295e-06	2.57333809361998e-05	52028	Bbs1
52036	6085.6	6113.8	-0.00584285380135648	6.47749376284234	0.0350447886528788	0.853086976679406	0.903202399716095	52036	Ppp6r3
52040	2808.4	2417.2	0.213895370920599	5.99160171663104	30.6017353004134	1.11611927765686e-05	0.000115976908980965	52040	Ppp1r10
52055	7524.6	8237.8	-0.132077517014453	6.77399312774258	12.2888465291176	0.00183152676285955	0.00742076396834777	52055	Rab11fip5
52064	1574.6	1499.2	0.069110733402832	4.7274189672695	2.10860281315495	0.15951647923824	0.264932928413361	52064	Coq5
52065	5159.8	4377.4	0.238541028423349	5.79492949993915	28.6740258438263	1.73696813469179e-05	0.000166375993497913	52065	Mfhas1
52076	242.8	191.2	0.3462431983003	3.04161699722069	21.3962053122507	0.000109369937741944	0.00074322194646077	52076	Tmem38b
52118	91.4	76.2	0.255754907395925	2.55481808838064	10.3028956092887	0.00377340317230726	0.013398388101725	52118	Pvr
52120	3541	3858.2	-0.125442969980046	5.70558791101837	9.65228676737109	0.00483498674546908	0.0163818327283193	52120	Hgsnat
52123	2473	2089.2	0.245611607197248	5.37087761910305	40.7693875264828	1.37871379821765e-06	2.10432198938098e-05	52123	Agpat5
52132	1632	1391.4	0.231755026982968	5.63830663329672	33.6467359156409	5.7326624874574e-06	6.75304837764541e-05	52132	Ccdc97
52150	136	120.2	0.180023272893324	2.23445748664378	4.65685265564716	0.0412304904207567	0.0916789913440185	52150	Kcnk6
52163	3244	3133.2	0.0488218759971012	6.42634690236318	1.06536156431393	0.313451308658186	0.443830840061268	52163	Camk1
52174	1551	1422.8	0.12325126266449	5.95851125377346	14.2274739649366	0.000944667738212506	0.00436935279619954	52174	Tmem222
52184	582.4	629	-0.110700305438849	3.8326912285746	3.42097367987418	0.0768175774787402	0.149317007111042	52184	Odf2l
52187	6599.8	7133.6	-0.111088411360101	7.05464111509837	11.5690920616945	0.00236679926935912	0.00908851784349029	52187	Rragd
52202	583.8	641.4	-0.137807227802765	4.0659212911768	5.36087728553445	0.0295277945157977	0.0702311571386111	52202	Rbm34
52206	2414.2	2502.4	-0.0516698637623737	5.86489114344407	2.19982022024329	0.151136195211186	0.254487717332535	52206	Anapc4
52231	1122.4	1124.8	-0.000518105456520261	4.95004122967523	0.000161566050501843	0.989964316460872	0.993262823137959	52231	Ankzf1
52245	318.6	322.8	-0.0286508813518579	2.79679136080266	0.144726523086111	0.706997538310024	0.798979078868888	52245	Commd2
52250	10135.6	10563.8	-0.0598286429080602	7.3213734342032	3.20862474664905	0.0859651865310985	0.163288987430442	52250	Reep1
52276	74.8	70.2	0.0808104635630899	0.571324634719704	0.22263395067487	0.641333203582717	0.745103297531114	52276	Cdca8
52318	196.8	148.8	0.427741565442369	1.4140964681948	10.4550216977146	0.003563863991092	0.012798034814222	NA	NA
52323	3124.8	2961.6	0.0780282899311402	6.30107665251793	2.97158918452608	0.0982133921625788	0.181137727487293	52323	Klhl7
52331	21	17.6	0.236199202335368	0.516834508337909	1.99042767808441	0.171221341026652	0.278671079575787	52331	Stbd1
52335	2577	2457.6	0.0681039037155402	5.91068291616243	3.864955002165	0.0610628452684565	0.124996794435671	52335	Atxn1l
52348	1308.6	1169.2	0.162636812395153	5.62528227630205	17.0372316488091	0.000386161118020765	0.00212388614911421	52348	Vps37a
52357	1613.4	1641.6	-0.024448398447625	5.50045283878847	0.337510131862163	0.566725866447358	0.683439337219466	52357	Wwc2
52377	4.8	4.4	0.0172624759917973	1.73171716899358	0.0223688059046747	0.882369074858937	0.924855881654175	52377	Rcn3
52389	3121.4	2543.2	0.294552976014774	6.45515753115462	37.7726718904507	4.0873746338506e-06	5.11063260879555e-05	52389	Adgra1
52392	5619.2	5579	0.0111938850727542	6.23297755955845	0.0396887621873176	0.844285143827452	0.897829419429222	52392	D1Ertd622e
52397	2394.2	2257.4	0.083390294680693	5.98775237543552	5.70972409479606	0.0251433768764223	0.0617960158768591	52397	Zfp644
52398	3730.2	3894.2	-0.0627526194640775	7.49960467263421	4.46513090471616	0.0452622002111675	0.0988695544585484	52398	Sept11
52428	304	248.8	0.284728317053317	2.4250565938759	11.8490096937557	0.00214063953159101	0.00839414101725892	52428	Rhpn2
52430	258.4	248	0.061785032669111	4.06180969646336	0.862935080608215	0.362235764706993	0.495575555425923	52430	Echdc2
52432	3438.6	3733.4	-0.121145849946057	5.79243003281098	11.1387005688415	0.00276713438367534	0.0103295868754244	52432	Ppp2r2d
52440	8872.4	8236	0.10623380744955	7.41606824649235	12.3864089099794	0.00176978490525388	0.00723225078330211	52440	Tax1bp1
52443	1063.2	1083.4	-0.0272474822441985	4.72460019608977	0.389248584552794	0.538623223193525	0.659432497716348	52443	Mrpl48
52463	361.2	372.2	-0.0365541075204279	3.04555027680262	0.234311642268193	0.632765050491375	0.738413211674659	52463	Tet1
52466	903.2	776	0.221789133521056	3.67428390461548	9.67573933466115	0.00479148103174379	0.0162572926837617	52466	Slc46a1
52468	3657	3510.4	0.0591949036629325	6.03010263652739	1.67501394143773	0.20826075881492	0.324340158163005	52468	Ctdsp2
52469	1556.8	1625.4	-0.0626183637781047	5.5933458882397	2.9119838642531	0.100927698318782	0.18501064698791	52469	Coa3
52477	2247.8	2323.6	-0.0481835980439653	5.73330860558047	1.56333908209171	0.223319042017223	0.342187367043035	52477	Angel2
52480	90.8	81	0.168069223215625	2.39122826508838	2.02847182552867	0.168178536977016	0.275263568504789	NA	NA
52502	204.2	170.8	0.252696126153648	3.47486718839001	13.2709894397112	0.00130311040751482	0.00564603052464603	52502	Carhsp1
52504	82.6	93.6	-0.172943608391785	1.96015048108614	2.94711841871894	0.0990066137504956	0.182089527312592	52504	Cenpo
52513	1483.2	1567	-0.0809137002087011	5.05583887040011	3.84569197425177	0.0616647437454268	0.125961306684059	52513	Ddx56
52521	1374.8	1385.4	-0.010735184419916	4.81399074011945	0.045506590281127	0.832890214449265	0.889417964728778	52521	Zfp622
52530	253	284.8	-0.175483532417323	4.64345423655043	13.2730014473171	0.00130221600361799	0.00564384711133265	52530	Nhp2
52535	642.4	614.6	0.0650868388987286	4.68677461853303	1.75020110442432	0.198409781594088	0.312875298184698	52535	Mettl17
52538	271.8	306.6	-0.175821147948177	3.6779804845343	6.60029090667461	0.0168913024816568	0.0448222665815802	52538	Acaa2
52551	2486.4	2534	-0.0277597004159919	6.9582278494584	0.846992960877151	0.366629960021007	0.500072609431313	52551	Sgta
52552	834.6	961.6	-0.211578755037454	4.33724967055202	17.4711714701487	0.000338397173240704	0.00190411014236602	52552	Parp8
52563	1176.2	1114.6	0.0781419984907669	5.47707413225662	3.91416272652072	0.0595553247596337	0.122413632547745	52563	Cdc23
52575	536.8	490	0.133510532958312	3.64959244022867	5.29003806966928	0.0305186021805769	0.0722430193118339	52575	Trmt10c
52585	1757.2	1866.4	-0.089188197888144	5.8139621195198	7.2768497290792	0.0126229423802678	0.0355172297380554	52585	Dhrs1
52588	2674.6	2174	0.300139584624179	5.61328077521805	44.2582113013919	7.27171252155727e-07	1.25724082280609e-05	52588	Tspan14
52589	55678	57051.2	-0.0343383522061859	9.52068184367691	1.199503149201	0.284370012062644	0.411522242125897	52589	Ncald
52592	3338	3118.4	0.10007737471061	6.29166445340103	8.25400553749294	0.00841181784704727	0.0256723849580281	52592	Brms1l
52609	1288.4	1343.6	-0.0620037702316692	5.68455805414697	2.12483943821462	0.15798474944048	0.262956191664291	52609	Cbx7
52615	3744.2	3529.8	0.0861339552634436	5.32421069678276	3.56774798023431	0.0711458803060825	0.140695382944878	52615	Suz12
52626	2256	2160.4	0.0644085972375278	5.19541432840351	3.05003733949788	0.0936184676657814	0.174286621798197	52626	Cdkn2aipnl
52633	540.8	583.2	-0.113903507576227	2.88810042668414	1.78433684832933	0.194239178324333	0.307674858465744	52633	Nit2
52635	2081.2	2036.6	0.0328161708019315	5.11951898993182	0.534510674460898	0.471846618461705	0.6004520060534	52635	Esyt2
52637	5905.8	5665	0.0618777037624639	5.94553283958285	2.72136902136473	0.112137710126471	0.200897181726327	52637	Cisd1
52639	406.4	466.6	-0.198169191213648	4.09651634146433	11.8681272515036	0.00212607851815707	0.00835517642779835	52639	Wipi1
52653	609.2	641.2	-0.0752878453978034	3.67633737126127	1.93628896863779	0.176929855941282	0.286024397469555	52653	Nudcd2
52662	507.8	529.6	-0.055487043197603	5.28655011140577	1.28308232794799	0.268598423425948	0.394785602216662	52662	Ldlrad4
52665	414	388.4	0.0831576092238893	3.19673835748306	0.920291812207595	0.347087835822732	0.479907858013184	52665	Echdc1
52666	8488.4	8507.4	-0.00434881853563224	7.83931111824015	0.017684904871373	0.895322442627366	0.934091630914375	52666	Arhgef25
52668	1625.6	1728.2	-0.0869904200351206	3.90140340669418	1.48258568186491	0.235293468300866	0.35683942482944	52668	Ifi27
52670	146.6	125.4	0.220973019876345	2.01148572886731	5.48098226222687	0.0279288171601947	0.0672200190069016	52670	Cpsf4l
52683	3483.6	3637.2	-0.0631068615383854	6.50875903223322	3.80723941890155	0.062886504166735	0.127726464225436	52683	Ncaph2
52686	299	318.8	-0.100028579380913	3.31640721090893	2.8924273650813	0.102015738183924	0.186720967419329	52686	Mettl2
52690	5186.6	5411.2	-0.0617154716643053	7.2305661498083	3.77626044680339	0.063890831855883	0.129320555054605	52690	Setd3
52696	13493.8	14416.4	-0.0956547256438298	8.65526933609077	3.83952258792826	0.0660019143136287	0.132554073848713	52696	Zwint
52700	588.6	595.6	-0.0188542188942671	4.01368371921313	0.110731791488741	0.742223002615878	0.825301275468105	52700	Txndc17
52705	1284.4	1255	0.033171484076909	5.12464477125395	0.765127923842617	0.39046164457503	0.523926161408047	52705	Krr1
52708	1295.6	1128.2	0.200361427946698	4.5937429322181	16.3708328077987	0.000474408950001424	0.00250533685177954	52708	Zfp410
52710	261.2	288	-0.144118475271667	3.64235955791687	6.12283173785724	0.0208617797181114	0.0530841100111683	52710	Slc52a2
52712	295.8	290.8	0.0162491224874435	3.51284126318668	0.0658662377236149	0.799656809461469	0.866759619344288	52712	Zkscan6
52713	421.2	438.2	-0.0561496256049186	4.1655588526298	1.34650649825566	0.257386270252812	0.381839387276419	52713	Ccdc59
52715	719.4	634	0.191349135178818	3.99393554417142	10.0268195267714	0.00418897548352631	0.014593263831981	52715	Ccdc43
52717	1511	1366.8	0.144202455197313	5.16109357513393	11.4712581207322	0.00245189890055413	0.00935085665134813	52717	Anapc16
52808	1314.4	1403.8	-0.0956547199434348	6.85748054660483	6.22977786661857	0.0198898536994215	0.0510454448457808	52808	Tspyl2
52815	404.8	456.6	-0.179880700475229	4.24665786483704	8.86157318814706	0.00658856312537077	0.0209310448848063	52815	Ldhd
52822	12326.2	11978.4	0.0425231201130445	7.79387776196797	2.18969597529872	0.152039832075785	0.255592432289299	52822	Rufy3
52829	706.6	487.2	0.540964717808261	3.48689610448839	70.9619160148359	1.3251518416234e-08	5.21900401057891e-07	52829	Lurap1l
52830	1604.2	1355.8	0.241856050081343	5.33581341103574	28.0814213701024	1.99679032899634e-05	0.00018647917165242	52830	Pnrc2
52837	14394	15521.6	-0.107815865087663	7.77352122878621	11.6478258473022	0.00230065634998041	0.00890326288691213	52837	Tmx4
52838	1655	1488.8	0.151440930599625	5.38808234401343	13.9082271751552	0.00105064797743381	0.00475158506440184	52838	Dnlz
52840	3039	2906.4	0.065491283299831	6.12634617527889	1.99974451691461	0.170735708070727	0.2781262171142	52840	Dbndd2
52846	1373.4	1321.2	0.0562914034800489	4.80848266037114	1.44182802644746	0.241646795914693	0.364170867287142	52846	Cnot11
52850	15256.6	9186.2	0.73132673747333	7.44327449589675	68.0362715034261	2.73174535211137e-06	3.69015395508577e-05	52850	Sgsm1
52855	367.6	333.8	0.130995662337848	2.83132410117762	3.22397145921045	0.085263613419497	0.162243010175615	52855	Lair1
52856	617.4	561.6	0.14519282389219	3.52954765650997	3.6844944678206	0.0669745864532617	0.133856564241627	52856	Mtg2
52857	4238.6	4238.2	-0.000907721882031161	6.77661425957753	0.000711271696007636	0.978945341051762	0.986565078231504	52857	Gramd1a
52858	3544.2	3243.2	0.126633497702709	7.1833356043199	15.9676367134122	0.000538315392954411	0.00276384748166448	52858	Cdipt
52864	877.6	795	0.144255592632087	5.34515626966904	11.43896682439	0.00248071660758002	0.00945327652147685	52864	Slx4
52874	754.6	742.6	0.0224053471793929	5.1182208181166	0.248184078661432	0.622924536845243	0.730613792914232	52874	Pum3
52882	9901	8997.2	0.137282091646699	8.39937688303995	16.4082939475046	0.0004689048402047	0.00248352897043559	52882	Rgs7bp
52892	932	1243.6	-0.428909825900436	3.17962575405798	30.0167336558653	1.27419862418844e-05	0.000130157363349962	52892	Sco1
52897	5063	5169.8	-0.0308034290197727	8.36717329603406	0.680855348945846	0.417591942519768	0.550617947197657	52897	Rbfox3
52898	1772	1912.4	-0.110030334915914	6.32847721199989	6.74783236279977	0.015839599468252	0.0426505449589578	52898	Rnasek
52906	8885	9227	-0.0554054089096214	7.86172683930501	2.2337345813708	0.148155628176955	0.250168393653003	52906	Ahi1
52915	4622	4530.8	0.0276757716935126	8.34538322187045	0.854341906835447	0.364594867805346	0.497907617087914	52915	Zmiz2
53310	9928.8	9279.8	0.0976742229908868	8.20785674078962	12.49236940297	0.00170529162902045	0.00702430470386482	53310	Dlg3
53312	3400.8	3618	-0.0907261857584954	6.80072219855533	9.43018302590638	0.00526915843011111	0.0174599761459941	53312	Nub1
53313	144	143.2	-0.00371895984098059	3.13051343843816	0.00174236537214072	0.967055889400617	0.979731255722753	53313	Atp2a3
53317	1294.2	1201	0.107205721706413	4.96577508383763	5.83225201455373	0.0237794607799073	0.0590767146979684	53317	Plrg1
53319	3361.6	2726.4	0.303980220604316	6.45168842636356	68.0743614201055	1.9248324411722e-08	7.00794158808641e-07	53319	Nxf1
53320	74.4	63	0.250816535410326	1.88525674636528	5.97051852366721	0.0223382125941511	0.0561622064421394	53320	Folh1
53321	8500	8071.4	0.0748702471320414	8.36159983311622	5.1528787685748	0.0325442635173815	0.0761403018582441	53321	Cntnap1
53322	343	371.8	-0.116255594896846	4.26252350066056	4.91057968070461	0.0365005500275139	0.0832537399554499	53322	Nucb2
53323	6918.4	7066.4	-0.0308221646116163	6.8971880787474	1.11201470559808	0.302221994085644	0.431310890848529	53323	Ube2k
53324	6203.6	4787.8	0.3770154152446	6.15839030887739	19.1896971883738	0.00074313294491814	0.00359840656142271	53324	Nptx2
53325	1715.4	1212.4	0.507324345029508	5.08521040163427	66.3917565493593	7.8630259983104e-08	2.10466995888108e-06	53325	Banp
53328	18643.6	18642	-0.00023881415402641	7.94404771309817	5.05940081690501e-05	0.994383964862658	0.99588577554104	53328	Pgrmc1
53330	2677.6	2744.6	-0.0345687625748944	5.89261931745459	0.783797431816021	0.384831014412527	0.518247226527408	53330	Vamp4
53331	2939	2894.6	0.0215967359558042	6.60671293586772	0.398338746907179	0.533957393819716	0.655500189451929	53331	Stx7
53332	2135.2	1786.4	0.25473779200241	5.89997509441561	40.3396221262028	1.49542886168083e-06	2.23757026570753e-05	53332	Mtmr1
53333	2208	2135.2	0.0481977397770463	5.76352331109995	2.29034171616803	0.143335498238591	0.243996147867224	53333	Tomm40
53334	2604.8	2633.2	-0.0175021669248559	5.6705555468939	0.259455983514157	0.615180016213846	0.72497447650672	53334	Gosr1
53356	1572.2	1619.8	-0.0437116626179812	5.709117709607	1.27415396635642	0.27022753483041	0.396494649115698	53356	Eif3g
53357	1813.2	1813.6	-0.00301705783035879	4.72761263645204	0.00185781600893094	0.96604835772004	0.979087208661412	53357	Pla2g6
53374	42.4	39.2	0.11513596478555	1.50457631483924	0.943737775449796	0.341078924404202	0.473715266007336	53374	Chst3
53375	4584.6	4880	-0.0932216149246071	5.13871025568274	4.87635080543771	0.0371016433651018	0.0843054792012547	53375	Mtx2
53376	2222.8	2889.2	-0.378813860941459	6.0879382298257	36.7767755757408	1.28652669500391e-05	0.000131231170427569	53376	Usp2
53378	11783.4	11732.2	0.00598519954231375	7.3873192797508	0.0427020139603633	0.83804330297483	0.893097242586315	53378	Sdcbp
53379	12254.4	11266.6	0.119984338131228	8.96704560024486	17.0110123404811	0.000389273415211475	0.00213774997852077	53379	Hnrnpa2b1
53380	312.6	312.8	0.00250545591015085	3.65795640695606	0.00188260548405408	0.965753059181207	0.979028946374328	53380	Psmd10
53381	918.6	1125.2	-0.296390875014027	3.49873824648573	21.6638587189502	0.000101658854154345	0.000699703370450903	53381	Prdx4
53382	4960.4	4985.2	-0.00707526805530271	6.15562512035632	0.0482313140718761	0.828040824269491	0.886358740575518	53382	Txnl1
53412	2115.6	1518	0.483841291613992	5.15721084835324	66.1035655369442	6.0839989819718e-08	1.71958872318291e-06	53412	Ppp1r3c
53413	2429.8	2523.6	-0.0560981668976629	6.37865894432634	2.72224311414145	0.112083090099505	0.200849117815304	53413	Exoc7
53414	798.6	765	0.0567842243229166	4.75281081528076	1.46620074931481	0.237821679293691	0.359756625066563	53414	Bysl
53415	645	705.4	-0.137761261796587	3.26296308353681	3.13663259787017	0.0893463320289636	0.168108810615288	53415	Htatip2
53416	3669.6	3603	0.0257140320666331	6.45969045222425	0.641454319836046	0.431100001228525	0.563392352419268	53416	Stk39
53417	701.2	220.6	1.62195100322086	3.45521647908118	262.243538458868	5.90871599634335e-13	2.135541146484e-10	53417	Hif3a
53418	4081.8	4402	-0.106892930399663	6.39502726960856	6.9183854113516	0.0147131337305961	0.040193467197512	53418	B4galt2
53420	4195.6	4410.6	-0.0736456609891891	7.46707207427591	4.11823003554774	0.0537378538209777	0.113308087400206	53420	Syt5
53421	3028	2830.8	0.0980443751463424	6.11596788348028	7.34320523824757	0.0122731905537909	0.0347427920612014	53421	Sec61a1
53422	204.4	248	-0.277594078549566	2.78228624535246	12.7957597125412	0.00153440101880466	0.00643593509164322	53422	Ybx2
53424	22404.6	19449.2	0.204663055382423	8.06007029029498	43.2374033545654	8.73741147316107e-07	1.45834408114661e-05	53424	Tsnax
53598	3746.4	3575.2	0.0670361879663478	6.05878557320958	4.28404838381928	0.04948162184492	0.106035522645908	53598	Dctn3
53599	3802.2	3406.8	0.160725145498694	6.10746090336852	19.9059444535567	0.000165761903512327	0.00105315277071085	53599	Cd164
53600	40.6	39.6	0.0347339133988242	2.31421165996276	0.123944447177591	0.727890307986882	0.814691537218708	53600	Timm23
53602	1858.4	2065	-0.149588125130137	4.73119486287785	5.44854204866461	0.029117367175113	0.0695410484383813	53602	Hpcal1
53604	419.8	379.6	0.169157821199422	0.751135145509873	1.61353654616428	0.216261373123257	0.333779165736632	53604	Zpbp
53605	8160.8	7796.6	0.0645532995108648	7.04047309309447	3.14451937694496	0.0889685461739558	0.167659891316604	53605	Nap1l1
53607	1054	945.6	0.1574154754147	5.50431118094803	17.4539019950988	0.000340170016088525	0.0019124143961663	53607	Snrpa
53608	111	27.4	1.91686164034313	2.5707147187811	129.237398476197	8.6624554021237e-09	3.71534511520166e-07	53608	Map3k6
53609	709.6	799.4	-0.172230952820755	5.95662805531446	23.7527211536562	5.83467910362567e-05	0.000444617878921836	53609	Clasrp
53610	3413.8	3387.8	0.00966840967807395	6.7928039884557	0.0723497564737957	0.790261472994166	0.860289851198152	53610	Nono
53611	4264.8	4280.8	-0.00696740646464229	6.15559857678723	0.0440975556466972	0.835457729979033	0.891130250838826	53611	Vti1a
53612	7281.8	7415.2	-0.0254573827724584	7.20969029831366	0.493114155658453	0.489346013248384	0.615743253885405	53612	Vti1b
53614	438.2	485.8	-0.157593336259183	4.0955426553482	7.36943953478078	0.0121378724322269	0.0344069049098663	53614	Reck
53618	2628.2	2875	-0.128764918795645	5.99708962518218	16.6067769831514	0.000440878488186866	0.00236601575571508	53618	Fut8
53619	1710.4	1741	-0.0283100816334081	6.04930700924245	0.424218701309522	0.521073142703363	0.64378076798311	53619	Blcap
53621	1416.6	1276.6	0.146904792367932	5.45711647885434	12.7692588502305	0.00154855659026039	0.00647812955546483	53621	Cnot4
53623	17226.4	17020.6	0.0164803474423154	8.46386780269474	0.288704400702168	0.596035428600382	0.708070689980268	53623	Gria3
53625	602.8	549.4	0.130791517779104	4.68840081354253	8.32169701478594	0.00818354156439505	0.0250656727636716	53625	B3gnt2
53626	328	251	0.367740675940781	2.24511516169635	14.2784865089096	0.000928840432566629	0.00431548042826038	53626	Insm1
53627	1879.2	1921	-0.0303678314224894	6.20971317094001	0.621290764639071	0.438341105225636	0.569713365248749	53627	Porcn
53761	8448.4	8487.6	-0.00677891156772749	8.86802041972313	0.0631720461025438	0.803706152403763	0.869518617278742	53761	Prrc2a
53814	797.6	740.6	0.118480135699044	2.287913516032	1.49400452400799	0.233551704904135	0.354596254483652	53814	Oaz3
53817	5042.8	4689.6	0.104971934954999	6.89176921657868	10.3810760247674	0.00366408109301762	0.0130799279126887	53817	Ddx39b
53857	241.2	232.2	0.0579241862751364	3.44915519820878	0.483165649113547	0.493949582043995	0.61926856265625	53857	Tuba8
53858	175.4	165	0.0875066867963179	2.92453179483095	1.32121079851228	0.26178373832913	0.386814777531102	53858	Rwdd2b
53859	70.4	58.8	0.248085111044404	2.33955934548091	7.33843893285216	0.0122979535912393	0.0347992602207856	53859	Map3k14
53860	4405.6	3793.4	0.21733512819822	6.39065860818641	17.1448139748636	0.000532685119480086	0.0027390361853309	53860	Sept9
53861	6781	6804	-0.00425317642947082	7.60514675058911	0.0149302004144875	0.903774042564722	0.939254386772396	53861	Zranb2
53867	192.6	170.8	0.175198498824965	2.8902184769726	5.4232150194779	0.0286855036852903	0.0687481794507023	53867	Col5a3
53869	5459	4909.4	0.153585040245531	6.73928088656046	15.3353354628757	0.000658217986849082	0.00325372188164044	53869	Rab11a
53870	1282.2	1673	-0.380372357975203	4.50415535455724	38.4357066682098	2.1582816376214e-06	3.02871871749317e-05	53870	Cntn6
53871	465.6	409.4	0.18732073493975	3.82874866498731	10.5584526158798	0.00342868401028771	0.0123864530579101	53871	Pkd2l2
53872	10868.8	9608.6	0.177281519895304	8.03351339378703	31.5376897923015	9.05745613422403e-06	9.73726394501604e-05	53872	Caprin1
53881	3732.6	2165.8	0.787256926157835	4.9840200941557	148.298940501184	9.81342932068956e-11	1.31336395741895e-08	53881	Slc5a3
53883	9129	8718.8	0.0657768664874574	8.53327215610525	3.27798671025685	0.0828764590011952	0.158703259660655	53883	Celsr2
53885	645	629.2	0.0317365540088624	4.1828655005074	0.362060467387712	0.553047663242446	0.671856692259734	53885	Nphp1
53886	2919.6	2894.8	0.0145127325953181	5.62650048633774	0.150673845611776	0.701339136926846	0.794686922665546	53886	Cdkl2
53890	2009.8	1866	0.10842067779084	5.74672170071132	9.75961339900581	0.00463936577427084	0.0158228864797807	53890	Sart3
53892	481	440.8	0.120563217990201	4.07093691276703	4.6460196588426	0.0414472256745341	0.0920808791730273	53892	Ppm1d
53893	1270.6	1009.8	0.336861458130775	3.67570004781305	29.6752065863596	1.37760650736463e-05	0.000138277253176724	53893	Nudt5
53895	260.6	264.8	-0.0239141875632585	4.97256042278523	0.315368133882333	0.579649644345798	0.694138853303577	53895	Clpp
53896	756	787.6	-0.0603326761642218	4.90049145769135	1.77627548068469	0.195214261108715	0.308914706597917	53896	Slc7a10
53897	201.6	262.4	-0.376162995721986	2.95183237560816	20.1059570109961	0.000156626055609953	0.00100450202816032	53897	Gal3st1
53901	11645.4	11192	0.0581964768875777	7.88470369663677	2.57152013362921	0.121979679807513	0.21459278139457	53901	Rcan2
53902	923.2	893.6	0.0437490367134124	4.33784984355567	0.712584624674953	0.406984039820564	0.540129217846518	53902	Rcan3
53945	465.2	599.4	-0.36879487890163	3.62052714460955	29.3736076664338	1.47652447706065e-05	0.000146476903167018	53945	Slc40a1
53951	706.4	636.4	0.153141772643655	4.61067116575246	10.8971813470325	0.00302380264399232	0.0110958803237473	53951	Gpatch11
53970	363.4	412.8	-0.183820287515745	4.10438340718951	11.0640711878558	0.00284380511979732	0.0105636438075271	53970	Rfx5
53972	17029	17956.8	-0.0761205236190117	8.5887121195641	6.37533925947929	0.0186466882021951	0.04835292990214	53972	Ngef
53975	897.6	813.4	0.138559890286309	3.70211876529298	5.6939569529045	0.0253251192819378	0.0621686946503276	53975	Ddx20
54003	25374.8	24586	0.0447711576557622	9.3292465005911	2.03265516028655	0.166923322368582	0.273953639322753	54003	Nell2
54004	154.2	149.2	0.0479478345568585	4.22113215646587	0.917330611922288	0.34779621598366	0.480551238488464	54004	Diaph2
54006	735.2	836	-0.186631285560663	5.42184342211272	25.7108959182423	3.54829326930023e-05	0.000298007152321125	54006	Deaf1
54122	665	729.6	-0.128865923859973	3.73991870212963	4.56479468124841	0.0431136665984032	0.0950834730940006	54122	Uevld
54123	30.6	30.6	-0.0393033037562915	1.16691371828367	0.0532864452253824	0.819537783221171	0.880844669741137	54123	Irf7
54124	73	72.4	0.0306338318863846	0.411330238084765	0.038591571506204	0.847004432421237	0.899662115389224	54124	Cks1b
54125	189	189.2	-0.00761963410950483	2.95398489560619	0.00877419782652012	0.926154077421171	0.954007342862429	54125	Polm
54126	5411.2	4565	0.245286487753878	7.3870775431156	60.3349744630531	5.57075300416268e-08	1.60078854716039e-06	54126	Arhgef7
54127	180.6	173.2	0.0539140475455914	2.86960742474082	0.286672209329278	0.597502507677253	0.709172380191083	54127	Rps28
54128	354.6	358.6	-0.0182400161179033	4.41537097433565	0.15205546221257	0.700043178861357	0.793553418728776	54128	Pmm2
54130	13256.6	13104.4	0.0167726126579025	7.78517134417166	0.395730113877994	0.535288646107003	0.656462081353353	54130	Actr1a
54131	268	207.4	0.370079802910723	4.25722534578419	29.1961166230072	1.78228526085395e-05	0.000169928437733397	54131	Irf3
54132	204.4	200.8	0.00973840847361961	2.52850845217228	0.00596555711199454	0.939186775628251	0.962317612346105	54132	Pdlim1
54135	79.8	69.4	0.188773349492655	1.94342399055057	2.72689254459085	0.111793079867025	0.200453687681179	54135	Lsr
54137	315.6	219.2	0.537027233648024	3.07434889099578	40.6357354757593	1.41391520554896e-06	2.14671537615596e-05	54137	Acrbp
54138	10411.2	11059.4	-0.0880915044020003	7.7497866553576	7.59209137670238	0.0110534257450263	0.0319085711441204	54138	Atxn10
54139	310	446.8	-0.54610846499666	0.350698305988692	8.85113877170182	0.00661593933698721	0.0209891982389844	54139	Irf6
54141	2430.4	2282.8	0.0906360057348441	5.18873189289713	1.44965369440268	0.245780015663136	0.368670023494704	54141	Spag5
54151	2876	2665.6	0.110588841024645	6.45555284905936	12.0261733081073	0.00200976376325229	0.0080047190504405	54151	Cyhr1
54152	441	424	0.0551906120407264	5.15635199401621	1.84069644320903	0.187586873948977	0.299500792671879	54152	Dnal4
54153	9.6	13	-0.412265883110202	2.7206609888001	4.09978064362643	0.0643233870483175	0.129918037479694	54153	Rasa4
54156	82	124	-0.5610206091134	0.519437225202971	12.4098937874694	0.00175526437363249	0.00718917292617851	54156	Egfl6
54160	3753.4	3953.8	-0.0765393758293571	6.24028407005872	5.26997575305881	0.0308059078682816	0.0727800902791995	54160	Copg2
54161	16693.2	16729.2	-0.00355410372962767	8.5100374709009	0.0160119232210699	0.900367782986265	0.937037004009843	54161	Copg1
54169	2005	2315.8	-0.207998825555291	6.56043720919275	31.7491322216998	8.64444782847625e-06	9.38744169141966e-05	54169	Kat6b
54170	5632.8	5871.6	-0.0584837562368557	6.36589859309181	3.62818388029597	0.068950681622542	0.137142307991224	54170	Rragc
54188	348	441.8	-0.343732167736093	4.17059450048857	47.9388181584782	3.83692183855228e-07	7.49444165600467e-06	54188	Cpsf4
54189	15113	14809.2	0.0292233981352656	7.36584435791983	1.14776145215943	0.294751841865239	0.422988792922971	54189	Rabep1
54194	6756	6737	0.00466236787382382	7.75042917689929	0.0164535531242971	0.899010859888452	0.936259269032808	54194	Akap8l
54195	8210.4	8694.4	-0.0836594697769469	7.97952302650274	6.51518450561702	0.0175329427483742	0.0461857398368874	54195	Gucy1b3
54196	5099.4	5557.4	-0.126602025333021	7.6162295954688	13.0275665774022	0.00141643051131908	0.00602293311016855	54196	Pabpn1
54197	731.6	767	-0.0683598107931412	5.17481425715367	2.43370654165028	0.131938347948154	0.228713956063993	54197	Rnf5
54198	3900	3550.8	0.135264803332852	6.82135982616975	14.911397827112	0.000754769400236421	0.00363890490694371	54198	Snx3
54200	447.4	424	0.0711482380470456	2.6191444876866	0.650477142026868	0.427920310261614	0.560351527860243	54200	Sult2b1
54201	938.8	1041.2	-0.15358763846073	4.88554949418466	10.8833527825129	0.00303926703109158	0.0111411528448891	54201	Zfp316
54208	30734.8	26525.4	0.213604298287927	8.17911429475545	42.3793780790755	1.0218463353116e-06	1.65209920923868e-05	54208	Arl6ip1
54214	1334.8	1342.8	-0.00661227424786643	7.03553906212833	0.0282641398022653	0.86790839667546	0.914340230725007	54214	Golga4
54215	172.2	156.8	0.161630623841834	0.479562629162065	0.785023640368118	0.384465399568908	0.517947887535558	54215	Cd160
54216	3681.2	4056.2	-0.139858615815401	7.11081147360409	5.58639265916788	0.031052203795702	0.0732183611195884	54216	Pcdh7
54217	819.8	836	-0.0368409927229791	3.23443317517251	0.290840089026842	0.594687410879528	0.706585436650448	54217	Rpl36
54218	218.2	261.8	-0.250904797265477	1.9488988214829	6.63381786509712	0.016645704155636	0.0442925272212008	54218	B3galt4
54219	578.4	693.6	-0.27314745681946	3.16229674137161	12.9904924711856	0.00143461379098963	0.00608447996917961	54219	Cd320
54324	129.4	118.4	0.115438536685634	2.30521174576759	2.11572093476971	0.166613752897592	0.273600907109951	54324	Arhgef5
54325	393.4	333.8	0.240587763610185	3.91079096693968	11.0263832310618	0.00290640035095562	0.0107577748201568	54325	Elovl1
54326	373.2	387.2	-0.0479716469135595	4.03561564468667	0.708936277647043	0.408170145684384	0.541107454748173	54326	Elovl2
54338	8899.6	9952.2	-0.160466034199263	7.55767019955869	27.2892890033396	2.41214740014784e-05	0.000217363955871177	54338	Slc23a2
54342	350.2	358	-0.026669646509085	3.0882770066418	0.112480632697297	0.740272840891725	0.824147241950935	54342	Gnpnat1
54343	959	1024	-0.0974467637181541	5.85742678696798	2.88057907055629	0.105940653988958	0.192418473580849	54343	Atf7ip
54351	1446.2	1420.6	0.0228761511997387	5.80564144960497	0.438664434443894	0.514124370640118	0.638030785833123	54351	Elp5
54353	132.4	147	-0.163882455466277	3.05643398659982	4.11517717392725	0.0538200013975204	0.113431656488737	54353	Skap2
54354	2461.4	2156.8	0.190905845854433	5.26718684939181	17.567747533513	0.000328666426465931	0.00185578831568688	54354	Rassf5
54357	191.6	185.4	0.0458400378648556	3.279416679932	0.418968871474206	0.523640573064315	0.646234703131114	54357	Epb41l4b
54364	573.8	547	0.0732595678042235	3.05475242847088	1.0478507374327	0.316284991384552	0.446618138479124	54364	Rpp30
54366	941.2	1127.8	-0.255340258741087	4.41744637561216	17.4277545801323	0.000342873512814441	0.00192387179899842	54366	Ctnnal1
54367	264	251.8	0.0655199623345644	4.88941428534726	2.7445980626883	0.110696685365591	0.198833091869549	54367	Zfp326
54369	34.8	35.2	-0.0183132382388002	1.75359315355077	0.0274880892628314	0.869716965705785	0.915378214688081	54369	Nme6
54371	9344.6	8873.8	0.0776172062389684	6.83673907925739	3.45274047210108	0.0757220561284942	0.147564594752765	54371	Chst2
54373	65.6	43	0.588475581144771	0.589247694577921	14.2158442533479	0.00094831701019582	0.00437782627447154	54373	Prss16
54375	11648.4	9818.6	0.246241966505595	7.55612044218284	66.489641050817	2.37457964224301e-08	8.31573173031548e-07	54375	Azin1
54376	2796.4	3142	-0.169255009197309	7.09455665208231	17.2787105522428	0.000367311494360632	0.00204354131620037	54376	Cacng3
54377	40.6	34.2	0.250626562312687	3.37264232182637	11.886637290615	0.00211208326289031	0.00832280574749633	54377	Cacng4
54380	5864.6	5663.6	0.0526555078934974	6.46297369563118	2.19096544169267	0.151926172197724	0.255500173216472	54380	Smarcal1
54381	222	235.2	-0.0788838653638044	3.11870131136853	1.15991212740462	0.292269043558824	0.420385785212383	54381	Cpq
54383	1516.8	1472.8	0.0427924599786989	6.23583904535093	1.74943392498151	0.198504776952197	0.312968357852537	54383	Phc2
54384	2991.6	3245	-0.120159487975605	6.18081983759261	10.9953693003656	0.00291644324335271	0.0107894217147223	54384	Mtmr7
54387	3508.2	3306.6	0.0881354541141511	6.33569774460672	4.78523528341911	0.0387564966189253	0.087392574435249	54387	Mcm3ap
54391	2670.6	2607	0.0320892159926347	4.57089884638424	0.326629661875255	0.573003407418448	0.68867325114717	54391	Rfk
54393	25055.4	24396.8	0.0376578080976789	9.66830517291646	1.81081743318707	0.191078081683033	0.304000285376617	54393	Gabbr1
54394	442	404.6	0.130078783683812	3.52928619452453	4.17255789240226	0.0522994222569663	0.111020098296694	54394	Crlf3
54396	175.4	221.8	-0.352536246335893	1.69379020210442	5.66659939451236	0.0263185883412853	0.0640850532151176	54396	Irgm2
54397	688.6	609.2	0.181149378138512	4.65882346208357	16.7965861803299	0.000415775414997434	0.00225755741862243	54397	Ppt2
54399	718.8	697.6	0.0424635263426978	4.819599337988	1.01197429727467	0.324538977023886	0.455779865322897	54399	Bet1l
54401	64571.2	63151.8	0.0322858416402646	9.25633695958057	1.30609826531921	0.264457548683375	0.390008102098715	54401	Ywhab
54402	553.4	495.4	0.162516936897586	4.44748830253743	13.0264610400707	0.0014169690784139	0.00602293311016855	54402	Stk19
54403	1252.4	1390	-0.146195253773662	6.87261193407059	7.61504719493674	0.0127111469185384	0.0357375836530936	54403	Slc4a4
54405	1441.6	1354	0.0922088326023136	5.17392669831348	1.60939779205337	0.221501201607882	0.339942489704856	54405	Ndufa1
54409	341.4	229	0.576211304513259	3.60560258745	49.0518228966762	4.35778804913379e-07	8.34271105459336e-06	54409	Ramp2
54411	22280.2	22552.4	-0.0174047033352155	8.64053718593704	0.397971061760896	0.534144660878978	0.655671076717176	54411	Atp6ap1
54418	5094	5314.4	-0.0643234744925774	6.59132804233564	2.89041860622422	0.102128266464135	0.186855944743367	54418	Fmn2
54445	115.4	130.6	-0.179158666176092	3.90688831118208	11.053909710408	0.00285442299529355	0.0105925109047428	54445	Unc93b1
54446	1636.6	1593.8	0.0389250272823809	6.80857037851592	1.19824887542038	0.284615881154558	0.411795590211009	54446	Nfat5
54447	979.4	1182.6	-0.271828721059332	3.83994998090095	19.0349039734364	0.00021288823118973	0.00129235048030926	54447	Asah2
54451	1476.2	1585.6	-0.106684868332842	5.54284401855328	6.14793205387877	0.0206290264172918	0.0525969214738995	54451	Cpsf3
544678	440.8	459.4	-0.0555219672989025	4.33644596311576	0.855950335031486	0.364151626368201	0.497490322072399	544678	Cfap74
544696	469.6	455.2	0.0429685168777072	3.40710952981047	0.442978598947639	0.512081261198271	0.635939509134429	544696	Tbc1d32
544707	35	34.6	0.00128198550643443	1.05624089787333	8.70410728718153e-05	0.992633865541987	0.994656618828129	NA	NA
544717	49	65.6	-0.438053735048988	2.01490162523127	13.126842985923	0.00136896613290297	0.00586456327355647	544717	1190007I07Rik
54473	14287.2	12782	0.160252266708491	7.52830733844713	27.1794520455741	2.47679258065421e-05	0.000222357515284323	54473	Tollip
544741	0	0	0.119916626171915	1.73890729386273	0.326872156741174	0.575934091462613	0.691178292759931	NA	NA
544752	7306.2	6775.2	0.109222836157597	6.60972578726229	7.83462795434634	0.00999211820207228	0.0294972302066464	NA	NA
544809	117.6	143.6	-0.295188983894015	1.04323623427717	3.82242194625415	0.0624008510246291	0.127105679355974	NA	NA
544817	191.4	235	-0.301901335716329	3.72846166441385	29.2749708548749	1.51052777462615e-05	0.000148930207738379	544817	Arhgap27
54484	8207.8	7559.6	0.121299259223875	6.59643524902014	13.324041550941	0.0012797494759933	0.00557489419108113	54484	Mkrn1
54485	27	24.8	0.114212978263523	1.3150053269334	0.385780107088354	0.541655615344194	0.662135509487905	54485	Dll4
54486	90	111.8	-0.320265964982848	2.23870416702865	13.6612295587772	0.00114154106246166	0.00507374985142091	54486	Hpgds
544922	904.6	963.8	-0.0919316720168901	2.30603466864306	0.887675879027543	0.355564450120357	0.488807652097685	544922	Zkscan4
544963	1400.4	879.4	0.666912428913175	5.60371140315378	84.7048740280187	9.89552775667886e-08	2.56786280421968e-06	544963	Iqgap2
544971	373.6	323.4	0.20764678896645	5.1077630171506	20.024196551257	0.000160292671219202	0.00102425741370572	544971	Bdp1
544973	558.4	811.4	-0.563383764976533	0.347180800310442	11.1736469585205	0.00273201152515588	0.0102063826788842	NA	NA
545030	273	379	-0.471280737587987	2.15798529869508	16.9803870652424	0.000392943323670708	0.00215627270564013	545030	Wdfy4
545056	568.4	653.2	-0.205513285072866	3.6369026575209	9.56969778538209	0.00499167492403321	0.0167828958715925	NA	NA
545062	1592	1672.2	-0.0697043204441442	5.50670084237029	3.25855630905764	0.083706581744009	0.159912097875748	NA	NA
545085	631.4	633.6	-0.00706128439790373	3.70420001829789	0.0146232783019184	0.904763179696457	0.939765671935748	545085	Wdr70
545136	45	40	0.174543994650055	1.00350275997605	1.59816002737641	0.218393155485405	0.336351056940442	545136	Fam186b
545156	21200.4	23108.2	-0.123449582189963	9.65596432539701	11.4303176895447	0.00254677022564682	0.00964036027428973	545156	Kalrn
54519	176.2	209.8	-0.270953356717834	2.24149199513956	6.64012136321387	0.0165999711411411	0.0442033866753966	54519	Apbb1ip
545192	158.8	149.8	0.08473939635682	2.42249939268827	0.450980673414555	0.509228237582881	0.63369650848239	545192	Baiap3
545207	5	5.2	-0.00888729595514676	0.347265956458279	0.00293656728107818	0.95723557447351	0.973329792011264	NA	NA
54524	694	602.2	0.208946593086433	5.05896746023458	13.860020002521	0.00111574194063228	0.00498976918623111	54524	Syt6
54525	24747.6	24203	0.0326531386695268	8.95155227510257	1.31961364360954	0.262064652009837	0.387071579823236	54525	Syt7
54526	4.8	7.4	-0.502081092995343	0.763086040225254	10.1548974758537	0.00399026303190374	0.0140397424204325	54526	Syt10
545261	38.8	41.2	-0.0945009661934055	0.311511710214685	0.299343342872801	0.589383248928822	0.702419647099043	NA	NA
545276	1879.6	1641	0.195658411272188	5.4231679463845	20.146350093025	0.000154848335242222	0.000996517291892735	545276	Gal3st3
545370	28.6	56.8	-0.989597639020441	2.38324296053981	70.8975450360626	1.37734488912757e-08	5.35165135146504e-07	545370	Hmcn1
545389	1045.2	1042.8	0.00112783683966605	6.43968600825403	0.000854150123413624	0.976927918515385	0.985518993175697	545389	Cep170
545428	605.8	383.6	0.656756293238163	4.45781917407068	44.4154623179754	7.44500660258653e-06	8.36131510752026e-05	545428	Ccdc141
545474	268.6	181.2	0.561604091087933	4.22921423540929	66.5914443014617	3.36340192607735e-08	1.08514757677505e-06	545474	Scrt2
545527	134	133	0.0330652325338398	2.02981128899826	0.0669567456856025	0.798130699567706	0.865559808789887	545527	Erich6
545531	83.6	90.2	-0.0844335757567157	0.450654303139636	0.276036311758673	0.604167011780949	0.714968887201723	NA	NA
545539	295.8	323.6	-0.121470624429776	0.83805051937517	0.630979651197894	0.4348379598213	0.566791222946801	NA	NA
545554	1843.2	1945.4	-0.0784038977614353	6.20799904414251	6.14371588909916	0.0206679204953766	0.0526867941517061	545554	Ankrd34a
545572	189.4	286	-0.597324194579144	1.26922235307737	23.216259902181	6.71191042725196e-05	0.000495981356418711	NA	NA
54561	1906	1928.8	-0.0179286455837184	5.78140316954762	0.141124489897284	0.710571666819439	0.80159680170104	54561	Nap1l3
54562	103	138.4	-0.451186035677622	3.26577248025305	26.5532457674109	3.095718504159e-05	0.000266978014672519	54562	Lrrc6
545622	7835.2	6745	0.216360930147322	6.62026300169879	27.8340306610899	2.11749105458246e-05	0.000195192702187085	545622	Ptpn3
54563	932.4	903.6	0.0422858243311841	5.54575365424572	1.09714695371023	0.305404008578873	0.435035925889329	54563	Nup210
545681	25.4	32.8	-0.390441719562907	0.720209892892265	7.76325341319919	0.0102922960130682	0.0301451805421933	NA	NA
545700	221.2	197.4	0.155706068468736	2.25387643937831	2.67440685669238	0.115118550122219	0.204765385609961	NA	NA
545725	84.2	77.4	0.118386105105763	1.27568005447433	1.16978879185893	0.292300856302798	0.420389709154293	545725	Mterf1a
545902	60.6	78.8	-0.398760534833133	1.04749143071492	10.1427879107854	0.00400860185405233	0.0140905474704456	545902	Ptprh
545938	67.6	61.4	0.095985584672025	0.39492365228605	0.29247287329878	0.593661150556501	0.705830243492939	545938	Zfp607a
54598	102.8	115.4	-0.170482523241143	1.97285453319753	1.88760462413757	0.18229523423789	0.292733620228248	54598	Calcrl
54601	649.6	536.8	0.282143518917127	4.24020210398887	24.8558607133406	4.39741753319658e-05	0.000352720716009008	54601	Foxo4
54604	2532.8	2386	0.0865309801243831	7.49575770933114	3.74842584291285	0.0664030608296105	0.133045445138784	54604	Pcnx
54607	525.2	451	0.224840262587103	3.24505280412177	7.79458514040421	0.0101593195833711	0.0298582361240434	54607	Socs6
546071	10070.4	8184.4	0.297704409556936	8.62220510184871	94.287841477882	9.36406545955277e-10	6.83576778547352e-08	546071	Mast3
54608	2059.2	2456.2	-0.253436327139414	5.89725611820484	48.7940289500176	3.32325602165744e-07	6.68071523463652e-06	54608	Abhd2
54609	7365.2	7118	0.0489134930420346	7.45509511898009	1.80741045126178	0.191481220631489	0.304458521747119	54609	Ubqln2
54610	396.4	428	-0.108348340095837	5.02547875324008	3.8973276432213	0.0601616961312454	0.123396786700869	54610	Tbc1d8
546100	34.6	48.2	-0.473087844214088	1.02960640355322	7.43865713214412	0.0118982483877395	0.0339005090077639	NA	NA
54613	258.6	257.6	0.00418817047828774	3.58958953995853	0.00558299051619224	0.941061829039077	0.963185644875429	54613	St3gal6
546134	411.2	413	-0.00772480297167209	3.1770598203408	0.0156528886454451	0.90148501375094	0.937752025099395	546134	Gramd2
54614	2862.8	3144.2	-0.13516126579432	6.58361180479587	20.7916111931771	0.000129233441589221	0.000854110729186374	54614	Prpf40b
546143	64.8	67.4	-0.0549805774994653	2.19017152799949	0.233720041106889	0.633192682381465	0.738743971005948	546143	Ccpg1os
54615	129.4	89.4	0.53851176921366	0.857281387363351	17.0246317153581	0.000387653367831817	0.00213047215917912	54615	Npff
54616	10839.4	9677.6	0.163694442368852	7.79592252074698	25.1348589275518	4.09830213115007e-05	0.00033297840923914	54616	Extl3
54624	1903	1874.6	0.0195437901519714	6.05435584381245	0.219137531012387	0.643952291242142	0.746945383004086	54624	Paf1
54630	115	88.2	0.381207461886597	1.48483469980283	12.1704414660079	0.00190963747793772	0.0076778581658169	54630	Prickle3
54631	94	58	0.674534093962413	1.59699593261787	34.5183718217712	4.76944024578701e-06	5.78334641884273e-05	54631	Nphs1
54632	526.8	521.6	0.013367190719387	4.08315700063501	0.0636159201615746	0.803032763519651	0.86923875062962	54632	Ftsj1
54633	1144	1184.4	-0.0521682798586325	5.84203886682046	1.33655189543864	0.259105291159853	0.383798716788739	54633	Pqbp1
546336	759	871	-0.206212655243113	2.01511880228003	1.04384036645035	0.323540746697409	0.454804870995451	546336	Prrg1
54635	1219	1090.4	0.155051785394357	3.35533447823267	4.38198907872428	0.0471469846618114	0.102041175666622	54635	Pdgfc
54636	1933.2	1892.2	0.029372927938335	5.41678178677087	0.691689746087861	0.413848905365657	0.54639953775025	54636	Wdr45
54637	1744.6	1819.2	-0.0597432632012266	6.22505020503715	2.74395733822236	0.110736141907802	0.198879248898531	54637	Praf2
54638	750	712.6	0.0730988122241759	4.91337469285211	2.0179261147605	0.168407484924209	0.275482320857233	54638	Ccdc22
54644	2161	2085.4	0.0507543229611555	6.13394549444647	2.76278814380073	0.109583335492955	0.197398085719517	54644	Otud5
54645	2331.4	2332	0.000362405690033931	7.00334470127676	0.0001431384184256	0.990553924758733	0.993647472306387	54645	Gripap1
54646	1364.2	1397.2	-0.0353054831176492	4.78951653573882	0.628685533996781	0.435663430178887	0.567457801190019	54646	Ppp1r3f
54648	540	562.6	-0.0625721526430354	3.78164036706254	0.771025118504175	0.388669987523776	0.522103717441326	54648	Ccdc120
54650	1490.4	1593.2	-0.0991279101979105	5.3041148547598	6.97093892527843	0.0143840968690248	0.0394811500465028	54650	Sfmbt1
54651	620.6	581.6	0.0923271366842116	3.68673362350862	1.71172727538986	0.203243925746763	0.318655787259324	54651	Usp27x
54652	14.2	14.8	-0.085786732164799	1.02822675844663	0.329514011310233	0.571325781491193	0.687131206995649	54652	Cacna1f
546611	18.2	15	0.259712793143044	1.50903474281723	4.25988075751605	0.050077579600774	0.107105850184905	546611	Klhl33
546663	1808	1697.4	0.0974984811345007	4.233736739381	0.906041832486601	0.35576666172248	0.488993089438638	NA	NA
54667	4966.4	5031.2	-0.017841449522002	7.00422867958798	0.125120135674088	0.727409149157061	0.814216049091315	54667	Atp8b2
54670	81.4	112.6	-0.452339249720909	2.27927189472483	18.6224530482313	0.000240131736709489	0.00142775159292429	54670	Atp8b1
546723	167.8	157.6	0.0623219286576849	1.13601874139464	0.244755641675445	0.67696246298179	0.774789408499389	NA	NA
54673	1469.4	1454	0.0156296126664347	6.06331814434653	0.239307455066157	0.629180362390691	0.735417512372234	54673	Sh3glb1
54678	106.2	112.6	-0.091170572294602	1.33361161633911	0.702245484879465	0.410359053030817	0.543211809919171	54678	Zfp108
54683	3833.4	3950.6	-0.0431799747490335	7.11990179256285	2.10592404749389	0.159770902148749	0.265257135269701	54683	Prdx5
54709	3381.4	3433	-0.0210709579228679	5.95682605757368	0.360635285729808	0.553824118495638	0.672122623502317	54709	Eif3i
54710	67.8	59.2	0.212225878894968	0.480842202718435	1.2917140681031	0.267035613484883	0.392968108054419	54710	Hs3st3b1
547109	101	84	0.239598200614397	0.138463696281731	1.65575458209584	0.210540717335885	0.327256213396374	547109	Trim43a
54711	256.8	278.6	-0.114277492854822	3.47767176420862	3.48308735615948	0.0743565098883326	0.145551055515433	54711	Plagl2
54712	4076.8	3899.4	0.0650312430985909	6.24667411882095	2.97203027655861	0.0976701633560226	0.180319905626255	54712	Plxnc1
547127	301.2	271.8	0.165325137564996	7.00864199712338	0.72133731391875	0.413491058742353	0.546057538881861	NA	NA
54713	1879	1769.2	0.0826405903446191	5.57306443321393	0.660918104190344	0.431569945214997	0.563802601964712	54713	Fezf2
547150	51.8	52	-0.00411755143757812	3.03351370249953	0.00437877943579089	0.985454008134183	0.990800795323559	NA	NA
547166	667	764	-0.194301677970702	1.23806471769224	1.75854848651026	0.197379795460148	0.311591040146459	NA	NA
547176	18.8	21	-0.183552435101445	2.87691847492706	2.87928608123175	0.103938242223999	0.189471982987222	547176	Zc3h12b
54720	3329	2532.2	0.396776638746339	6.10917774988816	123.057415771746	6.82619970506855e-11	1.02776969309438e-08	54720	Rcan1
54721	382.4	368.8	0.0561783093616308	4.51405031555643	1.18389470038132	0.2874498426085	0.414994031385536	54721	Tyk2
54722	418.4	428.8	-0.0393020479350051	3.51315223171102	0.373941361911398	0.54665518614943	0.666219690044909	54722	Gsdme
54723	1664.6	1670.4	-0.00691455331264897	5.78298771409195	0.0279744800600441	0.868580417601792	0.914797577505249	54723	Tfip11
54725	7722.4	6648.2	0.215678333097823	7.45871907564288	21.5573158609024	0.000154986139536739	0.000996960240704949	54725	Cadm1
547253	20.6	25.6	-0.301511116818416	1.84635361870344	6.63007364087313	0.0166729351483132	0.0443404976326989	547253	Parp14
547267	459	376.8	0.275835704347068	2.54206709326763	7.00541195510624	0.0142106935334862	0.0390942832761722	NA	NA
553095	68.4	65.4	0.0791149795653689	0.263320829474128	0.131203160260617	0.720457229509887	0.809128888526488	NA	NA
553127	1302	1327.4	-0.0274845904368036	5.46624373257069	0.429816638842373	0.51836045218882	0.641416143817927	553127	Rtl8b
55927	480	538.8	-0.166710489225971	3.11512431176882	5.51300590551402	0.0275189418050409	0.066374345284855	55927	Hes6
55932	61.4	100.4	-0.712250244920492	2.11751647524013	20.3976399406802	0.000267233837977899	0.00156253960118631	55932	Gbp3
55934	859.2	928	-0.116422694884491	4.15003651937376	4.58384808195194	0.0427161063477864	0.0943776522700863	55934	Rp9
55935	2485.8	2786.2	-0.164658218406619	6.10997705216937	18.3684511599105	0.0002587816855336	0.00151938657629782	55935	Fnbp4
55936	2432	2778.2	-0.188418514845135	5.44916078760847	19.0699940466141	0.000210730636640881	0.00128194470623203	55936	Ctps2
55942	231	192	0.269283192436055	3.0617092115004	9.45849369390346	0.00521151141525586	0.0173086364880763	55942	Sertad1
55943	1085	1124	-0.0568805208469916	4.18624186996338	1.30156896805128	0.265265817839521	0.390950455284031	55943	Stx8
55944	1314.6	1369.6	-0.0601609666735066	5.32460522422026	2.228660570126	0.148597058402441	0.250767295055328	55944	Eif3d
55946	1249	1190.4	0.0677563906827457	5.37314866814635	3.25774899896975	0.0837425526422189	0.159959674361125	55946	Ap3m1
55947	167.6	198.4	-0.246038680224441	3.23834082168719	15.4500448565262	0.000634467591772126	0.0031600946145673	55947	Dclre1a
55948	4.4	1.8	0.948849859808625	0.340399187313064	31.1706813315642	9.82609148354187e-06	0.000104081873572263	55948	Sfn
55949	4474.4	4489.8	-0.00330276556248459	6.72502153486589	0.0110569907900291	0.917135332162289	0.947824545336316	55949	Eef1b2
55950	776.4	819	-0.0755799004106439	4.07131760831841	1.71910670961173	0.202305507086802	0.317494440763586	55950	Bri3
55951	662	714.6	-0.114315391379644	4.06004068714114	3.39199385222158	0.07799763242921	0.151123026693271	55951	Mpc1
55960	727.8	753.6	-0.0485910675333352	4.37447468907904	0.861935401939525	0.36250908010354	0.495834021145847	55960	Ebag9
55963	5771.4	6037.4	-0.0630747189676165	6.31095491470027	3.06517293342441	0.0928550309482084	0.173155285424514	55963	Slc1a4
55978	2038.4	2205.4	-0.116778525863593	5.04276726589045	8.24189142695413	0.00845340423711066	0.0257666606586245	55978	Ift20
55979	2584.4	2441	0.0800480646708632	6.89133625322006	6.06160324492203	0.0214418636256206	0.0542293432799161	55979	Agpat1
55980	4169.8	3544.2	0.234719001827445	5.97564378945895	53.4477536365902	1.56527236128704e-07	3.70892569017097e-06	55980	Impa1
55981	457.2	453.2	0.0202543486092135	3.30897534199352	0.0866175561858917	0.771071170509154	0.847146754221596	55981	Pigb
55982	1231.6	1129.2	0.125697719755236	5.43726794861693	13.1355044234149	0.00136490812857906	0.00585933534020841	55982	Paxip1
55983	1243.2	1403.2	-0.176537283426867	5.69608825479654	18.0697409081622	0.000282755031427262	0.00163674057839393	55983	Pdzrn3
55984	9962.6	7239.8	0.46161148494217	7.47472704722436	178.676173566788	1.45438615264045e-12	4.56993422831849e-10	55984	Camkk1
55987	228.2	279.4	-0.268047774149387	2.1840063807328	5.29595371685208	0.0304344578908413	0.0721265214550287	55987	Cpxm2
55988	1469.6	1442.6	0.0289990992090227	5.166938665275	0.544771866124311	0.467670540115485	0.596722675844685	55988	Snx12
55989	1093	1065	0.0355541717520748	4.74955180767755	0.497765105321044	0.487325542065364	0.614320895256651	55989	Nop58
55990	168.8	59.6	1.49723752442477	0.657574545126448	93.1026081359154	1.05717104335322e-09	7.34632224068625e-08	55990	Fmo2
55991	531.8	506	0.0782651303972675	3.8541371516384	1.68181813494547	0.207103143789229	0.322816003375534	55991	Panx1
55992	2569	2680.6	-0.0617727736514664	7.18777578994144	4.04484679184684	0.0557523743450386	0.116609364470185	55992	Trim3
55994	535.8	637	-0.244101360415082	4.05577112737867	15.8070835327671	0.000566323368266749	0.00287720139364766	55994	Smad9
56009	18.6	16.8	0.113610081077458	1.38442798735094	0.899092860451348	0.35254484985365	0.485719498597337	56009	Alyref2
56012	111	111.6	-0.00623497946572746	2.22238533357687	0.00312349190466684	0.955896935656721	0.97231064799312	56012	Pgam2
56013	10025	9725.6	0.0439879205839904	8.83322476536202	2.78753745699141	0.108089428567083	0.195314989437258	56013	Srcin1
56016	157.6	166	-0.0832774915559339	1.44479189454654	0.547007834488275	0.466768663066588	0.595838051396667	56016	Hebp2
56017	1171.4	1474.8	-0.338516833748842	4.44899277969126	34.0897066826887	5.21915106489478e-06	6.239669933167e-05	56017	Slc2a8
56018	1022	1122	-0.13755016636273	5.38944070466566	10.2052060549771	0.00391505285409272	0.0138268395577117	56018	Stard10
56030	2897.6	2856	0.0202968305477235	7.14852418813019	0.337752325640996	0.566587688426734	0.683366025410548	56030	Tmem131
56031	864.4	860	0.0105016524074955	3.14026177034539	0.026265436727295	0.872620450323542	0.917632301853509	56031	Ppie
56032	827.6	787.6	0.0705542979531563	5.07929080561954	2.72154390657108	0.112126779467841	0.200897181726327	56032	Nprl2
56036	1487.8	1253.8	0.246177423300227	5.47823475820642	36.3181410093123	3.29130028364875e-06	4.27041780070548e-05	56036	Ccnl2
56040	2539.2	2526.8	0.00700614938226057	7.59740968279475	0.0190907573466497	0.89164138476279	0.931313504725336	56040	Rplp1
56041	5826.4	5497.8	0.0835923896206902	6.68807003228446	6.85301821657158	0.015134054555559	0.0411179745387311	56041	Uso1
56043	809.6	824.6	-0.0302516257278755	4.81927832497061	0.461308998227081	0.503558616148055	0.628426544448626	56043	Akr1e1
56044	3433	3408.6	0.00962540485936306	6.3448223358345	0.0718123417773387	0.79102262133761	0.860756120557385	56044	Rala
56045	589	631.2	-0.10171817033571	4.09569319938134	4.16325144080584	0.0525427094474549	0.111438345172929	56045	Samhd1
56046	2454.8	2442.2	0.00454039392807388	5.53731042098355	0.0142925550833456	0.905840891925506	0.940388152832814	56046	Uqcc1
56047	23.6	20.2	0.195629367828672	1.13478679086554	2.21342192579126	0.149932274561383	0.252664667103626	56047	Msln
56048	661.4	760.2	-0.204032573571428	4.67981406547611	15.9914499250499	0.000534291305514883	0.00274631811163305	56048	Lgals8
56050	59.8	81.8	-0.436898264571117	0.497240840200723	4.58680049292858	0.0428467313516867	0.0946008930517572	56050	Cyp39a1
56055	2778.2	2435.4	0.188387330953814	6.52982955766056	26.2712993504376	3.08936660400858e-05	0.000266589282951283	56055	Gtpbp2
56068	73.8	82.2	-0.116555992925023	1.37154255447457	0.675528880279613	0.419280532903789	0.552441278267216	56068	Ammecr1
56070	2054.2	2512.4	-0.293933185454908	6.33071027488216	65.3681979858497	2.76127949228239e-08	9.26021665462869e-07	56070	Tcerg1
56075	195.2	194.8	-0.0049052701405115	2.43005019391298	0.00248392592273368	0.960666181652948	0.975617752949156	56075	Pdss1
56077	4773.2	4974.4	-0.0590617920855586	6.52818954384317	3.45645492046694	0.0754005215446948	0.147037120670132	56077	Dgke
56078	37.8	46	-0.288997611618683	1.34523648126869	5.62758838203993	0.0261063154127353	0.0636866943729734	56078	Car5b
56079	1557.4	1635.8	-0.0708564368599823	5.28076905682955	2.50860958615941	0.126411626753359	0.221000832103674	56079	Astn2
56085	9816.8	9511.2	0.0451723746308199	7.69698503664523	2.71194125733685	0.112728810579966	0.201606313798915	56085	Ubqln1
56086	7762.6	8158.6	-0.0678964876183357	6.03290178822933	2.48491506270014	0.128129854486843	0.223400351839906	56086	Set
56087	158.4	130	0.292708387699546	1.97750879331641	6.83526997332267	0.0152506259668271	0.0413957836102382	56087	Dnah10
56088	373.4	368	0.0177806767941456	3.16307438104907	0.0834252696523577	0.775206491796533	0.849873828276055	56088	Psmg1
56089	157.8	166.6	-0.0622576997922757	3.69550668457092	0.345848588975315	0.564145672058918	0.681045815078895	56089	Ramp3
56095	1053	1038.4	0.0211796052088851	5.44084501478663	0.318896037093612	0.577550843353316	0.692470148773086	56095	Ftsj3
56149	1144.4	1011	0.174192992718234	5.84035705716976	3.33440960276254	0.0917984098983002	0.171805544046359	56149	Grasp
56150	421	466.6	-0.141036845136928	2.90211915854912	3.14980563188516	0.0887163593651571	0.167381054465994	56150	Mad2l1
56174	682.8	818.4	-0.266288161728331	4.81848963971559	27.3893535240383	2.35484655629483e-05	0.000213264111056927	56174	Nagk
56175	191	530.8	-1.59862327408312	1.47236733068346	142.249922197238	1.56486459989188e-11	3.11348476156566e-09	56175	Bace2
56176	909.6	1033	-0.181105122636614	3.6148563908183	9.65883767337633	0.0048227910678703	0.0163520108128073	56176	Pigp
56177	79629.6	78245.6	0.0256625322190701	10.262529075628	0.93742255930816	0.342668648748147	0.475329428887305	56177	Olfm1
56187	1261.4	1321	-0.0636458756325123	5.36243359673435	2.08333316017506	0.161936080538198	0.267959256794403	56187	Rabggta
56188	154.4	188.2	-0.298791899235871	4.03466078060237	18.176133090399	0.000275868879542924	0.00160201236838627	56188	Fxyd1
56190	10.2	7.6	0.403011776271022	0.836428853659937	7.33399453561334	0.0123210938284879	0.0348510939720086	56190	Rbm38
56191	5757.2	5082.2	0.182035151983423	7.96788002778068	11.5088375004262	0.00352423256759336	0.0126620078379305	56191	Tro
56193	327.6	383.8	-0.234257363544468	3.35739432874408	10.0280706976672	0.00418698266025186	0.0145898378426423	56193	Plek
56194	1115.8	1259.6	-0.179942825975019	5.20084774039651	12.3954688857667	0.00176416770765596	0.00721950171190807	56194	Prpf40a
56195	2278	2350	-0.0464925973873435	6.70403882030348	1.79395582529155	0.193083530147259	0.306314273378167	56195	Ptbp2
56196	1769	2066.6	-0.220145513447339	4.26543328293458	18.3333365711614	0.000261481598616658	0.00153386973474236	56196	Tdp2
56198	210.8	319	-0.603745310104464	1.99206411385336	21.9911974093534	9.46123333091244e-05	0.00066032190519077	56198	Heyl
56199	1014.4	1098.2	-0.115219283705036	4.88279331626971	6.62898971291704	0.0166808275345297	0.0443451685091213	56199	Abcb10
56200	557.4	564	-0.0201788093609762	4.78521522793657	0.197470579468768	0.660780858522191	0.761819137678851	56200	Ddx21
56205	26535.4	25259.4	0.0718963967326914	8.50279869071256	6.59622597640899	0.0169213512205731	0.0448937611127321	56205	Ensa
56207	4389.8	4549.8	-0.0528583002117153	5.43626805805807	1.71933880678088	0.202276079258907	0.317482752821249	56207	Uchl5
56208	3419.8	3213.2	0.0913273553713764	6.64532986002943	7.82536404035608	0.0100305291417739	0.029551828009621	56208	Becn1
56209	18590.8	18496.6	0.00747917814949856	7.81317026502308	0.0872943394160267	0.77020517445353	0.846525434102457	56209	Gde1
56210	1176.4	1197	-0.023458664336013	4.46558277597664	0.21749487824713	0.645191618775696	0.748022752689814	56210	Rev1
56212	105.2	111.4	-0.0969986563607572	3.72157543928485	1.48487833206572	0.235410635481023	0.35683942482944	56212	Rhog
56213	10031.6	5628.6	0.836131975050391	7.1442081422278	458.135843381391	4.59152143164361e-17	3.31829253864883e-13	56213	Htra1
56214	1006.6	1066	-0.0847943870990851	5.27777605721146	5.02845557802259	0.0345124333696445	0.0798020655774822	56214	Scamp4
56215	4471.4	3703.4	0.272178812883448	7.12167369883273	68.3544371127038	1.85542021002127e-08	6.82398058922327e-07	56215	Acin1
56216	5401.8	4939.8	0.126538757408666	8.12119272306755	6.74965753195841	0.018115485060772	0.0472982584945248	56216	Stx1b
56217	1887.2	1833.6	0.0435174009828729	5.23193607153902	1.09846806974374	0.305119436026961	0.43471624724827	56217	Mpp5
56218	720.8	822.4	-0.185785567918212	4.26738479051361	12.7447104858448	0.0015617964580274	0.00652056788108841	56218	Patz1
56219	2695	2936.2	-0.123542368333155	6.4954811578738	13.8222708266363	0.00108135100871773	0.00486327459824734	56219	Extl1
56220	260.2	260	0.0043851703620417	3.18430957512828	0.0037196644182603	0.951876687330002	0.969859413412368	56220	Zfp386
56222	135.6	144.2	-0.0854718469616002	2.62615060888332	0.637083534691515	0.432921505419925	0.565108592011162	56222	Cited4
56224	18332.8	17388	0.0754179876876611	8.07545171790436	7.07502798411093	0.0137561184433908	0.0381707984489449	56224	Tspan5
56226	95.6	131.6	-0.478279737758478	1.84111230834239	20.1366371441686	0.000155273794667066	0.000998366293646693	56226	Espn
56228	7838.4	7545.4	0.0546524587219292	6.97651906279418	3.30947123962322	0.0814734479691594	0.156514781624964	56228	Ube2j1
56229	275	275	0.00907936250500748	2.31502698234855	0.00790682711595584	0.929888499905529	0.956354659003452	56229	Thsd1
56233	1466.2	1785.4	-0.283278769140442	5.56192205681249	37.1173058634747	2.80176258343151e-06	3.76363163391441e-05	56233	Hdac7
56248	5161.4	3909.8	0.40241519368249	6.30742418966731	109.870014038591	2.11180188029208e-10	2.29503641937907e-08	56248	Ak3
56249	2987.6	2992.2	-0.00240468345608846	5.67310415890769	0.00420646475650913	0.9488288035492	0.967791344490894	56249	Actr8
56258	3622	3604.6	0.00370699771953113	7.14584913053423	0.00799210918641554	0.9295386354617	0.956335072742787	56258	Hnrnph2
56264	183.2	217.6	-0.251553056244989	2.81521236453367	9.60783349628159	0.00491864272834865	0.0166068820358681	56264	Cpxm1
56273	700.6	754.2	-0.106298478346272	5.3902463287803	6.52708537679776	0.0174416180406519	0.0459870753665784	56273	Pex14
56274	540.6	526.2	0.0416893051035895	4.17874029906976	0.558312228757009	0.462252566034771	0.591693109233668	56274	Stk3
56275	450.2	409.2	0.136704177556147	4.82359789270083	7.72111301741317	0.0104741780632033	0.030612657853445	56275	Rbm14
56278	187.4	206	-0.133686271291892	2.83436790288417	4.01962509515257	0.0564643884497334	0.117666705688069	56278	Gkap1
56279	2802.6	2561.8	0.129677739470258	5.4908637245011	9.017515750122	0.00619390032712132	0.0199213696769496	56279	Fam69b
56280	2889.4	2964.6	-0.036945473222698	5.29973898088983	1.01033221864828	0.324923813452404	0.456116666464947	56280	Mrpl37
56282	553.6	511	0.115974306488839	4.90979137634765	8.9767484600997	0.00629450723894649	0.0201865559422526	56282	Mrpl12
56284	1420.8	1373.6	0.0514908605394521	4.46342572760821	1.36378023130737	0.254438190636726	0.378748672241322	56284	Mrpl19
56289	387.4	381.4	0.0238455688297446	3.53816632254967	0.162740501960494	0.690243663745674	0.785820881835221	56289	Rassf1
56291	125	127.6	-0.0355322885348568	1.41567799352691	0.0987855680552393	0.75602776822932	0.836020607603595	56291	Styx
56292	988.6	1037.8	-0.0716500121951077	4.37254199989044	2.05128979551928	0.165068209119127	0.271804043587135	56292	Naa10
56294	2653.2	2374.2	0.161821462032633	5.43669086349902	8.576528809208	0.00789154216094007	0.0243623131982545	56294	Ptpn9
56295	6615	6325	0.0631532795739901	5.97357673208985	3.22372837053265	0.0852746747131689	0.162243010175615	56295	Higd1a
56297	1628.8	1587.6	0.0376921736103617	4.68999073313849	0.384367608275151	0.541353907909743	0.661989799882555	56297	Arl6
56298	4110.2	3940.8	0.0601844740119065	5.99350443153573	3.17700190141146	0.0874318814460145	0.165513498240488	56298	Atl2
56299	249.6	222.6	0.16266268578923	3.14528065854757	5.32941875319813	0.0299632969717163	0.0711615994789988	56299	Fkbpl
56305	2050.6	1859.2	0.140602834054391	6.34892128143274	20.7120752816957	0.000132125989782602	0.000870441684739165	56305	Pitpnb
56307	3460	3420.8	0.0156233525817183	6.30654254926746	0.224644670372625	0.639838456144691	0.744204155879565	56307	Metap2
56309	107.8	104.6	0.0482091455214811	2.42067681135806	0.337382696554678	0.566798598505422	0.683439337219466	56309	Mycbp
56310	266.8	271.4	-0.0227300676689972	4.20578327814922	0.114036283681213	0.738594677799078	0.822976215919509	56310	Gps2
56312	27.6	30.2	-0.135730089231546	2.04236822230242	1.49997315676398	0.23264779631635	0.353595294212043	56312	Nupr1
56314	116.8	100.8	0.21816360151166	2.17328626075133	6.87150027608174	0.0150137089990152	0.0408462410099667	56314	Zfp113
56316	1449	1317.6	0.13850708237207	4.23048253334868	6.65577844498068	0.0164869763904505	0.0440241560590377	56316	Ggcx
56317	2412.8	2699.2	-0.166963329630846	5.22798918540941	14.5491663207482	0.000849552819271829	0.00401157675588207	56317	Anapc7
56320	6361.4	5652.4	0.169758937898467	8.3235599635916	29.5500567453435	1.41775128359775e-05	0.000141716300505684	56320	Dbn1
56321	175.8	202.6	-0.2004209057439	3.72033133697693	11.0107732787203	0.00289998198632723	0.0107395320944021	56321	Aatf
56322	1332.2	1251.2	0.0918844365507125	4.35014993218221	3.05770036289868	0.0932310431591414	0.17376679533491	56322	Timm22
56323	2616.2	1792.2	0.543030725186538	7.37748966826128	46.3440118620266	1.45631286761227e-05	0.000144835685805428	56323	Dnajb5
56324	1685.6	1626	0.0524019928313246	4.99260398309054	1.49732510932584	0.233048276282875	0.354014344475798	56324	Stam2
56325	1115.6	1238	-0.150811692302474	5.82189480195709	11.0646067608794	0.002843246691137	0.0105636438075271	56325	Abcb9
56327	570	650.6	-0.194325305880004	5.06829252555449	23.9054852640313	5.6082701896149e-05	0.000430951288254619	56327	Arl2
56330	2281.4	2448.8	-0.0930545246928541	2.58129229308635	0.861867701390939	0.36252760035072	0.495834021145847	56330	Pdcd5
56332	287.6	264.6	0.120018573852512	4.05880146639633	3.13151970664249	0.0895922338190452	0.168461837858785	56332	Amotl2
56334	544.2	500.2	0.126612138350895	4.4592640618074	5.07612169208817	0.0337431272185015	0.0783994793146151	56334	Tmed2
56335	565.8	472.6	0.262574954014806	4.60739292393788	22.2579761050882	8.65714648542594e-05	0.000612783522528631	56335	Mettl3
56336	2614.8	2303	0.18457409007791	5.89982581348841	25.8160468691636	3.4568340779043e-05	0.000291511550536924	56336	B4galt5
56338	384.8	337.2	0.191150098580557	4.03958269593178	6.56504798563985	0.0175675012088493	0.0462599130028616	56338	Txnip
56347	5007.2	4950.8	0.0149568610030765	7.64120381543874	0.196899225065156	0.66123941324777	0.762165428954009	56347	Eif3c
56348	4989.2	4799	0.0558969715474716	6.0395294387487	2.83912091358675	0.105051385055064	0.191139566916654	56348	Hsd17b12
56349	1388.6	1066.4	0.37911141407606	4.99277685487976	19.6183726310509	0.000477848023890786	0.0025170609829874	56349	Net1
56350	1483.6	1455.6	0.0280516725158922	6.20041021907386	0.498830542534476	0.486864697308674	0.613900578810048	56350	Arl3
56351	1241.2	993.8	0.314376830343967	2.0734638594163	4.7641029758124	0.0411051396371567	0.0914755486243977	56351	Ptges3
56353	874.4	816.8	0.0996419632946553	4.4033500299042	3.56381004496051	0.0712916619730408	0.14088729589258	56353	Rybp
56354	6524.6	6461.2	0.0128110325669323	7.49943044844782	0.11135434655135	0.741526824838405	0.824907929363066	56354	Dnajc7
56356	303.8	297.2	0.0281112066501696	4.330868604843	0.38128865742983	0.542771949188669	0.6631636309022	56356	Gltp
56357	1685.4	1756.4	-0.0578820200040474	5.65042664144275	2.01616815994658	0.168585688726072	0.275680229080965	56357	Ivd
56358	194.2	202.6	-0.061234682394455	1.80816907455735	0.339978866977093	0.56532050445956	0.682236166941512	56358	Copz2
56360	1072	1142.6	-0.0929639665473787	4.23158217986674	2.99160367125648	0.0966347583444222	0.178705066160476	56360	Acot9
56361	572.8	570.2	0.00744818424724607	3.77187299008135	0.0162445921073978	0.899650561057737	0.936682606216105	56361	Pus1
56363	2517	2615.2	-0.0570530668693073	6.20370349725747	2.09991337592977	0.160343561340855	0.265949522066554	56363	Tmeff2
56364	4766.6	5106.8	-0.100023641053542	7.5622215972171	11.8915099732173	0.00210841583102286	0.00831061969501077	56364	Zmym3
56367	6709.2	6666.4	0.00882006076046645	6.53051676496418	0.0516189025636745	0.822208177957294	0.882402509963968	56367	Scoc
56368	523.4	501.6	0.0584357627521216	3.45722736166681	0.829722131158555	0.371477663334283	0.505254365844898	56368	Cyb561d2
56369	720.4	692	0.0638434250931727	3.43982435130349	1.12063542331531	0.300397421313623	0.429045882180545	56369	Apip
56370	4823	4632	0.0567226184742247	8.16515063919097	2.22519537641741	0.149133046134586	0.251554329423422	56370	Tagln3
56371	1328.8	1432.8	-0.109001074407762	5.92317791331455	9.87888634743405	0.00443208702445543	0.0152599775730059	56371	Fzr1
56372	1908.8	2118.4	-0.154077479721175	6.24057437870972	18.0354331974155	0.000285659558979439	0.00165024910691	56372	1110004F10Rik
56374	5849.8	5183.8	0.173132014708388	6.20450164360548	19.4697840006676	0.000187759025359565	0.00116625223573148	56374	Tmem59
56375	1373.8	1241.4	0.148259861990573	4.29719114649213	9.88110770291459	0.00442832416736325	0.0152579255101474	56375	B4galt4
56376	514.8	530	-0.0352679580775967	4.65864444644983	0.402364399931722	0.531914998085539	0.653822551435358	56376	Pdlim5
56378	2771.4	2555.6	0.115105059764669	7.08811108854825	7.17689407760885	0.0135311163520431	0.0376547469681231	56378	Arpc3
56380	82.8	77.2	0.106739389735344	3.01859988076257	1.78533574396883	0.19411877277435	0.307585259995665	56380	Arid3b
56381	2411.4	2016.2	0.258018267946964	6.60167944306015	41.6516846093347	1.16889337659881e-06	1.83643313753904e-05	56381	Spen
56382	1015	1012.4	-0.000355859778378093	4.78805689944944	7.09990075361244e-05	0.993347193789007	0.995068288795226	56382	Rab9
56384	3596.8	3622	-0.0127667041032484	6.33218008287515	0.144137714501029	0.707564972847898	0.799439543819864	56384	Letm1
56386	9743.4	9949.2	-0.0289406418231935	7.35845094637467	1.05494764696979	0.314686357204381	0.444925815028086	56386	B4galt6
56389	2283.8	2138.2	0.0961318572955871	5.96001973161535	7.01755757048947	0.0140990117065083	0.0388684179297865	56389	Stx5a
56390	297.6	293.8	0.0163702022586776	3.74869213824561	0.0502589028606926	0.824524851897756	0.884101054104612	56390	Sssca1
56392	2288.8	2328.8	-0.0248719957681991	5.96053086364453	0.476365307629232	0.496742585076756	0.621960960213048	56392	Shoc2
56395	972.6	950.4	0.0370329567908847	4.56723129638594	0.641157039322466	0.431205392246389	0.563468921351759	56395	Tmem115
56397	6931.4	6561.6	0.0779279504258796	7.87481844598076	4.27406753937965	0.0497517061336525	0.106503430162295	56397	Morf4l2
56398	6353.2	6194	0.035746732513445	6.66380376462238	1.26578878174057	0.271765636092383	0.398145196034797	56398	Chp1
56399	3537.4	3264	0.116828739505661	6.80341960857917	15.1467078420866	0.0006994058678392	0.00342995127147091	56399	Akap8
56401	248.2	207.8	0.257214341862782	3.58002815798309	17.1028643407563	0.000378488462003017	0.00209310417961638	56401	P3h1
56403	2992.6	2833	0.0778919924419021	6.34762063218303	3.34907674796243	0.0798114597352634	0.154038568435505	56403	Syncrip
56404	1422.6	1287.2	0.148289966557041	5.22766406039831	11.9276375984906	0.00208144031888937	0.00823122800799645	56404	Trip4
56405	1252.6	1265.8	-0.0177319593729502	6.11698034706219	0.0693709512461308	0.79569432281575	0.863824976864868	56405	Dusp14
56406	2749.8	2876.4	-0.0647689916820099	6.87562949381404	3.68084462596783	0.0671006961350175	0.13403447511547	56406	Ncoa6
56407	5546.6	5297.4	0.0653530051983683	7.4648095977971	5.29855967054416	0.030397472906132	0.0720506843859022	56407	Trpc4ap
56409	7341.2	7191	0.0294650533515986	8.11784993721419	0.890963096697259	0.354691278491823	0.487947483664602	56409	Nudt3
56412	1258	1252.8	0.00322377963029061	3.99774976605288	0.00422495289212319	0.953325849925386	0.970720101079361	56412	Noa1
56417	14267	13477	0.082207453584865	7.92350977613504	6.47051123862306	0.0178805087110767	0.0468366931696089	56417	Adar
56418	3786.2	3786	0.000210363345083423	6.80045915085585	5.85887507692677e-05	0.993956524175662	0.995540683281478	56418	Ykt6
56419	28.8	25.2	0.199379673913102	0.483492941199831	1.69401762218575	0.205518130351792	0.321267672161525	56419	Diaph3
56420	967	881.2	0.132872518557427	4.57171574921592	7.02259161738529	0.014068602380042	0.0387993853846836	56420	Ppp4c
56421	10779.8	10593.2	0.0239174160212499	8.53762894823713	0.430124760312959	0.518227797578761	0.641306899503717	56421	Pfkp
56422	2750.6	2626.4	0.0681802971140368	5.45769353764628	3.04097341605811	0.0940791233747353	0.174941418919133	56422	Hbs1l
56424	1480.2	1530.4	-0.0492949169201447	5.60762074209386	1.1299769775965	0.298436968505767	0.426767285125298	56424	Stub1
56426	517.8	488.2	0.0857878028984808	3.56839348180958	1.62677514218679	0.21444682835889	0.331734704775821	56426	Pdcd10
56427	1135.4	803.6	0.5069704569483	3.03314318326878	41.5699131554179	1.18680110976908e-06	1.85689075701931e-05	56427	Tubd1
56428	4921.8	5060.8	-0.0409277994055866	6.33006499388341	1.55518152011801	0.224493182536283	0.343367667765019	56428	Mtch2
56430	3968.6	3583.2	0.14749270062334	7.26045708533353	17.186874065566	0.00036890863478349	0.00205005974900445	56430	Clip1
56431	7063.4	7238.2	-0.0366510638711406	7.19201817096436	1.22172920703538	0.28005938929877	0.407127800866053	56431	Dstn
56433	3460.6	3800.2	-0.139213473371268	6.08215178515225	12.6323519538524	0.00162399297260192	0.00674517081206557	56433	Vps29
56434	25081.6	24758.2	0.0201170589999292	8.03456792394516	0.375597143990434	0.545775475819846	0.665661492521208	56434	Tspan3
56436	420.8	451.8	-0.10361021115237	4.09382948062609	3.22805933610442	0.0850778493258181	0.161953804050491	56436	Adrm1
56437	411.6	284.4	0.575825617402697	0.805644072443345	12.5704893719289	0.00165938740268147	0.00686456368584947	56437	Rrad
56438	4466	4157.6	0.104864798911806	5.84111113828526	9.55263729746526	0.00502473089755296	0.0168721105568677	56438	Rbx1
56440	2900.6	2705.2	0.0992617835955649	6.08411498877993	8.31600852830394	0.00820246034710804	0.0251129764577631	56440	Snx1
56441	86.8	87.8	-0.0238529747198816	3.67411186909123	0.156147528400294	0.696244356511981	0.79041124167642	56441	Nat6
56442	46974.6	46349.2	0.0182534098121304	10.1869178086192	0.361422067194297	0.553395211444441	0.67205025632102	56442	Serinc1
56443	7612.6	7152	0.0903837312288103	7.00640559882634	10.9414789507657	0.00297484148124458	0.0109611064077251	56443	Arpc1a
56444	7233.8	7073.6	0.0331647755785546	6.69156636425839	1.22134007665053	0.280134113624023	0.407127800866053	56444	Actr10
56445	11030.6	10340.6	0.0930598199607885	7.66784314206485	9.39460143768599	0.00534260443740837	0.0176749838723508	56445	Dnaja2
56447	1567	1432.8	0.129282992819514	5.35750749298118	8.89925478675807	0.00649073053161441	0.0206782056654077	56447	Copz1
56448	363.8	338.8	0.101342533427951	4.35023751928811	1.30082474087698	0.269956551672798	0.396229752679535	56448	Cyp2d22
56449	462.6	439.2	0.0741899967543786	4.45953641983283	2.07957003177608	0.162300175928483	0.2683068502446	56449	Ybx3
56451	5292.8	4875.8	0.11982327209941	6.37130404452841	15.8669878512081	0.000555691885619595	0.00283314656604784	56451	Suclg1
56452	1355.6	1412.6	-0.0587555757928821	4.39155615344097	1.58894766446673	0.219682975669056	0.337797630885164	56452	Orc6
56453	3337.4	3330.6	0.00272871153370827	6.60354466799764	0.00751299109240578	0.931652247109876	0.957691599440021	56453	Mbtps1
56454	1447	1399.8	0.051938617310321	4.63188059926901	1.18011579106486	0.28820214307088	0.415800387058516	56454	Aldh18a1
56455	8179	7269.6	0.169463373940114	7.76791616885468	21.9862254860715	9.3146660814921e-05	0.000652613589635903	56455	Dynll1
56456	445.6	491.6	-0.144294549651015	3.50726489399857	2.84387756882189	0.105516113529145	0.191840239616386	56456	Actl6a
56457	6453.8	6487.4	-0.00737145837785462	7.37915431004928	0.0597242989471117	0.80902471357156	0.873397642798988	56457	Clptm1
56458	295.4	280	0.0771054360740701	4.40363776965089	1.4041554163886	0.248098489539863	0.371338466170568	56458	Foxo1
56459	8650	8383	0.046660229349015	6.3800951213791	1.92765293408453	0.177861732754688	0.287241730193995	56459	Sae1
56461	5404.2	4745.2	0.186707363048161	7.22179007667748	14.0672463450828	0.00135001252294863	0.00580573668750359	56461	Kcnip3
56462	15372.6	15516	-0.0134213691462837	8.38894155753733	0.256096868790637	0.617465343524079	0.726483034212213	56462	Mtch1
56463	3264.8	3408.6	-0.0633410223823009	6.19561163223468	4.19829678934049	0.0516331611387037	0.109815437183464	56463	Snd1
56464	1899.8	2058.4	-0.116143261594908	5.71598004040702	8.73009303531903	0.00694281465137325	0.0218250202198671	56464	Ctsf
56468	6421.4	6072	0.0828102638436484	6.94883090576694	5.47886781689105	0.0279561186493875	0.0672345058507879	56468	Socs5
56469	1289.2	1306.8	-0.0227687134174586	5.70147028005652	0.352876858741132	0.558088229476136	0.676051350059883	56469	Pias1
56470	1285.6	1250	0.0458326145030433	4.2219515472281	0.694849072029042	0.412799661352731	0.545393629359449	56470	Rgs19
56471	3892	4511.4	-0.213964451721608	7.52361534034295	18.2524884060739	0.000436883644900607	0.00234660579836246	56471	Stmn4
56473	1465	1531	-0.0643752687735591	6.38024869948976	3.23358487074307	0.0848274937365518	0.161541991251411	56473	Fads2
56480	3297	3454.8	-0.0676783655688911	5.94550493915802	2.89208851323601	0.102034710158429	0.186732046167375	56480	Tbk1
56484	852.2	855.6	-0.0118415300580433	5.10008914708687	0.0307739489738237	0.862627301053663	0.910967707271838	56484	Foxo3
56485	108.2	113	-0.060406637403979	2.35255303458718	0.391543260940356	0.537438252153718	0.658483724390085	56485	Slc2a5
56486	1145.4	1249	-0.129949383471967	4.59275439168327	3.48939439154815	0.0760697028261761	0.148062413769129	56486	Gabarap
56488	699.6	705.4	0.00463570796816462	2.51183791828237	0.00316732063196461	0.955588925114374	0.97220259897256	56488	Nxt1
56489	6.2	6	0.0072101312819472	1.14802903746466	0.00235088697325374	0.96173315189856	0.97597184711539	56489	Ikbke
56491	12290.6	12070	0.0273576507423898	7.33442041137472	0.76032588173713	0.391929642276066	0.525146127753544	56491	Vapb
56494	3975.8	3937.4	0.0137700776561498	6.64623360684294	0.191253736966008	0.665813960424537	0.765911260165241	56494	Gosr2
56495	2155.4	2247	-0.060384365879053	6.30965643960467	2.51849219070263	0.125703017005609	0.21991181406428	56495	Asna1
56496	724.4	819.2	-0.18110928203426	3.6809573480945	9.11326997922022	0.00596446457647813	0.0192993890728487	56496	Tspan6
56501	255.6	258.8	-0.0231241845573275	0.76946891980677	0.0236440528899016	0.879089155185105	0.922520935452002	56501	Elf4
56503	251.4	266.2	-0.0815600705262435	3.37583935388972	1.92048476792728	0.178639762106699	0.28827276113545	56503	Ankrd49
56504	246.2	311.8	-0.351494574035135	3.03474865340423	19.2860059499941	0.000197961436249951	0.00121655382634217	56504	Srpk3
56505	636.2	641.4	-0.0138916672363387	4.15269142776907	0.0495425017464479	0.825758471029402	0.884701870896077	56505	Ruvbl1
56506	1439	1477.8	-0.0422826263809636	4.22115538651861	0.689275101985946	0.414653584055721	0.547335876261442	56506	Cib2
56508	15067.6	15024.8	0.00524528670357193	9.14609754007981	0.0188021588093073	0.892146717586982	0.931658742576565	56508	Rapgef4
56513	307.6	305.8	0.00661889977449388	4.22597048618574	0.0168010312669589	0.897956191311002	0.935542346517636	56513	Pard6a
56515	387.8	363.6	0.097121415293922	3.62253667600195	1.151723401124	0.29575726373071	0.42396860953721	56515	Rnf138
56516	904.8	785.6	0.202681009683193	3.86669218773213	13.0975258105762	0.00138279961937286	0.0059150593958021	56516	Rbms2
56517	9	10.6	-0.23432355882891	0.582451191759172	1.85492605113751	0.18595174157507	0.29748162398739	56517	Slc22a21
56520	89.4	90.2	-0.00139192573002653	1.30613836435373	0.000134834198195813	0.990832013857569	0.99371953429762	56520	Nme4
56524	1334.4	1218	0.132835090619001	4.95958015162621	10.8632426522309	0.00306191063081663	0.0112042674070439	56524	Mpp6
56525	899	768.6	0.228334434318277	3.37128634279785	12.552665439877	0.00166974091182262	0.0068994954658331	56525	Zfp235
56526	4063.8	4752.6	-0.226966653867373	6.9238926244012	39.2912425698903	1.82764560719466e-06	2.64167896063917e-05	56526	Sept6
56527	2748.2	2922	-0.0888976709462905	6.89557334959902	9.43743042057522	0.00525433478792939	0.0174325648865257	56527	Mast1
56529	1041.6	900.2	0.220519244837823	4.09054947465992	14.0218913817231	0.00101149837529733	0.00461041701211628	56529	Sec11a
56530	629	650.6	-0.0469398035393852	4.38886760589599	0.67522046017746	0.419385255104931	0.552478534204035	56530	Cnpy2
56531	2734	2623.4	0.0588125585149999	6.87403756207179	1.92804816731101	0.178240761171656	0.287757395507105	56531	Ylpm1
56533	2505.6	2142	0.226114643610652	5.92385658093851	25.5221133853945	3.71915838736896e-05	0.000308414890023127	56533	Rgs17
56534	32	39	-0.33685789236423	1.19659148931119	4.6522400914619	0.0413226178385246	0.0918605226450376	56534	Hspb3
56535	1201.2	1306.6	-0.1212377574396	4.75520906881128	8.96122776816259	0.00633327996838454	0.0202659350593381	56535	Pex3
56541	11318	11829.2	-0.0628428334511793	7.87882578773569	3.64418232277562	0.0683825748312742	0.136199770788375	56541	Habp4
56542	249.4	234	0.0922753588427021	4.77317920555731	4.81812069128535	0.0381498713324437	0.0862804318947177	56542	Ick
56543	5509.4	4941	0.155733800059448	6.42752568070791	9.36871460389148	0.00616588754239619	0.0198577848791877	56543	Kcnd3
56550	575.2	598	-0.0550318963515088	4.84526741272737	1.08788808979884	0.307408503753398	0.437029852783674	56550	Ube2d2a
56551	2646.8	2533	0.0639067124866014	6.67674073301566	3.93978658731836	0.0587870603389706	0.121196429915773	56551	Txn2
56612	802	868.4	-0.116322438209766	5.74940002129099	4.63681040379594	0.0432503079591586	0.0952811997015209	56612	Pfdn5
56613	363	465	-0.358363321818224	4.64698806764579	38.4273566344283	2.16181235800868e-06	3.02876077041579e-05	56613	Rps6ka4
56615	39.2	40.6	-0.0519311213196234	1.84646887676118	0.236658404343088	0.631075296708693	0.737155514678152	56615	Mgst1
56626	224.8	234.6	-0.0617407813940876	3.00630388056143	0.598033347706512	0.446935074761991	0.577839035145156	56626	Poll
56631	237.2	155.4	0.627251203492657	2.2563724343392	38.7943456918837	2.01238474052845e-06	2.86982854218625e-05	56631	Trim17
56632	1174.6	1055.8	0.157833219990656	4.87071288811267	10.7453178926705	0.00319846164299176	0.0116274055804333	56632	Sphk2
56637	9001	9119	-0.0174409679640403	7.71990412338765	0.316489730423291	0.578980710121153	0.693740129660213	56637	Gsk3b
56690	788.2	810.4	-0.0382584396800814	4.55527446603485	0.61297754810031	0.441382558874643	0.572482367729189	56690	Mlycd
56692	1248.2	1139	0.133482713310902	4.34681520286834	8.56555388416932	0.00741592091987782	0.0231062127561789	56692	Lamtor3
56693	138.4	164.8	-0.256060637674699	2.29478246793419	7.54848298852036	0.0112571167612449	0.032363711507666	56693	Crtap
56695	3506.6	3493.4	0.00296106256155726	7.26136376456011	0.00593907964571372	0.939215065543552	0.962317612346105	56695	Pnkd
56697	356.8	339.2	0.0719806780638809	4.43742888534284	1.82300240869983	0.189644777030187	0.302118991204047	56697	Akap10
56698	2379.6	2293.6	0.0546981544839149	5.33318658170363	1.88401550502864	0.182663018046278	0.293193921470395	56698	Phax
56699	394.4	512.2	-0.376552936235801	4.54328957832467	40.3552427265426	1.49100379678726e-06	2.23702789986032e-05	56699	Cdc42ep4
56700	898.4	878.2	0.032495145430979	4.96199304949367	0.77047235233575	0.388837408407189	0.522280076304945	56700	Glmp
56703	1075.2	986.8	0.122426166992785	4.82223219173297	6.68901883534215	0.0162498951429833	0.0435197302939931	56703	Pigo
56705	7379.2	6328	0.221573034457906	6.67481450519802	51.0976077731246	2.27568371479337e-07	4.97880855183409e-06	56705	Ranbp9
56706	1217	1165.2	0.0656921662427617	5.21523630210506	2.55734180455441	0.122962347278405	0.215979799193349	56706	Ccnl1
56707	140.4	127.6	0.14423840296706	2.39314382784478	2.19063140544358	0.151956069794474	0.255511055468744	56707	Zfp111
56709	646.8	613.6	0.0708725568206496	4.93989241304735	2.27427258793002	0.144684535408629	0.245771568315468	56709	Dnajb12
56710	15022.4	15514.6	-0.0466302828489203	7.78889254388416	1.35247938351363	0.256811131693341	0.381260075749337	56710	Brinp1
56711	58.6	74.6	-0.307470399378633	1.78020260369055	4.94950923970756	0.036161134377859	0.0827014297939199	56711	Plag1
56715	2023.2	1901	0.0868207060994717	5.23005152705806	3.82744335973332	0.0622411665982239	0.126931053801845	56715	Rabgef1
56716	939	905.2	0.0525888862092151	4.90377141493565	1.57609774405787	0.221498107552937	0.339942489704856	56716	Mlst8
56717	7726.8	7972.4	-0.045221369547565	7.23030439561592	2.10078164394952	0.160260685699883	0.265856530598658	56717	Mtor
56722	106.6	134.8	-0.348688630039675	3.0356412382739	16.6732936738462	0.000431898426241755	0.00232414737635828	56722	Litaf
56724	7248.8	6736.8	0.111133787716307	5.36759689079414	3.90164578700374	0.0612310918452679	0.12520504645783	56724	Cript
56726	2906.4	2797.6	0.0554154874221271	6.04102308174738	0.411521977128361	0.532319858104487	0.654100621792337	56726	Sh3bgrl
56736	49384.2	49518.4	-0.0030878599834301	8.5719062027249	0.0148661784046093	0.903979511923861	0.939332844381559	56736	Rnf14
56737	4216	4384.6	-0.0558574209555438	6.40228228568495	2.17914453063019	0.152988492403082	0.256828765295488	56737	Alg2
56738	239.2	253.2	-0.0766606285988872	3.08921248494885	1.05052160018629	0.315682060673097	0.445909500789687	56738	Mocs1
56739	34	51	-0.596231416110459	1.65284458400103	18.5993502141426	0.000241766070517773	0.00143687778917101	56739	Rec8
56741	2484.2	3000	-0.270449629906268	6.03398092005078	37.3613012570977	2.66850679138477e-06	3.6250561243116e-05	56741	Igdcc4
56742	480.8	347	0.481433814711898	3.48971052728312	30.7118251691188	1.51431471097134e-05	0.000148998671425322	56742	Psrc1
56743	110	106	0.0457591304507262	1.63724675913521	0.155967384744251	0.696410367226309	0.790537614693244	56743	Lat2
56745	51.6	60.6	-0.234567953424597	2.22659048510245	5.25761848388005	0.0309843736944366	0.0730822678491165	56745	C1qtnf1
56747	18527.2	16257.4	0.18769232545188	8.3608659279313	37.7310326369846	2.47950884189158e-06	3.40673201527575e-05	56747	Sez6l
56748	674	722.2	-0.102181279891646	5.03074006274626	3.33758699510256	0.0806875962489986	0.155356136430402	56748	Nfu1
56749	563.6	656.4	-0.22268692293804	3.6785803535554	13.5991955893975	0.00116569330013555	0.00516838373011019	56749	Dhodh
56752	834.4	954.6	-0.192006975014525	4.6056018619642	20.3815529440196	0.000144923086801307	0.000939428258484234	56752	Aldh9a1
56758	2525.2	2255.4	0.1633815140403	6.34629130564415	16.1165240433699	0.000513686429931296	0.00266279409723705	56758	Mbnl1
56771	483.8	436.8	0.148962406920627	4.33100366030654	9.31566677916787	0.00550957811825358	0.0181360606060663	56771	Med20
56772	13414.2	13972	-0.0596808354527153	7.95559629637451	2.71921796856917	0.112272256918595	0.201054676141214	56772	Mllt11
56784	8612.8	7926.6	0.119329265492161	7.40016775169707	17.4440077501441	0.000341190287845569	0.00191591469328666	56784	Ralgapa1
56786	5887.6	5920	-0.00847568624342896	6.60985396662944	0.0779835546362964	0.78245881434741	0.854720352371332	56786	Tmem9b
56788	28.4	18.4	0.617798274858184	0.951405085497012	20.7685420757925	0.000130065262020819	0.000858822885906315	56788	Scube2
56790	667.6	674.6	-0.0130580545536128	4.76595046397251	0.0687592429408171	0.795405995180861	0.863639399924821	56790	Supt20
56791	23.2	26	-0.169955501504547	1.99251352692315	2.4683915502415	0.129344384195911	0.22505642580567	56791	Ube2l6
56794	110.8	142.6	-0.387204983022371	2.04358805923768	16.3771022230034	0.000473482914237504	0.00250138794858772	56794	Hacl1
56795	111.6	102.4	0.123088827703459	3.17679694663397	3.05599082553831	0.0933173125123321	0.173882742690892	56795	Arl10
56805	1633.6	1410.6	0.211555018615277	4.92521385090526	14.0980330173178	0.00101691637634582	0.00462799411325643	56805	Zbtb33
56807	35430	37147.4	-0.0681063761014553	8.84648763158402	6.49740636896101	0.0176703558112792	0.0464799495716522	56807	Scamp5
56808	1009.4	1056.4	-0.0632304903833342	5.68147247704951	2.33512649562077	0.139653989014993	0.239421036321042	56808	Cacna2d2
56809	758.2	660.6	0.193673453180832	4.66963552472972	12.7863878184605	0.0015393908584755	0.0064493783966391	56809	Gmeb1
56811	39.6	44.8	-0.201349580176588	0.92855344175747	0.805472850210239	0.381044610759718	0.514298142116067	56811	Dkk2
56812	3009.4	3254.8	-0.112689230504931	6.21228803033095	10.8778402655016	0.0030454557365205	0.0111610084218223	56812	Dnajb2
56838	5266.6	7052	-0.221924554338163	0.682555116342738	0.304695929822604	0.590868798304836	0.703446981592261	56838	Ccl28
56839	3909.6	3496.6	0.160644158264768	6.46091942346191	19.8585016019593	0.000168012914818229	0.00106511345209767	56839	Lgi1
56844	595.2	565.4	0.0716798701776868	4.69718121294989	3.10551058161126	0.0908552807971735	0.170327137307697	56844	Tssc4
56846	3884.2	4001	-0.0432485481896562	6.19339634069946	1.19877242152971	0.284513218758465	0.411688263483317	56846	Necab3
56847	24.8	19.6	0.329018751454399	1.641363320025	6.43368015505762	0.0181728021187497	0.0473961894306042	56847	Aldh1a3
56857	93.6	95.4	-0.0426036169233688	1.80779957012988	0.153543006756146	0.698655456217404	0.792277260643838	56857	Slc37a2
56869	85.2	76.8	0.135091886100766	1.66792991057414	1.17165412662428	0.289896202775974	0.41777741320984	56869	Zfp109
56873	1396.2	1435.8	-0.0384521229498326	5.1151732350616	1.09906152400814	0.304991720721985	0.434625751460466	56873	Lmbr1
56874	332	295.8	0.167211244639869	3.5364011297428	6.47435265317025	0.0178503240404575	0.0468085238898355	56874	Rnf32
56876	15630.4	14621.6	0.09660860296347	9.10850513054373	12.5517841421238	0.00167025466355737	0.00689964587226585	56876	Nsmf
56878	139.6	169.6	-0.28250714752896	3.88802794908808	16.8428388472345	0.000409896932282665	0.00222982696997126	56878	Rbms1
57028	3779	3817.4	-0.0141057948038418	6.77228169157887	0.115755889374074	0.736684466742731	0.821417672012607	57028	Sh3bp1
57080	499.6	561.8	-0.166968121685563	4.76854172604522	8.08673825125996	0.00908445836558188	0.0273043795417177	57080	Gtf2ird1
57138	44710	43036	0.0551482757472671	9.59840114427318	4.44799694221405	0.045643573176509	0.0994021706634416	57138	Slc12a5
57170	409.2	419.4	-0.038220767691905	4.31380803114689	0.669716574423471	0.421260866376905	0.554343095649288	57170	Dolpp1
57230	1272.6	1174.6	0.114851456175628	5.45229724917593	9.29318649140532	0.00555817251375604	0.0182544479695137	57230	Sap30bp
57247	377.4	312.8	0.269608391219952	4.38837683216733	37.9760226781458	2.36230307903748e-06	3.2580848000389e-05	57247	Zfp276
57257	421.8	321.6	0.388075350464089	2.87845550621271	32.39045396674	7.51188819954617e-06	8.41680868497987e-05	57257	Vav3
57258	2.8	3	-0.16616905610478	1.47823898363176	1.64337027339493	0.212199023972401	0.329430711152343	57258	Xpo4
57259	1662.2	1312	0.344732182793652	4.57332571149267	20.0065804828013	0.000273944854967184	0.0015946834207393	57259	Tob2
57261	2342.6	2225.2	0.0722174016186362	6.55857343267029	3.60813525769527	0.0696702235502321	0.13823107909335	57261	Brd4
57265	1041.8	553	0.917850176036772	3.3580602262803	93.3766179718328	3.4453557457453e-09	1.78491655731192e-07	57265	Fzd2
57266	2524.8	2331.8	0.116259855099215	6.18161637837574	8.45906084479139	0.00774095126987193	0.0239639558052536	57266	Cxcl14
57267	389.2	314.4	0.309665565320194	4.08826170587674	32.4701120252266	7.38285946069276e-06	8.30442417469674e-05	57267	Apba3
57274	47.8	43.4	0.154749321897531	0.655785014374427	0.362582468641168	0.554781986191142	0.672832591744149	57274	Slc16a8
57275	331.6	354.4	-0.0959919799724387	2.60351943851605	1.38980006373836	0.250079150658369	0.373683866806168	57275	Lenep
57276	910	818.4	0.157477590296579	4.3649861061972	5.85908974594197	0.0236980212125718	0.0589656048556573	57276	Vsig2
57278	242.8	277.8	-0.187004674388644	3.71996363545819	5.85191322554775	0.0237150192471028	0.0589977432353913	57278	Bcam
57279	831.6	774.6	0.104044762898707	3.28055888670023	3.29450171977602	0.0821228309629473	0.157552880108633	57279	Slc25a20
57294	158	195.4	-0.314851082769383	0.951846630189932	5.103356833193	0.0333121839216507	0.0775478026096858	57294	Rps27
57295	4979.2	4475.2	0.155896911286605	6.5035843565715	18.7557643616211	0.000230932733733445	0.00138559640240067	57295	Icmt
57296	2939.6	2786	0.0765875811388108	6.62718769500654	2.97867736680255	0.0979590937125982	0.180737904074789	57296	Psmd8
57312	418.4	401.8	0.0597393246190777	3.84627751928231	0.96633777371749	0.33547364374186	0.467097201295139	57312	Mrps31
57314	1883.4	1931.6	-0.0371790998427872	5.36158167073034	0.880083271101057	0.357592986008214	0.491129705412649	57314	Nelfcd
57315	154.6	155.8	-0.0104935570396256	3.15496947106642	0.0286121451610043	0.86710568264262	0.913975090371258	57315	Wdr46
57316	1546	1567.4	-0.0176694492182987	5.04621290697881	0.10292454462007	0.751211846326142	0.832286986570448	57316	C1d
57317	1844.6	1737.8	0.0875110295492533	5.90946608803392	6.06547896075468	0.0214046189049316	0.0541540979611204	57317	Srsf4
57319	916.6	1080	-0.238987652203416	4.54022775894933	20.8186002231231	0.000128267611157374	0.000849280829898618	57319	Smpdl3a
57320	1808.2	1879.4	-0.0558499092458913	6.27126978357013	3.02711012908234	0.0947887772122211	0.176011945763803	57320	Park7
57321	4731	4847.6	-0.0339153626407926	5.90942660569717	1.22842102523601	0.278778470730198	0.405695820534338	57321	Terf2ip
57330	2292.6	2269.8	0.0156826238848073	6.44828903239226	0.238509989377116	0.62974942962999	0.73578516335558	57330	Gigyf1
57339	708.4	648.4	0.125070249604895	4.79852522516606	4.87992225323966	0.0370963599624089	0.0843054792012547	57339	Jph1
57340	7604.8	7631.2	-0.00384715393306017	7.99012532630014	0.0132205425433091	0.909424089745567	0.942348253866401	57340	Jph3
57342	4621.6	4658	-0.0129366245198171	6.10722687278782	0.0959617658695268	0.759423964505079	0.838365079275675	57342	Parva
57344	180.2	200.2	-0.156318762353396	3.19872047150256	4.50189190510822	0.0444559998777765	0.0974839170815704	57344	As3mt
57354	2507.8	2306	0.123282892950333	5.90986758517944	12.8642298666556	0.00149847684648779	0.00630783752800241	57354	Cramp1l
57357	962	981	-0.0322639976910639	4.0819963036753	0.457718507856457	0.50520821859536	0.630158749704637	57357	Srd5a3
57370	1254.2	1428	-0.187985506766884	5.3778778978167	23.5058641072552	6.22180762236258e-05	0.000467738474533024	57370	B4galt3
57373	458.2	603.4	-0.416852573392411	1.15466956083524	9.96027681177654	0.00429647427461375	0.0149102615042658	57373	Akip1
57376	604.8	551.2	0.132905940873733	4.45341799067862	6.13459115376004	0.0207523748833084	0.0528647914281529	57376	Smarce1
57377	952	941.2	0.015845578006182	4.7481746188181	0.156570830206606	0.695854701644382	0.79041124167642	57377	Mogs
57423	8539.8	8520.2	0.00519660239035968	6.25149093638233	0.0161430783008274	0.899962839558499	0.936775376852841	57423	Atp5j2
57431	63	72.8	-0.212637901010327	3.42495989465416	11.5892658492303	0.00234965587785262	0.00904297260255479	57431	Dnajc4
57432	381.6	426	-0.149914448933156	3.37439008013425	5.6526902855178	0.0258077420821522	0.0631069369066871	57432	Zc3h8
57434	223.4	193.4	0.218177928120015	1.82071026835628	5.38806409181718	0.0291571096410039	0.0696005056638774	57434	Xrcc2
57435	803	47.4	3.80116783654222	3.85377161218676	397.114971783988	9.45741856496515e-11	1.28959932016987e-08	57435	Plin4
57436	14818.4	15159.2	-0.034096131528391	8.57183686229699	0.924971519093065	0.345833568187174	0.478722515694567	57436	Gabarapl1
57437	3038	2913	0.06300126719732	5.64486012154889	2.93680215924149	0.0995662514627495	0.182909328754776	57437	Golga7
57438	1299	1464	-0.171067523846893	5.1904023952321	15.9454954181732	0.000542086574018209	0.00277749710771329	57438	March7
57439	5402.2	5199.6	0.0593651600075647	5.7598220325082	2.50831896298581	0.126432536368153	0.221000832103674	57439	Tmem183a
57440	5034.8	4104.2	0.293726348847555	6.82580629609141	42.1664337287544	1.67369651867244e-06	2.46058850040407e-05	57440	Ehd3
574402	2573.2	1845.2	0.483765741463295	5.94333037252928	43.7869286438708	8.76390993748884e-06	9.48865574804971e-05	574402	Gpr17
574403	11.2	11.6	-0.0699678590762781	0.183732905782886	0.132441607752692	0.719123659439321	0.808051201752858	574403	Fam196b
57441	117.8	107.6	0.111579680184172	1.5500034330772	1.03771209231836	0.335197925577641	0.466758267466207	57441	Gmnn
574418	96	94	0.0335696997165838	1.91718856840938	0.124612260837718	0.727189231001601	0.814070769458353	574418	Serinc4
57443	3099.6	2770.8	0.161430833649574	6.27866887384085	24.7410628508778	4.52730833589446e-05	0.000360339838584904	57443	Fbxo3
574437	26688.6	25632.8	0.019326131054201	0.629498683094127	0.000725208771985026	0.978988717107684	0.986565078231504	574437	Xlr3b
57738	354.2	324.4	0.123267996468115	4.63686994770361	1.56178524641208	0.231246454628331	0.351946536295451	57738	Slc15a2
57740	5911.2	6161.6	-0.0583940623009114	7.25965225077177	2.73571963317239	0.111244894776016	0.199619330737746	57740	Stk32c
57741	2995.4	2929.4	0.0332123460643348	6.56303888217939	0.95390036776169	0.338542317770737	0.470735032328835	57741	Noc2l
57743	5219.6	5123.4	0.027950597381602	6.31748464199341	0.622954154439755	0.437736524559461	0.569285920998961	57743	Sec61a2
57745	163.4	165.2	-0.0108154947021059	3.22736881518846	0.0318667268065923	0.968447972918951	0.980660431593844	57745	Zfp112
57746	253.2	138	0.879849885958434	0.871007994945234	41.0426993525655	1.30965259954564e-06	2.01165979530634e-05	57746	Piwil2
57748	2503	2312.6	0.114126142500165	5.86310845947216	8.57033370923994	0.00740168814932031	0.0230767904465651	57748	Jmy
57750	1303.2	1256.8	0.0538294204663831	4.53838387727058	1.17505291906973	0.28921416245124	0.416904508234789	57750	Wdr12
57751	1054.4	1081	-0.0402562778297901	5.44009590134205	0.936294082040095	0.34295381386903	0.475633700409035	57751	Rnf25
57752	2788.4	2811.6	-0.0131379249289741	6.48020494982103	0.132758522576155	0.718802954453915	0.807961575836137	57752	Tacc2
57753	233.6	215.6	0.121686372163657	3.90748819097284	4.45909550738969	0.0453961273239228	0.099072266999846	57753	Noc3l
57754	1510.8	1645.2	-0.12592095219779	7.09594950523855	3.33649814747451	0.0890658753509145	0.167777683086422	57754	Cend1
57764	197.6	253.4	-0.365561899271411	2.71066901819779	23.5501560528569	6.15034276265664e-05	0.000463730069334581	57764	Ntn4
57773	1183.2	1041.2	0.186291530256192	4.46997990122263	7.58972445120461	0.0115835776441008	0.0331476997164587	57773	Wdr4
57775	287.8	296.6	-0.0485882409238716	3.80288954596887	0.484141976232766	0.49328450507892	0.618703075009607	57775	Usp29
57776	13256	12878.2	0.0427931183283341	8.86970964670801	2.01252068491822	0.168956161831378	0.276053076815309	57776	Ttyh1
57778	4285.2	2964.6	0.528959886411048	7.29132059047812	59.1085290753227	2.30014449361093e-06	3.18451039374065e-05	57778	Fmnl1
57780	2276.4	2579.2	-0.179292483157986	6.01805311737744	23.1286134447355	6.86838676628339e-05	0.000504962677110174	57780	Fxyd7
57782	454.6	463.4	-0.0307467806552706	2.79674247933131	0.134603450481598	0.716944554655621	0.806558176804079	57782	Rbak
57783	497.6	442.4	0.169075831711957	5.01774851220809	16.2719279911312	0.000489281833661354	0.00256420580991342	57783	Tnip1
57784	1187.6	1179.6	0.0100800649142624	3.77284488720549	0.0328127071266114	0.857787747524856	0.90731533865527	57784	Bin3
57785	244.6	239.2	0.0273059564031382	2.30837016715343	0.117880181537161	0.833362780915209	0.889749271336123	57785	Rangrf
57808	732	775.4	-0.084707479706283	5.4472665079349	1.58367066824024	0.224791739474331	0.34378793803428	57808	Rpl35a
57810	184.2	225.6	-0.2867347183827	3.9174446590474	16.8606910436342	0.00040765225790576	0.00221928652948017	57810	Cdon
57813	1957.6	2366.2	-0.27458077860375	5.35978631835688	51.2391104130452	2.22422980629662e-07	4.88586893924184e-06	57813	Tk2
57814	16.4	17.8	-0.134960842509315	0.114427569601537	0.613648320656208	0.44113591226982	0.572307117130572	57814	Kcne4
57815	646.6	625.6	0.0496691353197335	3.50534372217187	0.827725064088867	0.372044190891402	0.505644262825042	57815	Spata5
57816	1761	1378.8	0.35648297887506	5.3576405144286	40.6042321948047	2.32561508626169e-06	3.21669286668196e-05	57816	Tesc
57837	751	707.2	0.092048753577912	3.75080760192616	2.24287519043153	0.147364356538733	0.249123322738111	57837	Eral1
57869	936.2	1049	-0.161739455445988	4.40760453873738	9.83966524110023	0.00449910569417514	0.0154429051777743	57869	Adck2
57874	12327.8	11226.4	0.135739070885644	7.43602972491284	17.3035196495042	0.000356042178085752	0.00199157648686202	57874	Hacd3
57875	67.4	40.8	0.697742360603481	1.29380703318028	12.9800667754463	0.00183963296578872	0.00744402432461091	57875	Angptl4
57895	387	363.4	0.0913752148919919	3.08823739666623	2.03899922993683	0.166288942924074	0.273191677770466	57895	Ccdc126
57896	1129.6	1241.8	-0.13729995397968	3.8557141633088	5.07953102072924	0.0336888415117211	0.0782859349212888	57896	Krcc1
57905	720.8	755	-0.0673928053710112	4.18586490061421	1.141207441558	0.296102768416609	0.424295570010277	57905	Isy1
57908	1807.8	2064.4	-0.192479149738403	6.11907735332034	26.1437553234996	3.18783879219848e-05	0.000273779096271163	57908	Zfp318
57912	1804.2	1698.4	0.0904673584701582	5.79460136271893	4.49825996492045	0.0445349280186544	0.0975906382021877	57912	Cdc42se1
57913	159.8	190.8	-0.25948775629417	1.25981862362271	4.18524042663538	0.0519699242655202	0.110450416899548	57913	Pidd1
57914	248	249.8	-0.0180204386615588	3.59422913846815	0.0776494338767357	0.782912906267785	0.854893340424157	57914	Crlf2
57915	739	709.6	0.0601289617018998	4.33494897500554	1.2438276825211	0.275858605013065	0.402428368677719	57915	Tbc1d1
58172	907	974.6	-0.104517841852361	4.98025439197744	3.95174070339362	0.0584324958812102	0.120573075013943	58172	Sertad2
58175	1436.6	1548.2	-0.11025775048631	5.01321674396979	5.25067865071403	0.0310851057619486	0.073260087833557	58175	Rgs20
58178	2018.6	1950	0.0481343070748434	6.03293860710749	1.34662763044778	0.257365443479639	0.381839387276419	58178	Sorcs1
58180	333.6	347.2	-0.0648484264841866	3.6192488498943	0.857384624216643	0.36375702633352	0.497038451965366	58180	Hic2
58184	2246.2	2027.4	0.146980801709491	5.05708402163398	15.3980143211964	0.00064512269167887	0.00320433106031835	58184	Cnot9
58185	91.4	98.6	-0.124282787690099	0.612707057090482	0.58018267026311	0.453715532743156	0.584052812966694	58185	Rsad2
58186	60.4	75.8	-0.335677549704407	2.07509366790012	10.4418155557685	0.00358153968969529	0.0128487403015278	58186	Rad18
58187	853	844	0.0195960853042378	4.62660358716141	0.136115216635784	0.715432538286427	0.80541244152737	58187	Cldn10
58188	2150.4	1998.6	0.108157420315516	5.15420332289673	1.86156833876932	0.191597807791047	0.304458521747119	58188	Vstm2b
58193	5074.2	4814.6	0.0775449909904695	6.3167766816403	5.78012595554969	0.0243493831841763	0.0602337813698587	58193	Extl2
58194	1955.2	2180.2	-0.158141402531413	5.41887947577317	17.2191393396407	0.000365299763690615	0.0020354829546585	58194	Sh3kbp1
58198	479.8	551.8	-0.203975695021531	4.47875293845737	12.1888951498912	0.00189722810441233	0.00764497770314352	58198	Sall1
58200	2041.2	2423.6	-0.248042988826629	6.34918689375302	38.3779009493533	2.182853046621e-06	3.0513498970851e-05	58200	Ppp1r1a
58202	2641.8	2585.6	0.0294295669898689	5.71253416602577	0.479344095922151	0.495413060755238	0.620780267026979	58202	Nelfb
58206	275.6	337.2	-0.289143827728551	1.63083461637319	6.45144983116905	0.0180311258123603	0.047154313821577	58206	Zbtb32
58208	1346.2	1110	0.276084270943107	6.29087362644567	41.8202110000382	1.14499568481193e-06	1.80327589317748e-05	58208	Bcl11b
58212	1773.8	1437.8	0.304778153605829	6.01522554977751	27.7262403961101	4.99648336102321e-05	0.000389741880735183	58212	Srrm3
58220	73.4	70.8	0.052962303119332	2.32551251170241	0.302279738877066	0.587574463696733	0.70113112344362	58220	Pard6b
58222	63	64.6	-0.0499460712047054	0.85919857165729	0.107183183584233	0.746233538404731	0.828383027307295	58222	Rab37
58226	1360.4	1085.4	0.32373745731175	6.59801953467301	53.9033427408121	1.96545824714189e-07	4.41129402238957e-06	58226	Cacna1h
58227	57.8	71.6	-0.296023157359979	3.29900667387877	15.4614317827865	0.000632161373508242	0.00315077948023729	58227	Fam184b
58229	89	98.2	-0.143641502359529	2.60194075465846	3.55961855894156	0.0714472048277175	0.141136790840485	58229	Efcc1
58230	1995.2	2023.4	-0.0197054034228667	5.22835534756353	0.189404121073988	0.667330283129703	0.766740215608643	58230	Rnf8
58231	1514.8	1264.4	0.263706186748355	5.64439559942361	35.0182664357972	4.29742754101016e-06	5.31928585458057e-05	58231	Stk4
58233	5676.4	4724.6	0.265989581042053	6.05875932370547	58.4633801042537	7.31174795477976e-08	1.98634420546816e-06	58233	Dnaja4
58234	4398.2	3786.4	0.217015920907108	8.14165306321386	26.3077216717274	4.39318694229315e-05	0.000352577035335398	58234	Shank3
58235	2098.8	1390.8	0.598764016444333	5.56589389449768	32.300877069719	9.50060819844219e-05	0.000662430250363162	58235	Nectin1
58237	633.2	609.2	0.0513688455668448	4.01088326971359	0.692335443719248	0.413634131630775	0.546196577616592	58237	Nkain4
58238	946	1253	-0.403523321636634	3.47390707364932	34.8156403183801	4.48234526086319e-06	5.51558761175635e-05	NA	NA
58239	1054.4	954.6	0.144229762819533	5.00027924054635	11.6459493620632	0.0023022090506065	0.00890688694257664	58239	Dexi
58240	433.4	462	-0.0959063740118248	4.11520522708964	3.46435298043587	0.0750891726396104	0.146678074190189	58240	Hs1bp3
58242	3043.8	2801.2	0.129389562259635	4.6958418040252	4.67886603303542	0.0410475243428733	0.09141770675684	58242	Nudt11
58243	12010.8	12345.6	-0.0412318521425883	8.23720643226345	1.30094178427838	0.265377994507304	0.391046338322823	58243	Nap1l5
58244	2442.2	2461.4	-0.0126220619790543	6.25475984463749	0.13063583867151	0.720959402805682	0.80937842393424	58244	Stx6
58245	1217	1234.4	-0.0239965280731346	4.54183935611798	0.256912732205671	0.616908546476203	0.72613724082427	58245	Gpr180
58246	3735.8	3743.6	-0.00231899945952053	6.39692474282828	0.0051425247270095	0.943430206370413	0.964244109947528	58246	Slc35b4
58248	572	483.6	0.241018940343088	3.50016006975824	18.0123635151503	0.000287630908183605	0.00165964756362708	58248	1700123O20Rik
58249	461.6	506.4	-0.135978018326602	4.76857913609044	10.449744304176	0.00357091601464411	0.0128169903341609	58249	Fibp
58250	2365.8	1977.8	0.258524264801481	5.98302014433461	33.3982152179065	6.1331278525848e-06	7.12765476931009e-05	58250	Chst11
58520	543.8	564.4	-0.0579547001058564	4.80857305119676	1.7265362364133	0.20136613673422	0.316432500582345	58520	Erg28
58521	19258.4	19648.6	-0.02903485476743	7.96396992918033	0.658970162280277	0.424960588313443	0.557739066873922	58521	Eid1
58523	5643.2	5900.4	-0.0651018002353923	6.68185570209893	4.23007055968719	0.050823865262347	0.108381255311591	58523	Elp2
58799	3803.4	3680.6	0.0465730571785354	6.30464494729349	2.15183670503947	0.155476821622954	0.260012696447938	58799	Crbn
58800	2487.6	2306.4	0.106711376457134	5.81554970345165	6.69147889365034	0.0162324996395909	0.0434973210587035	58800	Trpm7
58801	130.6	112	0.255579231030532	1.44245496201536	3.72410447538003	0.0656231934999897	0.131958491770847	58801	Pmaip1
58802	1356.6	1399.6	-0.0463663980355964	5.61348146728816	0.978610558958339	0.332483439330558	0.463872165259062	58802	Kcnmb4
58804	1	1.4	-0.327895139154193	0.11974856468857	3.0548677154248	0.0933740388739252	0.173963829707555	58804	Cdc42ep5
58805	55.8	50.6	0.137070874882939	2.11997662658383	2.24416128066212	0.147253429440021	0.248994041778904	58805	Mlxipl
58807	3803.8	3944	-0.0481413536590817	6.01925660401549	1.42986341973226	0.243553299337489	0.366327104229136	58807	Slco1c1
58809	337	271	0.313984672235761	3.61212473526077	23.5199299871895	6.19901511159161e-05	0.000466669606369506	58809	Rnase4
58810	10384.4	10909	-0.071225716095862	8.04014096508941	7.42352220789193	0.0118640720956872	0.0338164657998546	58810	Akr1a1
58859	93.6	97.8	-0.0685050675356678	2.99823990698701	0.683779297974109	0.416494012684361	0.549270479866766	58859	Efemp2
58869	2793.4	2775	0.00945408811037231	7.55132531210257	0.0505630947020872	0.824136977903574	0.883816284212662	58869	Pex5l
58875	2103.6	2004	0.0700259833597864	5.537175405045	3.78155636483712	0.0637178554057588	0.129042718514059	58875	Hibadh
58887	925	1028.4	-0.150054366853762	5.16147933446527	11.8725868877989	0.00212269739287539	0.00834869880724376	58887	Repin1
58894	404.6	412.6	-0.0253000359067144	3.97422034605763	0.181828417359305	0.673634915054842	0.772355549800543	NA	NA
58909	1041.2	1012.2	0.0390140513992827	4.68972525354822	0.538952253993143	0.470031435971421	0.598884561257042	58909	Fam13a
58911	1178	1079.6	0.124537334426853	4.03939103392041	4.57600902295567	0.0428791719286057	0.0946384685816317	58911	Sumf1
58988	1075.4	1135	-0.0816663982659206	5.25834676861241	2.33246810865597	0.140329528721588	0.240202335987973	58988	Rps6kb2
58994	2136.4	1726.2	0.305847284589679	6.51786028034784	61.4327313252469	4.76299419764005e-08	1.4402577015207e-06	58994	Smpd3
58996	2397.8	2179	0.137272816603741	7.01778994671782	14.4388095937175	0.000880950703347152	0.00412747535370494	58996	Arhgap23
58998	2427	3733	-0.629983148837095	4.56164600373936	30.5885163182297	8.67790883362036e-05	0.000613352050274566	58998	Nectin3
59001	272.8	314.8	-0.197787853758575	2.59951020750305	5.34343760535286	0.0297683455152984	0.0707567285114493	59001	Pole3
59002	1055.2	930	0.182369539859141	4.4874489298329	13.202597378092	0.00133391510234115	0.00574993834662166	59002	Wrap73
59003	3063	2994.4	0.0326684544636481	6.3047581912102	0.933656721077997	0.343621573453616	0.47637696361966	59003	Maea
59004	413.8	389.6	0.0797095023215378	3.81424422832778	1.71713307971067	0.20255596007824	0.317783984258209	59004	Pias4
59005	2616	2847.8	-0.120619281138759	4.56481724871535	5.72227298649096	0.0249997666085426	0.0615162796322565	59005	Trappc2l
59007	1171.2	1142	0.0402732389210866	4.69223883403707	0.769070148243696	0.389262584932859	0.522608341317067	59007	Ngly1
59008	9068	9292.4	-0.0352544170402748	7.71657866946678	1.49896904963183	0.232799550596483	0.353788739808807	59008	Anapc5
59009	1521.8	1669.6	-0.133959798855867	5.48408230800771	9.54434059139928	0.00504089304522827	0.0169093738459433	59009	Sh3rf1
59010	292.4	307	-0.0814217661077504	2.01025261950198	0.62561703760732	0.436771403277675	0.568491117782576	59010	Sqor
59012	239.4	199.8	0.256251808603043	3.03630687057122	10.7666403520335	0.00317328598300836	0.0115504093675152	59012	Moxd1
59013	5147.8	4079.2	0.336172375559423	7.89117240511702	110.523957886553	1.99159961552387e-10	2.19744891929634e-08	59013	Hnrnph1
59014	366.8	363.2	0.0143759271150595	4.04654415949323	0.0619899931049283	0.805511802731995	0.870690068552816	59014	Rrs1
59015	150.2	143.4	0.0669746574700276	3.81404103427734	1.21598621843467	0.281164887595835	0.408312020924365	59015	Nup160
59016	1938.8	1783.6	0.125281368561513	4.75411128006485	7.56196610613596	0.0111936999689118	0.0322234095500203	59016	Thap11
59020	345.4	313.6	0.141885152248787	3.34254539405113	3.98963730486315	0.0573243850096039	0.11904287839597	59020	Pdzk1
59021	24040.8	24634.8	-0.0350519981189614	8.13645186504745	0.925067367724319	0.345809047708316	0.478722515694567	59021	Rab2a
59022	1098.2	1096.2	0.00254289434997065	5.85632124651618	0.00282338149558492	0.958082675843257	0.973837236973844	59022	Edf1
59024	964.6	1179	-0.289254247400643	5.81105667030711	39.4106932972045	1.78665361623584e-06	2.59540616774601e-05	59024	Med12
59025	9331.8	9715.8	-0.0596847531923616	7.13126309701691	3.85931430408613	0.061238402855408	0.12520504645783	59025	Usp14
59026	6390.8	5986.8	0.0936864123826723	8.9051339621265	5.78558006855549	0.0248532707068097	0.061239204704437	59026	Huwe1
59027	1961.6	2028	-0.0527040635409803	5.81211643416059	1.5255763213124	0.228820288155714	0.348915333368782	59027	Nampt
59028	628.6	650.8	-0.0509448032814981	3.58675082010894	0.609042008194747	0.442834102419901	0.574004494339274	59028	Rcl1
59029	4107.4	3973.6	0.0448942402361835	6.14503447891325	1.26378028964611	0.272136642310378	0.398527155821094	59029	Psmd14
59030	4375.8	3443.8	0.350223173925963	5.04903501048589	50.4352610171727	2.53431059530009e-07	5.45103055721243e-06	59030	Mkks
59031	348.4	356.4	-0.030954991586303	4.15034036245716	0.17851441226737	0.676777375126592	0.774700259767147	59031	Chst12
59032	2019	2032.4	-0.012150166661594	4.19199051824659	0.0516530998878891	0.822150341816101	0.882402509963968	59032	Ppp2r3c
59033	1281.6	1317.6	-0.0328720422192297	6.64650250405812	0.123350452658909	0.73145704002371	0.817860296782138	59033	Slc4a8
59035	1384	1452	-0.0731445606144356	5.84931006674098	2.57036113458064	0.122110259568686	0.214770222901654	59035	Carm1
59036	392.8	324.8	0.268279977993522	3.05358954994869	15.1325100771104	0.000702617756257046	0.0034384238910017	59036	Dact1
59038	199.8	219	-0.129882975080245	3.53637105799291	4.99941070425568	0.0349908105068095	0.0806630263262241	59038	Pxmp4
59040	7300.2	6718.2	0.120139480283832	6.48259870232903	14.4357630681614	0.00088183522693629	0.00413028074210536	59040	Rhot1
59041	11638.4	11577.2	0.00868164252201554	8.21994478924777	0.0998764134168657	0.75473014514479	0.834905060303291	59041	Stk25
59042	1080.2	1057.2	0.0293547504643299	6.06588597733487	0.7451987498136	0.396608126634175	0.529861712022402	59042	Cope
59043	13828.8	13203.2	0.0664522462030592	8.14291570404001	5.14019181517593	0.0327390938604757	0.0764599875035249	59043	Wsb2
59044	2440.8	2836.2	-0.214456313830824	5.62961954498125	33.4296795247114	6.00408381509392e-06	7.01560448369988e-05	59044	Rnf130
59045	1161.6	985.8	0.238381857035417	5.09913708831169	23.4939158506765	6.24124023757962e-05	0.000468627981267407	59045	Stard3
59046	19442.4	20395.4	-0.0684108185239318	8.78413066469298	3.67668740610549	0.0672446663735074	0.134284570102599	59046	Arpp19
59047	533.8	581.6	-0.127478501842724	4.41692401067874	6.48995865672353	0.0177282755912232	0.0465899082537345	59047	Pnkp
59048	1038.2	853.2	0.287235770805373	4.30964965878406	35.7256878830765	3.71397826977213e-06	4.72135812764172e-05	59048	C1galt1c1
59049	20562.8	20913	-0.0249055946631102	9.07729385892333	0.935106562706121	0.343254258851828	0.475959042348841	59049	Slc22a17
59050	808.6	815.2	-0.00935112938677925	3.06993391409086	0.0170725619468916	0.89713974035013	0.935318653131908	59050	Nsa2
59052	4141.6	4331.8	-0.0645870090370468	5.71698930579102	2.72576566457017	0.111863288922349	0.200554698348254	59052	Mettl9
59053	221.2	226.8	-0.0351418575600014	2.84466710806254	0.221030980273665	0.642530792820094	0.746043265823745	59053	Hgh1
59054	1653.4	1645.6	0.0023388925496683	4.18924102548859	0.00189771183312389	0.965616022228297	0.978958685928863	59054	Mrps30
59056	348.4	389.6	-0.168571488019152	3.52747573472997	4.22046491445806	0.0514490348585	0.10947215513687	59056	Evc
59057	1704.6	1504	0.178383359034318	4.84585951253199	11.4958334368538	0.00243021234087224	0.00928758329809547	59057	Zfp24
59058	3193	2580	0.312192630314924	5.61150391050378	24.941964745524	9.24748681965529e-05	0.000648535538531284	59058	Bhlhe22
59069	3441.8	3270.6	0.0723566019052248	6.78107529455168	3.87089729625571	0.0608785186516611	0.124654782347515	59069	Tpm3
59079	544.4	685.2	-0.327630976524096	5.91153639194773	36.2240392922365	6.80661467907893e-06	7.78345004520624e-05	59079	Erbin
59090	697.8	537.8	0.371092177206445	5.73767660082355	10.4469876192407	0.00743239064320655	0.0231525375769197	59090	Midn
59092	2212.8	2458	-0.151849055582909	6.95321084839892	25.5357434918072	3.70652730309167e-05	0.000307897388729235	59092	Pcbp4
59093	1164.4	1219	-0.0673394460002765	5.61156643230166	2.70585634084773	0.113112255649678	0.202092032529104	59093	Pcbp3
59095	8377	8702.6	-0.0528806343027233	6.92987870650167	1.01499479752252	0.326705082150027	0.458065307730768	59095	Fxyd6
59125	1222.6	1172.4	0.0630171919931434	5.29017491857348	2.75221402109167	0.110228940695196	0.198313307046099	59125	Nek7
59126	431.6	384.6	0.170662380541667	4.48147428969473	10.7980656580467	0.00313657607412852	0.011436950195624	59126	Nek6
59287	2448.4	2529.6	-0.0498738496014566	6.21930499041142	2.29691410004529	0.142788052923524	0.243436956470467	59287	Ncstn
59288	2652.6	2638.2	0.00701503415019872	6.02238008194519	0.0275057096770189	0.869675612380578	0.915378214688081	59288	Dctn5
59289	297.4	268.8	0.150696502905477	1.85355695793926	0.994813870964768	0.330478549487892	0.462003786785715	59289	Ackr2
59308	198.8	314	-0.670450829425306	2.48724972837004	49.1680214753052	3.12251072279115e-07	6.36569393331782e-06	59308	Emcn
594844	1525.8	1639.2	-0.106164432432634	6.76588884547984	4.89802216523314	0.0383325369109824	0.0866393258031806	594844	Tceal3
595136	2747.4	2422.4	0.196257656950598	3.703827390437	6.25400727538195	0.0197990955126718	0.0508398769851698	595136	Ndufs5
60315	447.2	424.4	0.0831365911564875	4.24289501567176	1.44469296923555	0.241759773927589	0.364303145574372	60315	Myg1
60321	2230.4	2216.4	0.0082173693467805	6.54427434460827	0.0635406500346053	0.803146776993121	0.86923875062962	60321	Wbp11
60322	132.6	155.4	-0.186999722005375	0.552334686065645	1.08355888043821	0.308351866855656	0.438198592422736	60322	Chst7
60344	78	63.6	0.273496724680021	1.56934986685134	4.91678565350077	0.0363927388852253	0.0830727689278939	60344	Fign
60345	783.2	690.4	0.184322570132226	3.81168083270776	7.57190233162929	0.0111472176723111	0.0321279928685113	60345	Nrip2
60364	1377.8	1209.4	0.190965198610689	4.4463038774318	13.4886340375602	0.00121013268465631	0.00532620518392885	60364	Donson
60365	1247.2	1207	0.0464643073945383	5.04840088121174	0.785080494925385	0.384448459832215	0.517947887535558	60365	Rbm8a
60367	206	237	-0.196040643405279	1.98145043893393	5.05677251040657	0.034053076913663	0.078997103692532	60367	Il1rapl2
60406	153.2	104	0.561475869604384	2.03895446258036	32.8745282801835	6.76385027060633e-06	7.74115875405885e-05	60406	Sap30
60409	1674.8	1744.4	-0.0610253931929317	5.05358485744825	2.30002517683423	0.142529784632989	0.243111341407273	60409	Trappc4
60425	103.2	94.6	0.102608160200052	2.14082293451769	0.786479279134288	0.38403203988539	0.517508773494633	60425	Doc2g
60440	19.2	42.4	-1.2433310870916	-0.13108934252507	26.6634880327804	2.80670327763437e-05	0.000245867207120771	60440	Iigp1
60441	906.2	897	0.0126700512151453	5.26228860704053	0.0761659197223004	0.784941957555709	0.856526578175314	60441	Mrpl38
60455	399	443.2	-0.154880117912595	4.66966988495089	6.29547195831478	0.0196260348220026	0.0504849096489102	60455	Tmem8
60504	30.8	31.2	-0.0383474411081256	0.486820715888105	0.041678848310243	0.839967119459198	0.894685684942022	60504	Il21r
60507	150	125.8	0.250928053758116	3.77880596569935	25.3761839761849	3.85736063885296e-05	0.00031716248554346	60507	Qtrt1
60510	352.2	479.6	-0.460215432327631	3.37464970698042	31.7215406294183	8.69716329910659e-06	9.43759747186837e-05	60510	Syt9
60525	2439.8	2430.2	0.00600768074199372	5.73358407292455	0.0253540728695289	0.874830156781233	0.919435768251006	60525	Acss2
60527	1822.2	2033.2	-0.159905747908643	5.21564727418075	12.4381333587306	0.00173797603868957	0.00713251154549092	60527	Fads3
60532	2482.2	2486.8	-0.00379655840433195	5.24419172644967	0.00785310242599395	0.930126448896146	0.956463267810537	60532	Wtap
60533	167.6	297.4	-0.817761395944988	1.21073677219826	36.2767390876955	3.31907357730013e-06	4.29873561705163e-05	60533	Cd274
60534	916.4	1020	-0.158179773564776	3.92427739279245	9.49302347071007	0.00514213497213789	0.0171570680718562	60534	Fancg
60594	15.2	21.6	-0.513106200111501	0.688727070982791	13.3481072799923	0.00126930334695532	0.00553773334648121	60594	Capn12
60595	4315.2	4064	0.084836127905207	7.6323428142193	6.34280477359738	0.0189168901058786	0.0489306960612686	60595	Actn4
60596	6285.6	7731.4	-0.298945349276251	7.02384018621039	38.3137106757787	4.70665127200794e-06	5.73124999878709e-05	60596	Gucy1a3
60597	9333	9000.4	0.0518438277313836	8.09383930758218	2.84506789664831	0.104707566095227	0.190585966545828	60597	Mapk8ip2
60599	564.4	382.8	0.559892754468833	3.9266577440069	40.3564470933766	3.6971267619778e-06	4.70920773341569e-05	60599	Trp53inp1
60611	1825.6	1706.4	0.0969120239823434	5.60830864373437	5.95409207802455	0.0225042490473304	0.0565010275716715	60611	Foxj2
60613	82.6	79.8	0.0517993161584978	2.65174260448308	0.474982535531577	0.497361860265477	0.622520638056565	60613	Kcnq4
606496	7666.4	7747.4	-0.0164008687954706	7.10060319245739	0.266493853382329	0.61045204636012	0.720695407832163	606496	Gsk3a
613254	59.2	43.6	0.451927248625387	0.371033228198825	6.9879586388731	0.0142792856109517	0.039260565763876	NA	NA
613258	14	15	-0.107073699261457	1.11446564679937	0.69361283990724	0.437965202639056	0.569378398897725	NA	NA
613262	794.6	856.6	-0.111265658571617	5.0537219173024	4.15198617994972	0.0529994365003058	0.112094506171411	NA	NA
613263	433.8	457.8	-0.0883169740990339	3.54224652411953	0.455212116991817	0.510518643318957	0.634755825422126	NA	NA
619287	97.4	117.2	-0.28095624244294	1.86398562350324	6.53110625216635	0.0174108818065243	0.0459311709493526	619287	Rtl4
619309	529	635	-0.269880238116542	4.39292885122525	20.9184191619472	0.000124763083389467	0.000829878328261097	NA	NA
619331	71.8	75.8	-0.0818969908691161	1.46488963325737	0.362711878582091	0.552693464723277	0.671595740992874	619331	Zfp551
619547	1845	1846	0.00173179503450876	5.15583252681337	0.00131880340456461	0.971333500465576	0.982343577926772	619547	Rpl34
619605	2485.8	2411.8	0.0449038335765932	5.72254164062086	1.71387204843867	0.202970626634889	0.318261817897666	619605	Zcchc17
619973	18.6	16.4	0.210165213108063	0.415324940114339	1.73307224012896	0.200544203995176	0.315449551044322	NA	NA
620016	2738	2674	0.0321842629982237	5.71567492424861	0.746807350423039	0.396106675194909	0.529289625891394	NA	NA
620246	53.6	52	0.0415112779309825	2.2040611951006	0.0692552878812777	0.795463631603649	0.863639399924821	NA	NA
620292	1	0.2	0.233539857797407	1.92419778760369	2.8700099548751	0.103461816331355	0.188841658448466	620292	Cntnap5c
620499	733	709.8	0.0456288624175431	4.32029607681741	0.835377072290499	0.369880237329268	0.503745307675232	NA	NA
620583	32.4	38.4	-0.233530702427096	1.06773644979664	2.03175214618568	0.167096707141585	0.27409959019979	NA	NA
620592	86.2	67.6	0.347860859809747	2.33989376470655	8.93245696735115	0.00655323704161885	0.0208497662776929	620592	Tmem28
620678	1353.2	1476.8	-0.130654521471876	4.344181687929	3.80995980275385	0.063272098681161	0.128337765132964	NA	NA
620695	309	292.8	0.0779531317891287	3.45670709656322	1.14343579245778	0.295642527731108	0.423846170980504	620695	Gm13889
620760	147.8	169.2	-0.202335500027333	2.86502052673565	5.57934422018507	0.0266910087365496	0.0647745390324501	NA	NA
620883	543.6	458.2	0.246165279998435	5.18166305764434	15.5733916091097	0.000797630980785307	0.00380744986666804	NA	NA
620966	39	32	0.275988311598961	0.437890789887162	3.21713901764668	0.0855751407617254	0.162707588078135	NA	NA
620986	245.4	229.4	0.116969334923869	1.58076368705516	0.784441045337443	0.38463904631567	0.518036971249226	NA	NA
621080	165.4	164.8	0.011281969426255	1.58007946424306	0.0112357009269903	0.916470948206016	0.94725266308306	621080	AI429214
621119	846.4	840.6	0.0185067182869617	2.6426720104702	0.0470504098100028	0.830124446841593	0.887700820795991	NA	NA
621156	1815.2	1932.6	-0.0871123951282661	4.55057746699738	3.76538349000559	0.064247774417466	0.129824875077597	NA	NA
621381	800	881.4	-0.154691294568158	1.42939011497405	0.862671923829569	0.363329564917893	0.496648905931836	NA	NA
621580	53	57.4	-0.15096920603163	0.489708459728181	0.53291397166822	0.472753184118442	0.601207011956578	621580	Gm21953
621603	18.8	20.6	-0.140903860955218	1.41083773499008	1.1885539691566	0.286525868814916	0.414020284699669	621603	Aldh3b2
621697	1369.8	1341.2	0.027955158073304	4.21812595602181	0.162920750388926	0.690222770170247	0.785820881835221	621697	Rpl32
621699	1995.2	2280.8	-0.194604108562089	4.22890653062634	9.27902905726189	0.00558901698105372	0.0183307582128774	NA	NA
621837	8375.6	7796	0.109005828629686	5.74772125027259	3.72530335114267	0.0679992008754626	0.135585660015718	NA	NA
621961	147.8	146.8	0.0120438913222529	2.08236535861292	0.0181374596498759	0.909022426065177	0.942202233513522	NA	NA
621976	4131.6	3976.4	0.0550889132921928	6.34730630168715	2.91534616213381	0.100741994793867	0.18469365712209	621976	Tmem170b
621998	168	160	0.0765632079160849	0.880104172718981	0.301012043769197	0.588353931178595	0.701771556466035	NA	NA
622208	156.2	236.6	-0.593644803066021	0.703695035769474	15.3861744218276	0.000647574458008915	0.00321209375980125	NA	NA
622320	696	570	0.287496015732501	4.29635516737787	37.3374018634102	2.68125034691713e-06	3.63553400697375e-05	622320	Kctd21
622404	515.2	553	-0.101033133702703	4.00155014053099	3.7025522164261	0.0663546108624144	0.132985239240895	622404	Ccdc107
622434	887.4	1158.8	-0.377179967864283	4.38698476482599	50.1810639213351	2.64188826344031e-07	5.62383696020121e-06	622434	Arhgef26
622480	424	571.2	-0.400516427680689	1.01309356531381	3.23618754963702	0.0891047478041119	0.167827791862129	NA	NA
622552	118.4	150.4	-0.330121571751399	0.140419483620702	3.78357832950066	0.0636519540312534	0.128963462793347	NA	NA
622645	1233.8	1120.4	0.138687834422425	3.83439414300382	4.45144319565116	0.0455665758021695	0.0992882678538678	622645	Tmem200c
622665	77.8	124.8	-0.682707119720094	1.44632745886698	35.5613031010253	3.8414443396124e-06	4.86201720532029e-05	622665	Ccdc17
622675	1498.8	1529.2	-0.0286773118366987	6.09398071959371	0.647361807887633	0.42901402012945	0.561224422748761	622675	Zfp827
623169	481	456.6	0.0789447918955199	3.63496247422912	1.08880142127711	0.307209982302934	0.436790584714401	NA	NA
623230	16.4	15	0.0979085008296404	1.2958996594138	0.364226839860111	0.552177703802567	0.671138288829659	623230	Tmem200b
623279	0.6	0.6	-0.0297905578794322	0.833605054106375	0.0207191961317508	0.886935260647384	0.927959627752247	623279	Dok6
623286	512	535.2	-0.0669081984173431	4.01202649138515	1.35604805345651	0.255752404338056	0.380313297561961	NA	NA
623474	176.2	154.6	0.23209141293086	0.840830758175976	2.47715295271433	0.128698709914306	0.224229888271622	623474	Rad54b
623661	337.8	307	0.138684686609023	2.51264635893861	2.97060338782589	0.0977461450368738	0.18041409530877	623661	Lipt1
623781	71.6	70.6	0.0172430790404634	1.15786979176334	0.0142228674727955	0.906069588718788	0.940555964100749	623781	Gm14137
623954	373.4	454.2	-0.280529103531269	3.50903729283113	9.55826624558636	0.00543936866217297	0.0179376305368579	NA	NA
624086	421.2	418.2	0.00887513103431924	2.69695789534437	0.0102827752122621	0.92007836119866	0.949592156873017	NA	NA
624251	124.4	129.4	-0.0650398991629091	4.19597632656779	0.791812432718529	0.383334406636245	0.516761379735151	NA	NA
624582	2214.2	2375.4	-0.10364239864844	5.50473451841777	4.94328555478697	0.0359363722618142	0.0822785244213944	NA	NA
624784	51461.4	35496.8	1.15238905459023	2.70585538951308	1.19124826000388	0.298004551103644	0.426260047664728	NA	NA
624866	58.8	55.6	0.0888279927804094	2.0903360929565	0.639145147837458	0.43191970369519	0.564132581570388	624866	Lekr1
624918	61.6	128.8	-0.96621023363923	0.0437159090707648	18.6574762733433	0.000237677007463194	0.00141840770680141	NA	NA
625018	192.6	116.8	0.722640635721913	2.14882857145577	46.6852070324368	4.75197430589895e-07	8.95502433082965e-06	NA	NA
625054	848.6	862.2	-0.0200627964351174	4.4068989411108	0.140734863188633	0.710870672324212	0.801782033486033	NA	NA
625068	182.4	279.2	-0.618024791030307	1.85050978039004	30.6258850654654	1.11006847807266e-05	0.000115431149511239	625068	Vmn2r84
625098	288.8	263.8	0.135808885599672	3.16087240000473	3.10446790736068	0.0909063415933364	0.170400760133586	625098	Slc38a6
625131	62.8	84	-0.409440940177264	0.623511794447997	8.10059748915891	0.00895551423125592	0.0270129057776338	625131	Vmn2r87
625249	348.6	398.2	-0.192006951644842	4.62713822258377	13.4956079686531	0.00120727563605394	0.00531848888860826	625249	Gpx4
625328	957	1040.4	-0.127746014463708	3.07163685887345	2.50282887359752	0.126828301534093	0.221509390044516	625328	H3f3a
625421	260.8	262	-0.00783771552427099	5.20395773866549	0.0209518818251328	0.886168711778435	0.927511868576268	NA	NA
625631	515.2	477.2	0.102574482829268	3.47886522826937	2.53163220486796	0.124768075183224	0.218565266411118	NA	NA
625638	1349.8	1052.2	0.365202327478928	4.69902210237745	21.8948288325087	0.000195102375982272	0.0012025627899564	625638	Fam43b
626009	20	24.2	-0.248304495196596	2.62375180795918	7.3752035043553	0.0121083624873813	0.0343569437362797	NA	NA
626534	232.6	284.8	-0.320336432020975	2.4653116617058	5.41457147492746	0.0309091512977391	0.0729813354034857	NA	NA
626802	51.8	51.8	-0.044295722339992	1.17587299110319	0.0927361577293597	0.763371342175438	0.841501630552454	626802	Gm14322
626832	34.2	37.4	-0.146466017675803	2.02666547862254	2.08346773046706	0.161923078649389	0.267959256794403	626832	Gm6710
626848	26.2	26.6	-0.0195554817322871	0.979666394717363	0.0153537996865617	0.902425690071125	0.938201958033661	626848	Zfp971
627049	319.6	305.4	0.0624145288920764	3.59931259202565	1.01514160215639	0.323798460790369	0.455005147993777	627049	Zfp800
627110	1050	1062	-0.0123196312288413	3.45786005306611	0.0396401417838956	0.843875268141131	0.897553173327947	NA	NA
627191	0	0	0.0175042563801693	2.67820836780756	0.00295162171137075	0.957615045077763	0.973556958864873	627191	Syndig1l
627214	394.8	364.2	0.110470398585124	3.45036968690564	2.7672423844567	0.109312702333509	0.197032772107313	627214	Fam196a
627352	1927.8	2174.4	-0.168687852763977	4.17578959912627	8.86290052355587	0.00658508959275765	0.0209310448848063	627352	Morf4l1
627585	68.8	64	0.100896728363136	0.80142795418502	0.52290843735613	0.476643710908299	0.604731255804227	NA	NA
627626	37.8	48	-0.388323707086511	1.44311854920246	7.6506191676582	0.0107864025076569	0.0312939907357834	627626	Ptchd4
628147	50.4	58.2	-0.202284011790871	2.36236542825487	3.14474734540716	0.0891420745773493	0.16783373009522	NA	NA
628161	332.2	326	0.0293595116420414	3.54451959385301	0.199170087603651	0.659421580557193	0.760425215245816	NA	NA
628308	40.2	37	0.119503855458149	1.61698526723533	0.720885592851579	0.404524772425794	0.537408185720811	628308	Zfp970
628709	241.6	251.6	-0.0243375763780193	0.226472875511403	0.0130452148931485	0.910023958621075	0.942902243577707	628709	Gm10324
628746	47.8	42.8	0.163200265204618	1.82499927411416	1.7933263743137	0.193158894624105	0.306366582124088	NA	NA
628779	8207.4	7775	0.08293750333414	5.74148670125387	2.19596330579122	0.153879736626977	0.257905578989602	628779	Hs3st4
629059	712.6	718.2	-0.0114880595174458	5.45451086646982	0.093738760522705	0.762136434309121	0.840396705943244	629059	Fam124a
629147	85.6	79.8	0.107904175590805	0.783168482869717	0.443658359402525	0.511760657975749	0.635844719928297	629147	Ctxn3
629378	6591.2	6313.4	0.0614595473492919	7.12058852744579	3.01044030849761	0.09565031094704	0.177179238040307	629378	Dact3
629480	9.2	10	-0.106790596094125	0.687144365721548	0.585928028582447	0.451515224231676	0.582124792707577	NA	NA
629499	38.2	37.4	0.0655177773353769	0.739792310143856	0.18071143451451	0.674577627151742	0.773161923943484	629499	Mroh8
629959	45.6	47	-0.0388180601439913	1.93348859095692	0.140484781211567	0.711115413804817	0.801782033486033	629959	Lin52
629967	224.4	213.2	0.0807076522610693	1.05351553407595	0.330147644318937	0.570958558329469	0.686861007248784	NA	NA
630499	7	7.8	-0.181154250373892	0.0937298792680403	1.29979839740248	0.295170243113267	0.423408133134558	NA	NA
630836	57.4	54.6	0.0809350604934972	1.61979328516003	0.342566316099736	0.563944849148548	0.680974005813961	630836	2010315B03Rik
631331	535.6	494	0.126524840410418	2.37451466851139	2.13205647272137	0.157309589365627	0.262224980358756	NA	NA
631624	151	158.6	-0.085900849139637	1.64511527544867	0.639089124842231	0.431939620882765	0.564132581570388	NA	NA
631990	110	107.4	0.0383682933661357	4.09504190332421	0.0366500858026714	0.851566965679153	0.902253989292367	631990	Cdr1
632687	71.4	94.8	-0.43355679777011	1.72333784786455	12.7625026637801	0.00155218819878496	0.00648607349674411	632687	March10
633395	86.2	107.2	-0.346263188337833	0.534829333749166	4.48340703206294	0.0448593515775533	0.0982270970613476	NA	NA
633640	1061	975.8	0.16519069613783	3.95591257893346	0.481976615014364	0.501624272809267	0.626502027890215	633640	Tmem267
634104	306	298.4	0.279522890793812	0.248820719018677	0.608755953917359	0.448791893935704	0.579388892010242	634104	Olfr287
634731	430	520.8	-0.277340138612149	3.74116108891348	22.624338327388	7.8492897355553e-05	0.000562208294537742	634731	Susd1
635169	77.8	83.2	-0.0920332725635719	1.79147186207791	0.608185434257482	0.443151038431569	0.574260813115465	635169	CK137956
636791	1368.2	1374.4	-0.0092838665830601	4.70426807027429	0.0304558268309917	0.862934542968579	0.9110890787859	NA	NA
636808	32.4	32	0.00242524585843258	2.7619864427551	0.00028684238069075	0.986689621228139	0.991624290710296	636808	Cntnap5a
638247	5584.8	5773.4	-0.0488755656059349	6.87589078395376	1.93724860829804	0.176826672798843	0.285889566961351	NA	NA
63828	1516.8	1550.4	-0.0291622160619036	4.8445548272508	0.277620002545599	0.603137466742516	0.714236985724334	63828	Fn3k
63830	10.2	11.4	-0.202853659131319	1.44988204905434	2.8706594961168	0.103242869235324	0.188489633943081	NA	NA
63856	327.8	279.8	0.227020705623632	4.18568328200343	20.3766165170548	0.000145124144759505	0.000940217117146518	63856	Taf8
63872	197	205	-0.0288930413322038	1.30347689251723	0.0373931608085177	0.848305932789345	0.900647418285382	63872	Zfp296
63873	100.2	66.4	0.636990108243104	0.910416860441222	14.1898629507267	0.000962259070065738	0.0044280460358899	63873	Trpv4
63913	86.6	97	-0.16062686582016	1.42108046881751	2.01109067410855	0.169101676594685	0.276149094283084	63913	Fam129a
63953	158	178.8	-0.184850804005942	2.6992306849399	4.94910856247858	0.0358369523145269	0.0821289533461505	63953	Dusp10
63955	713	597.8	0.255638968441892	4.11453537457263	8.3428454401241	0.00970248176547332	0.0288440295018822	63955	Cables1
63958	5824.6	5588.8	0.0593904639689086	7.17834105884266	4.42070897683921	0.0462584473301702	0.100427089168579	63958	Ube4b
63959	280.6	289	-0.0454268598668316	4.05791247804159	0.511809085543342	0.481309866616305	0.608914906964732	63959	Slc29a1
63985	23478	21067.2	0.157749128429617	7.73675137788945	12.8460117993809	0.00176774581037796	0.00722596095678818	63985	Gmfb
63993	4.6	4	0.0375172035092247	0.752445174676544	0.0400691223079916	0.843068047375075	0.897129172992663	63993	Slc5a7
64008	116.2	122.8	-0.0704124725252687	0.641386475509094	0.179101139733622	0.675942790243755	0.774126492542777	64008	Aqp9
64009	10672.4	9255.2	0.205896579809521	9.37278469908917	25.9472830144286	4.67813646863456e-05	0.000370914890387515	64009	Syne1
64010	946.4	982.2	-0.0513382702637207	4.51525010524028	1.2283077142421	0.278800095846657	0.405695820534338	64010	Sav1
64011	31832.6	32447.4	-0.0278911437217166	10.4554376904698	0.576166761052268	0.455526455965966	0.585833205314714	64011	Nrgn
64050	1667	1573.2	0.0842260846791469	5.10424316352291	3.45647363130251	0.0753997822026728	0.147037120670132	64050	Yeats4
64051	31060.4	31624.2	-0.0250777780518051	8.99065819583728	0.868851947577229	0.360624108015386	0.494072119171032	64051	Sv2a
640524	76.8	70.4	0.126344634588163	2.17626805856034	0.954901323967484	0.339263119412714	0.471555834983303	NA	NA
64058	143	110.6	0.36264875812907	2.41175418646835	15.8844783475464	0.00055262891157552	0.00282250822894437	64058	Perp
64074	1006.8	868.2	0.22018944403895	5.01798601006332	8.68452484596067	0.00900656432925504	0.027098434807463	64074	Smoc2
64075	409.8	422.8	-0.046141082108655	3.13866741475215	0.424649723777028	0.520863364209375	0.643589334893798	64075	Smoc1
64085	2889	2499.8	0.210414321680136	6.3612727060436	22.447307185596	8.89294212089823e-05	0.000627017489831527	64085	Clstn2
64099	160.2	172.6	-0.130028422922874	2.69355299146378	2.52956006476499	0.124914967413266	0.218771469646352	64099	Parvg
641340	760.8	718.8	0.0791253944564244	3.63032821485116	1.43952021303465	0.242013046368388	0.364570773549628	641340	Nrbf2
64136	439.2	171.6	1.37609401056069	3.19191433665524	183.692326609502	1.13942511950403e-11	2.5337308734325e-09	64136	Sdf2l1
641376	3269.2	3060	0.0980695680512553	5.95902338044425	4.87326065162811	0.037156452869673	0.084403484170714	641376	Tomm40l
64138	357.4	377.2	-0.0797279385981278	4.86087891811609	2.72025251327044	0.112207523366104	0.200972434043825	64138	Ctsz
64143	330.8	389.6	-0.244144078491214	3.26353414617018	14.0491720445885	0.00100234058879375	0.00458475660456481	64143	Ralb
64144	2928.4	2430.2	0.27008285227385	6.34182916647512	59.0126677286407	6.7464675120185e-08	1.87568844949024e-06	64144	Mllt1
64176	52226.8	51433.8	0.0218664757631673	9.65583877488928	0.506903238496019	0.483396883546103	0.610966994996098	64176	Sv2b
64177	763	835.2	-0.1232443430053	4.02798411328631	3.98981695638768	0.0573191889458128	0.11904287839597	NA	NA
64209	1601.8	1293.6	0.308981298378791	5.6994906347949	49.4817945008948	2.96422170315106e-07	6.17361102267225e-06	64209	Herpud1
64213	379.4	283	0.422974296055735	4.1461408326205	49.1996219088741	3.10616155321046e-07	6.34130778108813e-06	64213	St7
64242	120.4	158.2	-0.421626781686823	1.56938768048945	11.0913499368538	0.00281551414314616	0.0104804124195299	64242	Ngb
64291	25147.2	27269.6	-0.116191318297448	8.7120270700928	14.3170410893022	0.000917070181487891	0.00426902814918711	64291	Osbpl1a
64292	126.6	141.2	-0.161536397859646	2.01155741395	3.73036940312229	0.0654123055661539	0.131680983934984	64292	Ptges
64293	159.6	195.8	-0.327949252032688	0.608662836331039	4.23689230375487	0.0506519846719083	0.108091339310526	64293	Stk32b
64294	21045.8	19448.6	0.113456809593691	9.51483493098868	18.8088738786822	0.000227375353256641	0.00136879773259954	64294	Itm2c
64295	148.6	161.2	-0.119103559725008	4.03155585853974	4.30296546454202	0.0490207179709597	0.105297288980867	64295	Tmub1
64296	10060.6	9110	0.144580009595784	7.77096763910517	14.128448560456	0.000984394748776272	0.00451409952373485	64296	Abhd8
64297	4165.6	4222.4	-0.0191681912383781	6.8825803667372	0.366184584762625	0.550812548558474	0.669896861077221	64297	Gprc5b
64337	1674.8	1832.4	-0.128556456775674	4.4293339493549	6.34074975611516	0.0189341022858481	0.0489576948908138	64337	Gng13
64339	4750.8	5176.4	-0.125403203386317	6.44487787204304	15.8234997355453	0.000563388050281677	0.0028653099503066	64339	Fndc4
64340	1091.4	1078.8	0.0169071189770268	5.63560523592172	0.193084698608507	0.66432155540672	0.764664633126203	64340	Dhx38
64378	83	64.8	0.352423108760527	5.82523895941441	4.54126897245568	0.0559923497057302	0.116986617902085	64378	Gpr88
64383	2204.2	2250.6	-0.0305988038787482	6.77183599405302	0.53413376403108	0.47210021996519	0.600632261465099	64383	Sirt2
64384	3403.2	3571.8	-0.07091410249256	5.74877209911003	2.68773063441276	0.114263529463586	0.203645506148788	64384	Sirt3
64385	133.6	142.4	-0.0890747392125808	2.89355539141674	1.27274816631994	0.270485220330921	0.396832457842381	64385	Cyp4f14
64424	105	95.6	0.124709766210633	2.56202798313152	2.43222300555284	0.132050660300905	0.228801275951724	64424	Polr1e
64436	1466.2	1309.8	0.160931040860222	5.32848200145487	17.0258627728667	0.000387507293524039	0.00213047215917912	64436	Inpp5e
64450	2117.8	1974.6	0.0984583796659767	5.41915095115674	6.17970574122633	0.0203385118751042	0.0519753979212793	64450	Gpr85
64451	3884.2	4133.6	-0.0887577833000592	6.60190101584338	5.1999375605327	0.0318328219874443	0.0746691997738592	64451	Dip2a
64453	1432.4	1268.8	0.176906986047941	4.40302723943502	13.9671011682229	0.00103016759161483	0.00467358517551815	64453	Zfp280b
64540	326.2	403.6	-0.31550567302148	3.09402679682444	14.135903769997	0.000973821185194538	0.00447555211790202	64540	Tspan4
64580	2.8	3.2	-0.219820591831935	0.297581228767016	0.695722719812734	0.41434818792972	0.546989561451838	64580	Ndst4
64602	3047.2	2886.8	0.0787690120064244	6.11459852366619	4.36061640316814	0.0476456653726205	0.102909510952758	64602	Ireb2
64652	12987.4	12674	0.0349680447277249	8.7474999894576	1.69044118293911	0.205981230969755	0.321691270927806	64652	Nisch
64655	780.4	761.6	0.031697822187688	4.04468115096382	0.302324062388949	0.5875472492976	0.70113112344362	64655	Mrps22
64656	2091.4	2044.6	0.0359218765387041	5.0832295737813	0.752546528587893	0.394325285737864	0.527348045897028	64656	Mrps23
64657	2138.4	2750.4	-0.352076881847237	3.71455131287163	25.5781905720565	3.6674889421382e-05	0.000306415521211939	64657	Mrps10
64658	977.6	892.2	0.132205624774562	5.1460043571111	9.69077359537999	0.00476381746262594	0.0161786225575177	64658	Mrps25
64659	2499.4	2389	0.0747466656542921	4.50511380135214	1.95306596197678	0.175136449665313	0.283759919679681	64659	Mrps14
64660	1491	1455.4	0.0308061844308347	3.75391629040515	0.243037151565156	0.626534459006009	0.733332988134493	64660	Mrps24
64685	118.2	165.2	-0.477698922589785	1.26509523307579	14.7001303601315	0.000808560458765061	0.00385198842155247	64685	Nmi
64704	475.8	549.8	-0.213212199442227	4.17192837745113	20.5449562331184	0.000138435723710776	0.000904906723461427	64704	Htra2
64706	6496.4	5787	0.16482174039515	7.50693978596143	12.5468966157472	0.00204410189827682	0.00811465224874848	64706	Scube1
64707	284.2	276.2	0.0347535875120876	2.57194553128229	0.156374167955676	0.696035655612683	0.79041124167642	64707	Suv39h2
64817	173.4	201.2	-0.138499164862371	0.750607006694648	0.455410418640292	0.506957232484279	0.631414031738714	64817	Svep1
64833	397.4	465.2	-0.233983487109641	0.858244521158939	3.55838398128714	0.0714930929039745	0.141188846131172	64833	Acot10
64898	8826.4	8108.6	0.123966599598934	6.80855744133972	12.4939396133036	0.00170435541894592	0.00702244960816544	64898	Lpin2
64929	64.8	69.4	-0.089734698531894	1.74368405147499	0.562080920511327	0.460762891002921	0.590418848818267	64929	Scel
64930	4531.8	4514.8	0.00638248260635136	6.96489435010375	0.0325666367790568	0.858315970789943	0.907711019352254	64930	Tsc1
64933	13241.2	13852	-0.0651469522457041	7.74134899615883	5.3331557266816	0.0299111903693888	0.0710495226950116	64933	Ap3m2
64934	1189.6	1238.2	-0.0572606347362052	5.09475924413005	2.16075546079656	0.154658830176925	0.258911134048792	64934	Pes1
64945	2876.6	3035.4	-0.0737849888437505	5.48230915777076	3.2531079868081	0.0839496848608803	0.160270604276736	64945	Cldn12
65019	407.2	417	-0.0324613613714131	5.2650393258053	0.107266038106389	0.748480496947218	0.830088015259349	65019	Rpl23
65020	447.4	495	-0.151128311207952	3.66664283295859	4.66377862371167	0.0410925897969171	0.0914755486243977	65020	Zfp110
65079	1247	1313.2	-0.0754915799145645	6.58478330750418	3.13060610537627	0.0898156348947919	0.168816019085738	65079	Rtn4r
65098	1768.6	1753.2	0.0153367480931918	5.33041101612517	0.114908462335057	0.737593391010891	0.822114040227593	65098	Zfand6
65099	563.6	483.8	0.220627453238034	3.90677722294992	16.3515123162455	0.000477275143149768	0.00251587706750064	65099	Irak1bp1
65100	0.4	0.4	-0.162171042071218	0.337944433008748	0.72520355055743	0.402921491310745	0.535877341453825	65100	Zic5
65102	1030	899	0.194422323217756	4.3909270108534	16.1403545115455	0.000509859582725791	0.00265472276971131	65102	Nif3l1
65103	187	168	0.157146511641619	2.93584421409954	4.60531287280553	0.0422731570949987	0.0935849613495347	65103	Arl6ip6
65105	456.2	566	-0.315897540249344	4.7021265248985	49.7276519316765	2.84627518271216e-07	5.97966010042466e-06	65105	Arl6ip4
65106	7655.8	7340.6	0.0610019287592223	7.15543058616176	3.30218725175158	0.0817886904743811	0.157036893214228	65106	Arl6ip5
65107	633	643.2	-0.0239358900892927	4.46125936433102	0.189326971111633	0.667393723033592	0.766752155848306	65107	Lrp10
65111	4527	4499.4	0.00984933532065595	5.86221789499147	0.0757033269133459	0.785579016759106	0.857021983820625	65111	Dap3
65112	833.2	899.8	-0.111623921001289	6.00658970715426	8.29727748586039	0.00826509672292845	0.0252833244514725	65112	Pmepa1
65113	78629.2	80539	-0.0342180960688205	8.39343564070823	1.01586922007573	0.323628672249758	0.454855000845779	65113	Ndfip1
65114	19120.6	18090.8	0.0792712799709431	7.57908767381174	7.56397219079912	0.0111842981964451	0.0322027581935094	65114	Vps35
65115	371	428.4	-0.212126760750686	4.30457429349287	15.1118712301632	0.000707315471761872	0.00345974207405959	65115	Bean1
65116	157.4	158.2	-0.000463361498847206	2.35671035125404	2.54974011284104e-05	0.996013147908349	0.996633716847856	65116	Prrg2
65221	5.8	8	-0.485202331975018	0.643111477159941	8.85212365955311	0.0066133500104815	0.0209891982389844	65221	Slc15a3
65246	3114.6	2964.4	0.0693257051432279	6.67678546650319	3.90317988171617	0.0598880979250944	0.122992692158186	65246	Xpo7
65247	3697.6	3716.8	-0.00713937013421384	5.87103403151464	0.0399609633487444	0.84325343170047	0.897260387352664	65247	Asb1
65254	814.8	709.8	0.201513370336981	4.98144548229522	16.7326797027567	0.000424049117988739	0.00229050269188157	65254	Dpysl5
65256	16	16.2	-0.0538336790201103	1.989738718243	0.170760096707036	0.683289961282657	0.779941245265272	65256	Asb2
65257	562.4	516.8	0.123302276377135	3.80809899355881	4.75604931980816	0.0393039479705825	0.0884201189053385	65257	Asb3
652925	135.2	155.8	-0.209891674238379	2.40508761791487	7.78233667625131	0.010211077294788	0.0299676977094143	652925	Tmem243
654318	174	243.8	-0.495955391512166	1.5612384732993	16.9466231931216	0.000397033036370719	0.00217540390739286	NA	NA
654409	265.8	385.2	-0.54740500745223	2.04139727625129	22.1380399403491	8.94090347214752e-05	0.000629477928818414	NA	NA
654432	342	270.4	0.333316625707178	3.22239895510302	21.9081893480758	9.51336794763489e-05	0.000663000097951373	NA	NA
654467	1138.4	1106.4	0.03670045086861	5.47131979334704	0.446027199916375	0.511351965306918	0.635623178932772	NA	NA
654470	39.6	43.8	-0.151282557713198	3.22429691903205	3.68004020664255	0.0671285268661522	0.134071538942015	654470	Tctn1
654793	168	164.2	0.0421993710058909	1.80884601614988	0.173396483818067	0.68083837944735	0.777931852690277	NA	NA
654795	1918.4	2316.6	-0.276136109095307	5.61943959769568	50.194510732447	2.6360751122299e-07	5.61973888970074e-06	654795	Sdr39u1
654796	3.4	5.2	-0.470661967185772	0.291648255866931	7.23965468456181	0.0128237916085936	0.0359842911882376	NA	NA
654801	304.6	328.2	-0.11141890766768	2.93169890269805	2.15279783527326	0.155388421578235	0.259951880265256	654801	Zfp784
654804	64.4	76	-0.216209315474763	1.015564245852	2.74570667657828	0.11062845442164	0.198784644481649	NA	NA
654818	71.2	75.8	-0.083415496459041	1.78465750535614	0.549933713715619	0.465592836622639	0.594714906506499	654818	Smco3
654820	0	0	0.0057148102268918	-0.164356375760782	2.8122823032959e-05	0.995858994067454	0.996596630006368	NA	NA
654824	157.8	162.8	-0.0157492236376014	2.20375519415411	0.0153205331496437	0.902606565934621	0.938310939587098	654824	Ankrd37
65945	70988.6	74000.6	-0.0596945971525581	10.4114257361223	3.74492898923126	0.0649251772695788	0.130864386034652	65945	Clstn1
65960	524.8	508.6	0.0418951229068052	4.37959654718356	0.663284049830662	0.423469403547662	0.556337643962726	65960	Twsg1
65961	668	669.4	-0.00571621485915361	4.88066815686665	0.0113777215924484	0.915946766363306	0.946934737215881	65961	Utp3
65962	2333.6	2052.6	0.190549274081324	5.05648703799887	15.4336790759363	0.000637798254254402	0.00317449585640259	65962	Slc9a3r2
65963	912.6	899.4	0.0192470513246923	4.242959000466	0.111460015498229	0.741408875244024	0.824907929363066	65963	Tmem176b
65964	218	231.6	-0.0883328381819165	2.92333096584986	1.32045216838955	0.261917120283599	0.386972304669236	65964	Map3k20
65967	589.8	631.4	-0.100158642753563	4.12061666557637	3.86001455264249	0.0612165776340603	0.12520504645783	65967	Eefsec
65969	4.8	6.2	-0.279567085272255	0.149185983243843	1.61807591210552	0.215637029166215	0.333028915436314	65969	Cubn
65970	290.2	281.2	0.0459722196503519	3.62512452686884	0.571832813895216	0.456944363233008	0.587186506594053	65970	Lima1
65971	340.2	365	-0.110503964820014	2.4153431866772	1.18776910128643	0.286681238446763	0.414079206606327	65971	Tbata
65972	20.8	14.4	0.485378652235518	1.36710971330224	16.2534151112825	0.000492121724755421	0.00257535387748546	65972	Ifi30
65973	2830.4	3199.4	-0.175244717107745	6.49937878336153	21.8799750463089	9.5863394001064e-05	0.000666799565395274	65973	Asph
66011	42.8	61.2	-0.525920054262951	2.19435460427089	37.034929918776	2.84836785120938e-06	3.80501930881519e-05	66011	Ranbp17
66043	1466.4	1439.2	0.0224597519862606	6.17446505320618	0.184759184844305	0.671892860419372	0.770757095595366	66043	Atp5d
66044	2098.4	2173.2	-0.0494815427443734	5.3234560199482	1.44408472254125	0.241289342122575	0.363745948168513	66044	Dtd1
66046	5351.8	5543.4	-0.0496714630458437	6.22563396297605	2.17065809022669	0.153756641459808	0.257788945094543	66046	Ndufb5
66047	195.4	209.4	-0.107955368451869	3.76664405110489	3.06743252924908	0.0927416756456737	0.173010864711225	66047	Mrpl54
66048	1902.8	1751.2	0.118367548033272	4.92088713213311	5.76321122790012	0.0245375712278449	0.0606266759875675	66048	Emc6
66049	2020.6	1873.2	0.108684283495454	6.97854372127319	10.2902178081427	0.00379146501948785	0.0134549067988405	66049	Rogdi
66050	837.4	726	0.208384409851354	3.76320344466374	10.0821598926559	0.00410181594152626	0.0143568219379467	66050	0610009B22Rik
66052	2983.2	3071	-0.04146337555463	5.8397430637879	1.32494238713305	0.261128934897673	0.386202560627336	66052	Sdhc
66053	2044.4	1957.4	0.0602934965096217	6.09711404671291	3.5208992002687	0.0729025233612602	0.143199539529948	66053	Ppil2
66054	1741.2	1993.4	-0.196196377538855	5.34005868454843	28.8985745948297	1.64831229426224e-05	0.000160112270841845	66054	Cndp2
66055	1561	1599.6	-0.0336762464721733	4.969824351101	0.558714814559926	0.462093057501693	0.591541320797934	66055	Sf3b6
66056	95.6	108.2	-0.174001092005896	2.30006810225586	3.6902172554934	0.0667773951722196	0.133517840616857	66056	Zfp524
66058	184.4	170.6	0.105081751215481	2.99264966562285	1.48195049365969	0.235390839862615	0.35683942482944	66058	Tmem176a
66059	927.6	934.4	-0.00554834767305689	4.20447710711488	0.0122793449246669	0.912693514743761	0.944923147489888	66059	Krtcap2
66060	162.6	157.4	0.0448028504073091	4.16216766888901	0.425984039474345	0.520339849773784	0.643245896755077	66060	Cystm1
66061	480	556.2	-0.21934921672404	3.05229691706302	10.0170342105516	0.00420459708893325	0.0146441557405882	66061	Tctex1d2
66066	174.2	235.6	-0.442450489350018	2.48315610682932	19.6202521453053	0.000179831185043459	0.00112474251346524	66066	Gng11
66067	707.6	740.8	-0.063327730058244	3.80245549642718	0.908971743754162	0.349961337924842	0.482942636849883	66067	Gtpbp8
66069	309.6	314.6	-0.0296648766469816	3.51243939834045	0.250124490941949	0.621575780366787	0.729419203492858	66069	Snupn
66070	1558.4	1527.2	0.0304475804121605	5.81590195982063	0.642493218723699	0.430732010232953	0.563013246148228	66070	Cwc15
66071	363.8	349	0.0524075796652599	3.20847250451226	0.555479894298662	0.463377320915798	0.592817825855634	66071	Ethe1
66072	1429	1282.2	0.155600939992892	5.22672931959207	20.1055280900167	0.000156645051298836	0.00100450202816032	66072	Sdhaf2
66073	1544	1436.6	0.10937472487756	4.52936547880596	4.91343302408563	0.0364509369485889	0.0831536999139684	66073	Txndc12
66074	2098.2	1936.4	0.118495756921953	5.64635616527718	6.6695291562695	0.0163884410290611	0.0438015027060002	66074	Tmem167
66075	2274	2116	0.104548405225133	5.55032512548416	7.86550723268645	0.0098652484081178	0.0292197337071587	66075	Chchd3
66077	1229.2	1227	0.0019087984544002	5.32268005911568	0.0017107006254019	0.967353089249065	0.979920544189488	66077	Aurkaip1
66078	1407.4	1576.4	-0.167317489335589	5.03049236155559	11.3936143846015	0.00252181737749416	0.00956702057068256	66078	Tsen34
66079	1798.6	1984.8	-0.154051650716874	3.72215850417956	3.47530101694483	0.0756762825896612	0.147521623664803	66079	Tmem42
66082	2698.8	2117.2	0.354007315237043	5.60315489655524	51.2114411836774	2.69977648534125e-07	5.7301863904732e-06	66082	Abhd6
66083	362	412.4	-0.190042126964867	3.6767004265738	11.5243814044499	0.00240528293016899	0.00920952568812254	66083	Setd6
66084	299	265.6	0.163911895426548	3.81899975735891	5.58933078489886	0.0265687906690084	0.0645225262536689	66084	Rmnd1
66085	7478.2	7675.2	-0.0349361545253858	6.10058931581111	0.570419726581781	0.457741494516153	0.587845007706484	66085	Eif3f
66086	1861.4	2116	-0.184656252880358	4.56838205757676	11.9002966660904	0.00210182008278088	0.00829140487896147	66086	Fopnl
66087	4138	3632.6	0.188737120725552	6.067458963645	39.2789779344516	1.83197725953543e-06	2.64529463629621e-05	66087	Emc3
66089	1695.4	1527.4	0.152442751657406	5.6750925954492	17.8854424913068	0.000298744694283987	0.00171079865736163	66089	Rmnd5b
66090	4154.2	4072.2	0.0286911745897569	7.13464697857644	0.796374628025127	0.381105032384976	0.51433166555485	66090	Ypel3
66091	4480.4	4646.4	-0.0600721492130827	5.69422151892963	1.71857684599783	0.202372708899796	0.317565425517062	66091	Ndufa3
66092	28311.6	26518.8	0.0953279487129182	8.55637594359139	11.6937592687309	0.00226300323210577	0.00877622057195723	66092	Ghitm
66094	21.2	25.4	-0.260548761916181	1.57120599350145	6.69957015171457	0.0161754300332975	0.0433846104474453	66094	Lsm7
66096	1177.8	1183.6	-0.00447622777147343	4.66137784858523	0.00952238689548014	0.92307998205554	0.951451049035925	66096	Lamtor4
66098	1000.4	1075.8	-0.106204136129531	5.3845922225317	6.85714676196325	0.0151070794381612	0.041052401992702	66098	Chchd6
66101	26.4	26.8	0.00904539477659606	0.642966642499714	0.0028372741714434	0.957964056270536	0.973796502520173	66101	Ppih
66102	20	16.4	0.267364840146221	0.376657526709498	2.65788393992145	0.116189292019267	0.206111932602661	66102	Cxcl16
66104	1396.8	1695	-0.282274155513824	6.03441211944867	32.0391559867905	1.17150566626376e-05	0.000121036046463019	66104	Tceal6
66105	7691	7035.8	0.12796132819957	7.30107101452405	8.91461945567954	0.00681270728101889	0.0214767439563461	66105	Ube2d3
66108	5776.8	5663.8	0.0289749110024601	6.5272188698864	0.973668064514459	0.333683178281234	0.465141928718002	66108	Ndufa9
66109	14083	11466.4	0.297831345886513	7.41462166229785	75.9187126229739	7.16672445743508e-09	3.18761496810769e-07	66109	Tspan13
66111	1649.2	1631.4	0.0203681856790636	4.32442029668889	0.146961721701555	0.704855481843274	0.797368798196969	66111	Tmed3
66114	1169.6	1282.8	-0.130208943271692	4.68567843715624	7.35025482971473	0.0122366656025989	0.0346529711246013	66114	Dnajc30
66116	154.8	139	0.143735489299487	2.72603023272817	3.34035077092707	0.080152415697255	0.154572784054453	66116	Nat8f1
66117	700.4	724.4	-0.0479766292059274	3.05275116582448	0.425080273889543	0.520653968049647	0.643427877410191	66117	Fmc1
66118	152.6	149.6	0.0288721504395656	2.0973741002571	0.0764863244283344	0.784501935396524	0.856305012401552	66118	Sarnp
66119	877	904.2	-0.0468152915129655	5.27466582719502	0.818743562043827	0.374674877795653	0.508073054100607	66119	Tomm6
66121	1093.8	1103.8	-0.0140970892223458	4.20167159773431	0.05761521573909	0.812358981758509	0.875929632401155	66121	Chchd1
66124	359.8	378.8	-0.0746808857271088	4.76897784443209	2.04937103199782	0.165258071255115	0.272023705947094	66124	Josd2
66125	356.6	369.8	-0.053760676841795	4.37910212641326	1.41886941577503	0.245322136904054	0.368403757590774	66125	Sf3b5
66126	1197.2	1103.6	0.118648835681823	4.92112027328711	6.98745655668578	0.0142823654451484	0.0392615652613495	66126	Elof1
66128	12	14.4	-0.222894689964509	1.2050266096415	2.84837049044711	0.104517195356769	0.190359824082222	66128	Mrps36
66129	206.6	191	0.0912953773382927	2.37226543707634	0.789917439722344	0.383011311198453	0.516373984895294	66129	Aaed1
66131	423.8	605	-0.522969144021266	3.55430127344284	69.5020514307631	1.59806721388283e-08	6.05428157457896e-07	66131	Tipin
66132	850.8	944.4	-0.153923613857307	2.7804277534103	4.14521708702462	0.0530178081604913	0.11211695671569	66132	1110008L16Rik
66136	557	518.4	0.0990566020699349	3.49247635857456	2.26219281742333	0.145708627979506	0.246988684040785	66136	Znrd1
66138	736	655.2	0.172796862656364	4.56653787470034	10.3315032062228	0.00373299151190714	0.0132865450167707	66138	Bud23
66140	319.4	274	0.221245163420377	2.53169998681888	8.10413024677094	0.0089425673603968	0.0269845237217485	66140	Ska2
66141	56.8	63.8	-0.20022976871587	2.49456690126426	3.24031967033013	0.0848279862735722	0.161541991251411	66141	Ifitm3
66142	10308.2	10237.2	0.00979487680706416	7.0895006753401	0.0978058082392267	0.757199999002779	0.836750773982034	66142	Cox7b
66143	393.8	376.2	0.0664454849081011	4.19873423878665	1.72231153182193	0.201899633177221	0.317064026286784	66143	Eef1e1
66144	2252.2	2159.4	0.0587667000893232	6.29594225403043	3.04318869084014	0.0939662949564675	0.174754095123621	66144	Atp6v1f
66146	2313.6	2517.8	-0.122351690676244	6.2466747686609	16.220839707953	0.000497162490441791	0.00259703167215238	66146	Tmem57
66147	304.6	304.4	0.00174804205399098	4.15923574497708	0.000948859989465749	0.97568279825237	0.985087955150863	66147	Necap2
66148	635.4	604.4	0.0710542527379005	4.29511067618352	1.83655341702723	0.188066261424002	0.300067307939345	66148	Dnajc15
66151	856.8	820.6	0.0578895142445901	5.2431788266213	0.83897851662263	0.370902541016643	0.504709595919276	66151	Prr13
66152	4203.6	3952.8	0.0891594391241715	6.02421764277078	6.60768962923787	0.0168367611164637	0.0447103702328432	66152	Uqcr10
66153	86.6	106.6	-0.318059436859437	0.971564065326569	4.97730819548652	0.0353598163972376	0.0813284370228657	66153	Fbxo36
66154	910.8	919.2	-0.0138876568873465	4.95128838949702	0.0778606105215717	0.782625780935428	0.854772766496685	66154	Tmem14c
66155	1769.6	1804.6	-0.0272259752041786	4.92565992659757	0.371523153360377	0.547944824467191	0.667284058711667	66155	Ufc1
66156	972.4	961.4	0.0189809414795095	4.90594410734529	0.148669401288354	0.703231576478222	0.796279608806597	66156	Anapc11
66158	439.8	469.6	-0.0954665634497969	4.75904828830504	4.25090188034662	0.0503010525750802	0.107472492818952	66158	Rtl8a
66161	1324.2	1521.4	-0.19756656958801	4.3251986815791	6.50411598424645	0.0190638541056672	0.0492491415984476	66161	Pop4
66162	278	264.4	0.0730540197506441	3.92365475245382	1.39043658693357	0.249973725079118	0.373564952677168	66162	Bola2
66163	736.6	688.6	0.0951010440559844	5.26932776061804	4.67089181068429	0.0409515002265239	0.0912873370539116	66163	Mrpl4
66164	701	648.6	0.11428347376462	3.86783554206305	3.80799076445574	0.0628623696386426	0.127703821610252	66164	Nip7
66165	1899.6	1884	0.00950881290435101	5.03668952711277	0.0522839070497324	0.821087087894894	0.881854121595542	66165	Bccip
66168	11775.6	11582.2	0.0226634840947754	8.30689091236595	0.484351475753807	0.493191921091597	0.618694326285189	66168	Grina
66169	5247.8	5087.2	0.0458451619016219	5.38404694822302	1.03107905798151	0.320107320699672	0.451046131155494	66169	Tomm7
66170	25.2	26.2	-0.0739250739036952	1.92796173314381	0.341060094932443	0.564734722500456	0.681649683767518	66170	Chchd5
66171	25.2	29	-0.210917936293927	2.51630865372406	3.51215725819947	0.0738112078538721	0.144698698351756	66171	Pgls
66172	131.4	130	0.00245498224641716	2.72067997526735	0.00107213823547043	0.999967552313306	0.999967552313306	66172	Med11
66174	115.8	132	-0.191678523279445	2.01964094861456	2.96262423332909	0.0981722988349566	0.181085044328798	66174	Nudt14
66176	483.2	545.8	-0.179385614116517	3.75967739551267	7.35581471030624	0.0122079436065629	0.0345851855917796	66176	Nat9
66177	1284	1333.4	-0.0586915127007146	6.00642263122177	1.41774113349576	0.246561033872679	0.369534755661105	66177	Ubl5
66179	42.2	53.8	-0.347175473606271	1.80716751689872	13.1334607379961	0.00136586443933992	0.00585995981187864	66179	Ogfod3
66180	178	228.6	-0.362165415914282	2.79385366020115	19.9043086852245	0.000165838967314809	0.00105317945235863	66180	P3h4
66181	1198.4	1254.4	-0.0643397436224937	4.82635398738022	1.5607092942609	0.223696708090924	0.342467191929629	66181	Nop10
66183	30.2	35	-0.209280429158323	1.16979776809358	3.29127186892276	0.0822637214487394	0.157802233552764	66183	Sptssb
66184	246	249.2	-0.013813039925074	3.09825070024665	0.00904057619080525	0.925523984876997	0.953426247410172	NA	NA
66185	1826.2	1645	0.153417645021493	5.5722562369728	15.9790962162757	0.000536374798705014	0.00275506799590699	66185	Virma
66190	216.6	220.8	-0.0315642039304562	3.12410455778396	0.116292434079392	0.736187667952535	0.821173272009049	66190	Acer3
66191	1481	1488.8	-0.00787348145261448	5.16060189800981	0.0381714548683332	0.846755983256395	0.899464318511644	66191	Ier3ip1
66192	111.8	143.4	-0.365888781675573	2.91927542794296	29.2567076029881	1.51691648658353e-05	0.000149153135354275	66192	Lage3
66193	6564.6	6863.2	-0.0639854189494018	6.13647089989148	3.04716360588334	0.0937642364917189	0.174445652497272	66193	Pithd1
66194	271.6	262.6	0.0475013268780481	3.73811307960387	0.520144668702534	0.477798465193005	0.605745023761047	66194	Pycrl
66196	652.8	534.8	0.290101694538775	4.72034225060273	27.9608801782111	2.05464133480606e-05	0.000190370422136454	66196	Myo19
66199	1369.4	1410.2	-0.0404190190668081	5.06879210126572	1.03845217414868	0.318419215387341	0.449280685201936	66199	Commd4
66200	854.8	741.4	0.207133013413299	3.6217324401635	11.7993790351884	0.00217895209267062	0.00850515083647344	66200	Commd6
66201	2016.4	2142.4	-0.0851013956525409	5.07534009633985	4.45349390436507	0.0455208275435943	0.0992245575803215	66201	Vta1
66202	210	216.6	-0.0484892488376575	3.59664669316947	0.623672687047156	0.437475771943233	0.569100423694311	66202	1110059G10Rik
66204	530.6	544	-0.0381096932005633	3.69675627656442	0.438769905414158	0.514074248146848	0.63802414414516	66204	Acyp1
66205	593.6	537.4	0.140947057874834	3.76072725157288	5.64373998584026	0.0259137628835787	0.0633126316293521	66205	Cd302
66206	1329.2	1623.2	-0.297629049263385	4.01821187078175	21.2323145245911	0.000114403947828767	0.000770906602292308	66206	1110059E24Rik
66208	3487.4	3545	-0.0528118997345961	2.22614529783845	0.298908059207963	0.589652365388022	0.702566588848279	66208	Nenf
66209	1486.2	1401.8	0.0899870659870596	3.89198571973203	2.02113749208701	0.168082536018598	0.275199929271955	66209	Inip
66212	364	372	-0.037881740332745	3.20595995080469	0.21647349586567	0.645965110630058	0.74867931272928	66212	Sec61b
66213	1000.2	858.8	0.224588173885765	4.05027911365971	14.6327351045925	0.000826588087145101	0.00392107128703488	66213	Med7
66214	736.2	613.2	0.250318092744013	2.64804581220786	6.21954947673679	0.0199806031453133	0.0512419513595383	66214	Rgcc
66218	8328.6	8733.8	-0.0663678733143921	6.89709729558712	2.80174886706726	0.107242340576322	0.194270057737832	66218	Ndufb9
66220	34.4	39	-0.20123543314814	2.29274600374041	3.71008592543896	0.0660978901452719	0.132654665948314	66220	Zdhhc12
66222	92.2	158.6	-0.805319776048986	1.65568047725682	31.3116220795285	1.06200287716969e-05	0.000110831693766142	66222	Serpinb1a
66223	1466	1321.6	0.154458651803407	4.56773599840159	9.60984648707676	0.00491482040508565	0.0166016912047128	66223	Mrpl35
66225	99.8	88.4	0.185741140146705	0.179960318015728	1.06442780958437	0.312568017252577	0.442885500317233	66225	Llph
66226	1073.4	1022	0.0725986379736072	4.30508760557561	2.31513619090592	0.141283212331114	0.241469498762436	66226	Trappc2
66229	1278	1144.2	0.160895451261431	4.65214723019283	12.641785660504	0.00161866830708914	0.0067288558270539	66229	Rpl7l1
66230	434.6	495	-0.188918502536007	2.90485644433694	5.86519139156233	0.0234269676146017	0.0584219099208856	66230	Mrps28
66231	1876.2	1882.6	-0.002651435285521	5.14890996939732	0.00301107655996429	0.956697003812012	0.972987510068872	66231	Thoc7
66233	1019.2	1052	-0.0446314369537429	4.49816197130492	0.83072508427522	0.371193617612602	0.505010593841542	66233	Dmap1
66234	3989.2	4411.4	-0.141717606346069	6.29802038832724	10.094175382866	0.00415197751793294	0.0144888177315796	66234	Msmo1
66235	2196	2215	-0.0145484643087779	5.80910769801216	0.132403536596507	0.719162215258667	0.808051201752858	66235	Eif1ax
66236	4841.6	4569.8	0.0841381208692477	6.05280885610743	4.43771020720133	0.0458742752317502	0.0997693009629428	NA	NA
66237	8261.4	8873	-0.10595594816092	8.66042786110292	2.86300186979461	0.112672610966717	0.201530741110373	66237	Atp6v1g2
66240	28.8	35.6	-0.326554015541152	1.14657904187323	4.6372882223018	0.0416228463588659	0.0924000339841878	66240	Kcne1l
66241	1399	1392	0.00617768586269723	5.54710450336733	0.0293482900085508	0.865424083982763	0.912662370320018	66241	Tmem9
66242	922.4	893	0.0416855144784798	3.84237346504828	0.603809317313783	0.454949009597004	0.585350986711331	66242	Mrps16
66244	1865.4	1778.8	0.0662198831651529	5.90705443946721	3.52661271747968	0.0726856585767903	0.142938572662439	66244	Nemf
66245	1969	1946.4	0.0162613577870234	5.78744708764968	0.179673374287612	0.675456835208337	0.773678825271519	66245	Hspbp1
66246	537.8	533.4	0.00799513642884102	4.00310462862037	0.0231574007678789	0.880329869846881	0.923187110118756	66246	Osgep
66248	504.4	587.8	-0.220238929470571	3.93396888558891	13.7371002484513	0.00111274079578805	0.00497788779397104	66248	Alg5
66249	1260.4	1242	0.0270520194392926	4.30334789385668	0.250926852304396	0.621019991670923	0.729003732608749	66249	Pno1
66251	944.2	1091	-0.208576135312911	4.46875987041809	19.5180405752927	0.000185175857832979	0.00115417501040012	66251	Arfgap3
66253	2552.8	2531.2	0.0105734312429021	4.52423062959468	0.0471135405386101	0.830012367585328	0.887680263490813	66253	Aig1
66254	363	327.2	0.146762618491125	3.63826574287878	7.04607200764513	0.0139277171200318	0.0385043348297845	66254	Dimt1
66256	1579.2	1605.2	-0.0226058317567944	5.57848001490987	0.35877862545058	0.554838807438361	0.672845047631016	66256	Ssr2
66257	5588.6	5886.4	-0.0753027540891739	6.51570521400313	6.80714457686815	0.0154373927001391	0.0417748682231465	66257	Nicn1
66258	214.2	215.2	-0.0126096689073414	2.93382332159317	0.0297980954217943	0.864407260110893	0.912114362508603	66258	Mrps17
66259	170875	162208.6	0.0756396219012144	11.0873635227167	3.84731698508775	0.0626904805919401	0.12748005155823	66259	Camk2n1
66262	647.8	664	-0.0393672408088514	3.94619832703931	0.388368787464672	0.53907884687718	0.659878527503621	66262	Ing5
66263	6.4	7.2	-0.184065867659159	0.880943095088873	1.77245393727198	0.195678613582091	0.309581729500388	NA	NA
66264	168.8	141.2	0.257138712773985	4.16864541826433	22.937158270675	7.22415725497308e-05	0.00052577023647221	66264	Ccdc28b
66266	1502.8	1300.6	0.207223106642082	4.42430363183466	16.567923058054	0.000446217843974866	0.00238875285807878	66266	Eapp
66268	692.4	698.4	-0.0068592762617875	3.57431701851598	0.0102075986249814	0.920370009798563	0.949638868808006	66268	Pigyl
66270	4218.6	4143.4	0.0280943211073971	5.40377382704179	0.361326567416347	0.553447238172685	0.67205025632102	66270	Retreg1
66271	1320	1334.2	-0.0143474865119758	4.19786688960418	0.0827920369369665	0.776036961043494	0.850340249785662	66271	Tmem126a
66272	500.6	518.8	-0.0517336368084893	3.69346154536556	0.75954645469599	0.392168688470712	0.525290169878201	66272	Cox16
66273	834.4	754.2	0.155603293772083	3.58772508951456	3.57548824474747	0.071429779249246	0.141136790840485	66273	Aamdc
66274	1199.6	1366.4	-0.179554764229863	4.7571132128526	13.7051672756373	0.00112476472104149	0.00501615219930073	66274	Lyrm9
66276	202.4	196	0.0431690053403704	3.3636155776892	0.495368158161693	0.488365043356517	0.615068863998662	66276	1810009A15Rik
66277	886.4	585.6	0.585709360166861	4.38617966349318	64.0653742193679	9.41727435129286e-08	2.46589281655049e-06	66277	Klf15
66278	268.4	277.6	-0.0527628724858569	3.88425863964634	0.652170777512023	0.427327542776104	0.559778167780117	66278	Smim20
66279	562.6	655.8	-0.222307246082851	3.88816646827081	17.0623374193854	0.000383206368211276	0.00211245798860632	66279	Tmem218
66282	124.6	132.6	-0.0868579220040538	2.47671689676819	1.02656200954384	0.321147582878934	0.452159279459587	66282	Tma16
66286	4496.6	4699.4	-0.0613693106831631	5.50727472897615	2.67606530631216	0.115011716206493	0.204650910507035	66286	Sec11c
66290	329.6	354.8	-0.106703417618631	4.76227253067543	3.54658012222467	0.0719335342589261	0.141864825239257	66290	Atp6v1g1
66291	1453	1832.2	-0.33265910798222	3.34057203890522	19.3836335292541	0.000192468610717104	0.00119038994407574	66291	Smim8
66292	539.6	558.4	-0.0506323546376958	4.40652456614743	0.760252452271821	0.39195215346653	0.525146127753544	66292	Mrps21
66293	55.8	56.6	-0.0212951209458902	1.25479544065913	0.0339982970571277	0.858523303973517	0.907761216944639	NA	NA
66294	287.8	354.4	-0.305504512288829	4.23436708908349	30.2984073935934	1.19524578421625e-05	0.000123136725339	66294	Fam3a
66296	408.2	398.6	0.0328065898177683	3.59682046285495	0.214841851218733	0.647205398628551	0.749816193633943	66296	Haus2
66297	1916.2	1874.2	0.0391650805730735	3.25996203316249	0.28095069663966	0.600984471740761	0.712427585872301	NA	NA
66300	558.6	604	-0.115335618319323	4.37399975368729	2.03420763908398	0.170264831849808	0.277546845557361	66300	Inafm1
66302	805.4	745.2	0.114173655304081	3.62858448206066	3.47838368466548	0.0745396890866786	0.145810889979544	66302	Rmdn1
66306	1821	1655.6	0.135953496163754	5.86972546746878	15.0176373293877	0.000729203714492256	0.00354640326018542	66306	Fam53c
66307	567.8	626	-0.142328671697209	3.6652003791143	7.30036055000548	0.012497777744213	0.0352473911248498	66307	Isoc1
66308	306.4	341	-0.152063080526404	2.51100099164972	4.00701846828834	0.0568241314052624	0.118314029866272	66308	Mplkip
66309	2578.6	2284	0.175918428835028	4.42378502996446	12.7489192125974	0.00155951778426663	0.0065129355832967	66309	Tmem128
66310	379.6	417.2	-0.135928493768035	4.08239034395269	5.08665763732142	0.0335756815878535	0.0780355204487593	66310	Dpy30
66311	33.4	37	-0.138378561974971	1.19034456733559	1.51444784807086	0.230474051481903	0.351066702510215	66311	Cenpw
66313	988.8	947	0.0621869640505642	5.10604727140732	2.23952089660339	0.147654138881047	0.249496483912398	66313	Smurf2
66314	1722.2	1677	0.0383295603505291	5.69136467551494	1.40111377997762	0.248213777108901	0.371472554807626	66314	Tpd52l2
66315	883.6	848.2	0.0616958948414907	5.09512301480341	2.25354898959964	0.146446738196994	0.248022408414273	66315	Senp7
66317	1294.2	1286.6	0.0087816475003017	5.08520092612225	0.0351568187113139	0.85285518697638	0.903089294692791	66317	Wdr61
66320	1137	1043.2	0.131638692816545	3.92621485313814	4.45701658471059	0.045442362395365	0.0991133101045128	66320	Tmem208
66323	223.6	254	-0.185294611691482	1.0559676982115	1.98944170176156	0.17132328768101	0.278800585469637	66323	1700001K19Rik
66329	6.6	9.2	-0.360286023551255	0.227790727779665	3.61467847066382	0.0694344515403864	0.137895790404609	66329	Susd3
66330	58.2	58.4	-0.0452752167808204	0.353673215490187	0.0714645935327825	0.791516774410843	0.861030868104483	66330	1700020L24Rik
66333	878.2	908.6	-0.0479818853667462	3.61101076703856	0.517123999084943	0.479065939708753	0.606827669569724	66333	Aqp11
66335	22474.2	22101.2	0.0239143305569791	8.08595892961217	0.561548919175013	0.46097270216423	0.590525519549923	66335	Atp6v1c1
66336	34	44.6	-0.431377891668872	0.384230834748268	7.14426498428604	0.0133551922245565	0.0372512443870591	66336	Cenpp
66337	609.8	727	-0.24906187416361	3.13550693095076	9.14726568641164	0.00588526429290417	0.0190803901770816	66337	Fam229b
66340	400	385.2	0.0430272480646795	2.59084467558011	0.294274260497534	0.592533232793058	0.705011141487558	66340	Psenen
66343	715.2	627.4	0.191745644205468	3.07072500526382	8.05288048336438	0.00913242302147707	0.0274086466678633	66343	Tmem177
66349	896.6	924.2	-0.0454361134490099	5.11531010291754	1.06005370164642	0.313542988953751	0.443917167434373	66349	Dmac2
66350	710	786.2	-0.149789376524716	3.74714076669479	7.23911718614564	0.0128267197650795	0.0359855216390644	66350	Pla2g12a
66352	634.8	615.8	0.045778966591047	4.51927548114972	0.829745520289021	0.371471035725108	0.505254365844898	66352	Blzf1
66353	125.8	162.8	-0.336162864231596	0.495487305491422	3.73224140551587	0.0653494405594173	0.131572755794096	66353	Riiad1
66354	3562.4	2986	0.254585954465873	6.22128540971894	68.4463201469521	1.83324357292497e-08	6.75961801098406e-07	66354	Snw1
66355	725.8	806	-0.153731626576888	5.1558604079042	11.9444111848535	0.00206904428437372	0.00819006601922431	66355	Gmpr
66356	1079	1057.2	0.0299234955647182	4.84684257036238	0.337231543829807	0.566884890959193	0.683439337219466	66356	Knop1
66357	1487.4	1296.2	0.202100229781638	4.56690984257455	16.1157908068972	0.000513804672560823	0.00266279409723705	66357	Ostc
66358	1020.2	1124.2	-0.14537858330116	3.69993981497033	6.62600053839472	0.0167026139825886	0.0443867590557703	66358	Adprm
66359	1411.6	1620.6	-0.201745758260707	5.00941196562111	17.9144235829631	0.000296166427881278	0.00169872601134762	66359	Cox20
66361	299.8	380.2	-0.352211321747717	3.65821426450445	28.6973703726095	1.72751453656274e-05	0.000165761581932627	66361	Zfand1
66362	311.4	292.4	0.0978967928830571	2.67607832498769	1.38045551821604	0.25163346736088	0.37526930842284	66362	Exosc3
66364	385	428.6	-0.159729348521249	2.02171457039674	3.3889457744652	0.0781229524174096	0.151325268593036	NA	NA
66365	484.8	514.8	-0.0823301070607488	3.71525445386316	1.59506693454807	0.218825156285602	0.336801065802586	66365	Ccdc90b
66366	1614.8	1652.6	-0.0355584402753393	6.20089737534325	1.2014684709765	0.283985325377044	0.411047856298798	66366	Ergic3
66367	411.8	410	0.00472423270585847	4.15478235472987	0.0103579136883722	0.995907134621003	0.996596630006368	66367	2310022A10Rik
66368	2479.8	2694	-0.122264928239183	5.56273502490303	9.82932563729597	0.0045169577615132	0.0154931436841272	66368	Rtca
66369	415	424.2	-0.0326250813362491	3.75285284393872	0.322793896725489	0.5752498005352	0.690586429978055	66369	Dus2
66374	664.2	651.2	0.0318577284401247	4.70041422221322	0.396170523764793	0.535063461502723	0.656297290611028	66374	2310011J03Rik
66375	425.6	458.4	-0.107280165472013	4.19798587995076	2.77555111691928	0.10880995661017	0.19634373915626	66375	Dhrs7
66377	3207	3141.6	0.0328101975817828	4.57402796999579	0.363082271932469	0.552492261526296	0.671407696998577	66377	Ndufc1
66379	2932.6	2828.4	0.0516284170193545	5.19894831165979	1.6828976041252	0.206962282765778	0.322665606201764	66379	Cox14
66381	264.2	247	0.0935717520641758	3.00655282557244	1.61191596789865	0.216484815437457	0.334017028430082	66381	Rnf113a2
66383	2424.8	2534.2	-0.0646046380315344	5.25836958774094	1.74853366674701	0.198616322375042	0.313098519316049	66383	Iscu
66384	1235	1094	0.176449298823252	5.14081059068319	12.9835184988543	0.00143806260814026	0.00609552989385903	66384	Srp19
66385	1753.4	1973	-0.169928328993654	6.13350755244203	27.0582149336865	2.55033901575328e-05	0.000226974287137231	66385	Ppp1r7
66387	88.4	106.4	-0.259447976346421	2.35192127990736	4.07723040047053	0.0563353496542276	0.117482490824153	66387	Nudt8
66388	443	496.6	-0.151681402585494	2.41590201923075	2.89920271973813	0.10163725154492	0.186075343107064	66388	Cutc
66390	1377.4	1342.2	0.0369562140990219	5.59137112679445	0.87595055385044	0.358704078983243	0.492200819904832	66390	Prelid3b
66391	58.8	80	-0.477943653123074	0.90294241571772	13.3212598349437	0.00128096295954458	0.00557681886061968	NA	NA
66394	821	833.8	-0.0224558420482161	5.39079440711067	0.346385841053375	0.561705111471775	0.679120508675286	66394	Nosip
66395	368.6	249.6	0.563157422387373	5.36807274472998	54.5202147495951	1.63846336861692e-06	2.41770627842325e-05	66395	Ahnak
66396	348.4	381	-0.136986613734223	3.39406930558738	3.52850164545778	0.0726141237782683	0.142875652748583	66396	Ccdc82
66397	2100.2	2041.2	0.0402118958268443	4.54964931147472	0.744558206855157	0.396808068223535	0.530079835314508	66397	Sar1b
66398	400.4	468.8	-0.228319593259887	3.58614205892529	14.1190627112956	0.000979288946757215	0.00449353728140596	66398	Commd5
66399	744.4	771.2	-0.0521844922259225	3.3977648187757	0.601556199045224	0.445616158273626	0.576555852661835	66399	Tsfm
66400	177.2	203.2	-0.200765702581862	2.83255895480913	7.37022579575633	0.012133842324189	0.0344022277273104	66400	Alkbh7
66401	1131.4	1134.6	-0.00597742317863855	3.69129001946845	0.00793782592728987	0.92975157553543	0.956349934015734	66401	Nudt2
66403	240.4	232.2	0.0541174829527639	2.78204336355854	0.406473720459835	0.529844982823197	0.651721502997745	66403	Asf1a
66404	1660.8	1601.4	0.0524686158385964	5.78248265924044	2.37152977082454	0.136744046663894	0.235465624312595	66404	Rtfdc1
66405	532.6	624.4	-0.233195274184001	2.99418594118554	5.8587739976325	0.0237433602518181	0.0590377651952139	66405	Mcts2
66406	778.6	786.4	-0.0115346414500504	3.42921171549322	0.0224941967881271	0.882042398045999	0.924580522253743	66406	Sac3d1
66407	603.2	670.2	-0.160005748582642	4.64002276152486	7.62872669527539	0.0108854421053246	0.0315117524915604	66407	Mrps15
66408	1411.4	1510.4	-0.096764622510727	5.01905948686298	6.36086881052974	0.0187663350780462	0.0486108615086163	66408	Aptx
66409	4167	4204.6	-0.012061182406453	5.46696153949847	0.10530216162698	0.748389384864407	0.830050657522264	66409	Rsl1d1
66410	1196.2	1129.4	0.0864582678776524	3.97149434046095	2.19595312005471	0.151480591367186	0.254954095756439	66410	Mterf3
66411	1428.2	1391.2	0.0372243668300231	5.68623619454657	1.22875974218428	0.278713840641086	0.405695820534338	66411	Tbcb
66412	312.6	339.6	-0.116748462554678	2.92469781966868	2.02121347273769	0.16807485697499	0.275199929271955	66412	Arrdc4
66413	8584.4	8594.4	-0.00105358497347539	5.76572298528862	0.000811952210048054	0.977504891659098	0.985892652288767	66413	Psmd6
66414	1185.4	1313.4	-0.159093542017396	3.6477927062016	2.56121258935535	0.126527793139314	0.221140595167552	66414	Ndufa12
66416	1200.8	1226.8	-0.0307919414408376	4.96802863566477	0.400503443797146	0.532857345718557	0.654646840205356	66416	Ndufa7
66419	1620.2	1785.4	-0.140426088489159	5.11739649680401	10.4039730258825	0.00363272344227291	0.0129872333996074	66419	Mrpl11
66420	499.8	501.8	-0.00387637860713785	5.27822317351896	0.00820226233670879	0.928594327608008	0.955771730488225	66420	Polr2e
66421	1225	1065.2	0.206218662801421	4.24656266193064	16.4168683587763	0.000467654816912982	0.00247781624767604	66421	2410004B18Rik
66422	29.2	29.4	-0.00493319617114013	2.85790926934607	0.00490967588772166	0.944723522626542	0.96508826037487	66422	Dctpp1
66423	1042.2	1074.4	-0.0355257288976204	4.14365316585386	0.370958095991607	0.548247006797724	0.667483342002553	66423	Coprs
66425	345.8	389.2	-0.177501343545303	5.67915474656663	5.21215591516607	0.0378324320821262	0.0857690586695978	66425	Pcp4l1
66427	6857.8	6534.4	0.0704598432910376	7.40841164934571	7.45459220062158	0.0117098608670124	0.0334560840031226	66427	Cyb5b
66431	51.4	74.6	-0.524275819891537	1.93261632824351	20.0171249553739	0.000160614160400571	0.00102540506821107	66431	Oxld1
66432	524.6	562.8	-0.1009062004951	4.04088477620952	3.69810475352762	0.0665066966033245	0.133142353560173	66432	Slc7a6os
66433	331.6	384.8	-0.213050517237906	3.28703624496194	11.5683985722446	0.00236739101153597	0.00908851784349029	66433	Chchd7
66435	218.8	244.4	-0.159328105844506	4.99343530511567	11.8464887853235	0.00214256771380938	0.00839942330767581	66435	Uggt2
66437	2743.4	2932.8	-0.0958767825476727	6.43827031182624	7.11015783619013	0.0135510585187694	0.0377029836054461	66437	Fis1
66439	676	726.4	-0.110913626870188	4.08801513332147	3.96080379327697	0.0581652958020643	0.12020615424968	66439	Borcs7
66440	402.8	402.2	-0.0067634487081638	3.29980196474119	0.0101324436346303	0.920662661557381	0.949839979311234	66440	Cdc26
66441	97.2	89.8	0.110082611696598	1.74415516424843	1.21491905850561	0.281370945572037	0.408408882034366	66441	Magohb
66443	222	194.6	0.194600509458207	2.78207179353219	6.91865758508839	0.014711408381123	0.040193467197512	66443	Tnfaip8l1
66445	5414.2	5392.2	0.00554965269171165	6.9252951247192	0.0282670340801637	0.867901699777461	0.914340230725007	66445	Cyc1
66446	438.6	430.4	0.028459623141953	3.85405476148992	0.190166916138526	0.666703871814694	0.766507935349156	66446	Exosc7
66447	979.2	1080.4	-0.145140478451525	5.8905821666135	12.2275358635521	0.0018715280211651	0.0075540536213126	66447	Mgst3
66448	2074.8	2105.6	-0.0233558121727881	5.35749329122156	0.307550076982416	0.584356690461011	0.698099171477019	66448	Mrpl20
66449	163.6	152.6	0.107209502173483	1.32583765905008	0.998752695858254	0.327655531612162	0.458952713821319	66449	Pam16
66454	287.8	251.2	0.189678611614671	1.48430595700023	2.14474242841202	0.156131188845196	0.260726520805992	66454	Nmnat1
66455	330	282.4	0.238332498676309	3.10040722978843	11.5081331598127	0.0024194371997219	0.00925636455393868	66455	Cnpy4
66456	326.6	363.2	-0.148499365625286	2.63654887652	2.56573629150261	0.122379425593709	0.215141919757483	NA	NA
66457	46.4	46.4	0.0136375391446842	0.601852151333543	0.0112234204756185	0.916516430968355	0.94725266308306	NA	NA
66459	627.8	678	-0.109726496097864	4.36601159575843	4.50143165498749	0.0444659931727407	0.0974839170815704	66459	Pyurf
66460	1242.6	1236.2	0.00566778269793473	4.40631438182365	0.0159434062285052	0.900580000910115	0.937132668270943	66460	Sys1
66461	1525	1757	-0.206412610921096	4.48083188151415	15.5171114760081	0.000621015162538989	0.0031045950789949	66461	Ptpmt1
66462	508.4	514.2	-0.0154644674279147	4.35614845753203	0.0609493955918745	0.807116599627607	0.872087209933305	66462	Rex1bd
66464	635.4	493.8	0.365650844693483	3.47121632226672	36.6358213221697	3.08639864091985e-06	4.05552781416868e-05	66464	Taf12
66467	2652.6	2700.2	-0.024404363966361	5.37883231055756	0.44297615185041	0.512082415996429	0.635939509134429	66467	Gtf2h5
66469	3041	3233.6	-0.0933347309440603	5.42316156623568	2.46462541526162	0.132043284416385	0.228801275951724	66469	Fam213b
66471	3869.2	3888.4	-0.00712256093257258	6.60708355989389	0.0445235735212826	0.834676978010113	0.890691844972918	66471	Anp32e
66475	91.6	91.4	0.0174675193177996	1.37677909538033	0.0213338195915521	0.885102070895796	0.926712447137112	66475	Rps23
66477	4152.6	4471.6	-0.114724739083606	4.16215724652546	3.52403720735893	0.0727833244058617	0.143072238672967	66477	Usmg5
664791	180	201	-0.15873613759598	3.00580733148711	3.83048846983901	0.0621445560954371	0.12678015720585	NA	NA
66480	4721.2	4526.2	0.0587078829190597	5.45696004312324	1.63291191009349	0.213612154523202	0.330749874823606	66480	Rpl15
66481	3332.2	3224.2	0.0483126083092703	5.48649160745984	0.803527707900802	0.379737623512033	0.51315703162331	66481	Rps21
66482	2337.8	2660	-0.189344622491791	5.64766722066539	31.053286151402	1.00866797676804e-05	0.000106108347425075	66482	Exoc2
66483	645	643.6	0.00237564503727216	4.70650468395199	0.00269634834255144	0.959020300190926	0.974459010120186	66483	Rpl36al
664849	2.6	2	0.366726289205555	2.51624535582921	12.5266614167198	0.00168497274845277	0.00695249674739832	NA	NA
664862	217	236	-0.120191934829365	3.66806858254992	3.93331087583479	0.0589801510043352	0.121473226363161	NA	NA
66487	446.4	414.8	0.121467240143798	1.4944839713307	0.91940116418289	0.347262824235586	0.480043693716638	66487	Smim4
66488	1478.4	1713.2	-0.220335605862898	4.11603029703545	14.5429275489478	0.000851294918882215	0.00401636170171814	66488	Fam136a
664883	1716	2147.2	-0.32264355499534	6.20447619202468	61.1156018495147	4.98244002776667e-08	1.48486985899669e-06	664883	Nova1
66489	626.8	716.6	-0.185058172591075	4.1752695633635	4.81084983166328	0.0409574083848496	0.0912873370539116	66489	Rpl35
664903	149.4	181	-0.282213672549032	1.28223434485408	4.47676068643382	0.0450053839909724	0.09851701048092	NA	NA
66491	344.4	385.6	-0.170614606260618	2.67469058334841	3.92504525885475	0.0592276580754414	0.121913496129654	66491	Polr2l
66492	6460.4	6797.6	-0.0758676102333642	7.79561047141832	2.62865348031157	0.121043984188441	0.213310137461561	66492	Zmat2
66493	636	626.2	0.0192110617578228	4.5509777500626	0.145721136594118	0.706042036886694	0.798273748526304	66493	Mrpl51
66494	2228.8	2246.4	-0.01242158393959	6.19847723140384	0.0964198052228159	0.758869377111712	0.83801378588789	66494	Prelid1
66495	1695.8	1740.8	-0.0379007576390281	4.60256235528443	0.616169255107328	0.440210904364586	0.571526849158872	66495	Ndufb3
66496	575.6	616.2	-0.0989271769699749	4.90632358983221	4.2954941091656	0.049202172338002	0.105592902594429	66496	Ppdpf
66497	431.8	455.2	-0.0781533544219145	2.86411621702186	1.17747532422639	0.288729358143784	0.416330221728876	66497	Cmss1
66498	1426.6	1252.4	0.188820937415675	5.74336397886584	32.8742370060545	6.76427529152922e-06	7.74115875405885e-05	66498	Dda1
664987	21.6	21.8	-0.0334314629922769	0.840536633432049	0.0567384880187673	0.813764027916666	0.87693371419683	664987	Gm14393
664994	246.6	262.6	-0.100390547327492	3.43841520212334	2.18248027211878	0.152687817745537	0.256383563858503	664994	Isoc2a
66500	359.2	341.8	0.0714911540405541	4.27877693832521	1.84465231519648	0.187130539806945	0.298891768733971	66500	Slc30a7
665001	134	170.4	-0.342344583308118	1.60010687581745	7.88311655279608	0.00979369390583238	0.0290494667996924	665001	Gm14393
66505	8143	8153	-0.00211915302017808	8.01856178690116	0.00685922877699797	0.934686238391035	0.959505570298143	66505	Zmynd11
66506	399.4	385.6	0.0590497007062803	2.99382162768304	0.566371432757611	0.459076480845002	0.589140677806415	66506	Psmg3
66508	1422.4	1472.4	-0.0508145669752381	5.71627522622889	2.15657787889917	0.155041336242981	0.259431288962265	66508	Lamtor1
66510	1543.2	1568.4	-0.0218678549281256	5.56791313848081	0.390971228790346	0.537733193628082	0.658733416450572	66510	Rnf181
66511	6237.4	5913.2	0.0772820378723953	6.98258946149854	5.70575226416514	0.0251890217177689	0.0618766349266878	66511	Chtop
665113	2189.2	2301	-0.0709214914378343	7.45912328609441	3.02422634861887	0.0953649337076789	0.176739247049896	665113	Tnik
665119	49.2	45.4	0.126053807976944	2.69796792491819	1.11167375995026	0.304242257124647	0.433808580889775	665119	Sec14l5
66513	739.2	723.8	0.0321628057256487	4.68839909089396	0.486299570605477	0.492332431128303	0.617897062311801	66513	Tab1
665137	321.6	296.4	0.124923658292055	0.921771495514885	0.800114203029647	0.380007401026366	0.513376246528454	NA	NA
66514	2661.8	2907.6	-0.125800847901622	6.98295971407233	12.7911633429384	0.00153684603606661	0.00644058353299703	66514	Asrgl1
66515	974	1099.6	-0.175613174305097	5.30885359267581	17.9870048561911	0.000289814946926227	0.00166958359620235	66515	Cul7
665155	134	143.2	-0.104767203873198	2.21767850220778	1.33806326889736	0.258843342647202	0.383453054428688	665155	Srp54a
665180	780.8	797.4	-0.0281389230910196	5.06023340736965	0.370793820363645	0.548334918010896	0.66753414511324	665180	Clec2l
665181	200.2	212.2	-0.082553274883278	4.3807203748619	1.87818842957897	0.18331606632581	0.293980963349967	NA	NA
66520	2833.8	2855.2	-0.0103128533542909	4.42659079411024	0.0447834610371903	0.834202606915512	0.890382844510176	66520	2610001J05Rik
66521	1207.2	1295.8	-0.102184689203179	3.94024503613085	2.22332355594687	0.149063066319228	0.25146563498811	66521	Rwdd1
665211	320.6	328.4	-0.0330418620873033	3.17443770028956	0.184889510903891	0.671068921110216	0.77005638184559	665211	Gm14326
66522	554.2	551.6	0.00712142284832729	3.0524850181651	0.0122509536206874	0.929104788947522	0.956160955460838	66522	Pgpep1
66523	216.8	196.2	0.138862638791781	3.67956658118224	4.56030418420445	0.0432079678139226	0.0952169487395086	66523	2810004N23Rik
66525	1015.6	1004.6	0.0172436910020944	4.41264787827696	0.134969680936159	0.716577378692562	0.806212301052564	66525	Timm50
66526	435.2	417	0.0657804971413613	3.64655743220946	1.12033631249006	0.300460479439318	0.429093545086049	66526	Tceanc2
665268	11.6	9	0.359506493209725	0.768274197983118	5.44754925991039	0.0283640021747256	0.0681131894722519	NA	NA
665270	13.8	18.8	-0.36260461848592	0.546442660193982	3.79295232416781	0.063347440307808	0.128454531735277	665270	Plb1
66530	2266.8	2358.6	-0.0568291656252297	6.17996389521574	2.17934411130431	0.152970482804036	0.256828360837442	66530	Ubxn6
66531	778	581.2	0.42720432478028	3.80645698719781	37.9178344396731	2.38958612926944e-06	3.2925717743051e-05	66531	Cmc2
665333	1018.2	1196.2	-0.298093762656032	1.25989743995048	3.76095214735179	0.0643938448058858	0.13000306572964	NA	NA
66536	256.2	290	-0.176783702755651	3.12938658684606	6.59139776096922	0.0169571191785006	0.0449671074519156	66536	Nipsnap3b
66537	12063.2	12240	-0.0175875884123874	6.15639549860457	0.173633461651507	0.680633132916078	0.777791369175526	66537	Pomp
66538	988.6	963.2	0.0417884838145918	3.84591324595024	0.444347250276985	0.511436112563175	0.635623178932772	66538	Rps19bp1
66540	223.6	216.2	0.0506191733616872	2.96224238080156	0.409158693769262	0.528500453672999	0.650510564369371	66540	Fam107b
665402	295.2	258.4	0.144550057199069	0.833660711500373	0.837605071388322	0.369253595337864	0.502948622533353	NA	NA
66541	351	337.8	0.0724424840035253	2.51568452771035	0.653617746216614	0.426822120015558	0.559405727514361	66541	Immp1l
66548	21.8	25.8	-0.243543008948349	2.41395439201834	5.28778491709345	0.0305507193049708	0.0722953662138257	66548	Adamtsl5
66549	3367	3142.8	0.100294703065824	6.09711808159951	9.0649627557573	0.00607902524804693	0.0196261404814095	66549	Aggf1
665503	29.2	32	-0.131582309082458	1.4779635763354	1.23875296609994	0.27681589850904	0.403377053841079	NA	NA
66552	1241.4	1119.4	0.150177691829814	5.37854009575494	13.7729549724574	0.00109940698723795	0.0049319765963803	66552	Sppl2a
66556	1268.6	1262	0.00593446543678137	6.62819682216472	0.0265975670785837	0.871824974848804	0.916929213888133	66556	Drap1
665563	214.8	186	0.214281097029114	2.26155647939085	5.47885902772707	0.0279562321961558	0.0672345058507879	665563	Mthfd2l
665574	2091.4	1291.4	0.704317393668663	3.10947787375715	77.1318088618942	6.1950156213597e-09	2.84890577486423e-07	665574	Gm7694
66559	315	319.8	-0.0187072705027738	3.79059473883455	0.122808739535313	0.770544730450728	0.846702509429421	66559	Metap1d
665649	514	559.6	-0.122016504017206	4.08645127865329	5.91919989741093	0.0228615012247314	0.0572190716367563	NA	NA
66566	466.8	500.4	-0.101148955724765	3.86895449123254	3.0497358570208	0.093633747920112	0.174290567980534	66566	Ntpcr
66568	148	211.8	-0.534571373763929	2.07114333163199	23.7238922121454	5.87850952366211e-05	0.000447671109878883	66568	Rwdd3
665685	258.4	223.6	0.196464157678107	3.2439096431858	7.90641714511403	0.00969988985525169	0.0288422563192364	NA	NA
665689	1135	1197.2	-0.0770167668911895	4.24668323073296	1.75920829473526	0.197298663474557	0.311548622463369	NA	NA
66569	3433	3049.2	0.172449198281121	5.53825883456278	20.9503545897597	0.000123663953015394	0.000824084267812126	66569	Gdpd1
66570	19.6	24.2	-0.301195008055039	0.875247406265416	5.74916115848501	0.0246951178018475	0.0609326105680956	66570	Cenpm
665700	49.8	48.8	0.00299072494276544	0.605767989971977	0.000250789195345391	0.98749735264115	0.99168253561281	NA	NA
66573	3183.6	3045.2	0.0659195353134775	6.63434454472815	3.70979488084321	0.0661077868390086	0.132654745254703	66573	Dzip1
66576	4469.8	4437.2	0.01178003982882	6.6488453045114	0.0954344022410967	0.760064294185102	0.83868763326601	66576	Uqcrh
665775	1009	880	0.195232517305437	6.36018131625936	23.1468576743851	6.83549136310297e-05	0.000503055968239767	665775	Bod1l
66578	935.4	1001	-0.0911642664986679	2.2019801887399	1.00872072132602	0.325302094476188	0.456541069381379	66578	Mis18a
665783	607.4	595.8	0.00105805928990973	1.37897994245414	7.58832942017704e-05	0.993122169736756	0.994980788894092	NA	NA
66580	1127.4	1072	0.0693606753941762	4.76933349202798	1.63651060832068	0.21312457683504	0.33010780110994	66580	Esf1
665825	43.4	36	0.244441850375676	2.39348414782192	9.53016269268012	0.00506864392869191	0.0169706229662527	NA	NA
665828	86.8	129.2	-0.581002057507714	0.544399614252047	11.5654599024246	0.00236990032073617	0.00909510722171748	NA	NA
66583	106.2	119.4	-0.175340506417143	3.42720486134589	6.60902437096626	0.0168269425251439	0.0446925077652389	66583	Exosc1
66585	567.8	567.4	-0.0011992393069043	4.07866471018541	0.000639094039684268	0.985563315631669	0.990841772563131	66585	Snrnp40
66586	1948.4	2007.2	-0.0420538569855516	4.83469781355335	1.06919400879709	0.311510341067791	0.441818317122348	66586	Crls1
66587	1118.8	1199	-0.100956450181072	6.30800372596472	9.87113847888478	0.00444523893824235	0.0152870529653474	66587	Fastk
66588	6603.4	6350.8	0.0568362896770291	6.32816459604323	2.3195692990153	0.140919969619161	0.240991154859838	66588	Cmpk1
66589	607.2	616.4	-0.0234393224613115	5.1032175699399	0.291815366594753	0.594073966743962	0.706171116543797	66589	Ube2v1
66590	546	485.2	0.171350003073314	5.00745096375554	15.0547351905036	0.000720499935589261	0.00350879584535282	66590	Farsa
665903	56.2	65.4	-0.208273750687936	0.776807992114721	2.33101430082053	0.139987303595163	0.239784345953516	NA	NA
66591	175.8	168.2	0.0506815144209643	2.85143968085664	0.371713387461444	0.54784316216483	0.667243199653197	66591	Mad2l1bp
66592	1544	1554.2	-0.0117824696362981	5.33667865008122	0.0938859097868434	0.761955801024573	0.840325739967127	66592	Stoml2
66593	169.4	143.2	0.243496094322701	4.81861315533709	23.3446383397832	6.48966352632213e-05	0.000482270419585913	66593	Diablo
66595	115.2	118	-0.0393859275884197	2.39073095502817	0.131597346698415	0.719980152683008	0.808718769574153	66595	Aste1
66596	101.4	97.8	0.0416815241907822	2.47232878015365	0.201669024848351	0.657435557864277	0.759052125039561	66596	Gtf3a
66597	354.2	345	0.0374374610796483	3.12845388447256	0.273377862767805	0.60590380822684	0.716496248393254	66597	Trim13
66599	255.2	293.6	-0.211552453115427	1.48935734958089	3.26652037661998	0.0833526810811821	0.159383470346264	66599	Rdm1
66602	34.4	39.4	-0.21837558085536	4.81478785196878	3.12700694351472	0.101471523242882	0.185842549030995	NA	NA
66603	709.8	665.8	0.0966908399379647	2.52408709717321	1.43103370045051	0.243365974062886	0.366150909660139	66603	Gemin2
666038	56.4	53.4	0.0863135343091603	1.08936109119683	0.335574774329382	0.567832444473145	0.684262991895882	NA	NA
666048	250.6	173.6	0.526934945358357	3.20052910740034	46.4985246865282	4.90740608738925e-07	9.2119022840421e-06	666048	Trabd2b
66606	2760.8	2171.8	0.347659647062621	5.37181957063516	82.2611873151184	3.40991509076788e-09	1.78101729218105e-07	66606	Lrrc57
666060	1138.4	862	0.398119692718787	4.0337974325714	37.0776124549652	2.82411551967519e-06	3.78380663538175e-05	666060	Frmpd1
66609	1357.6	1396.4	-0.0393678008275571	5.38611474108927	0.978008778010108	0.332629194621445	0.463981786825087	66609	Cryzl1
66610	71.6	78.4	-0.115341132764581	2.39308687144197	1.57372004236863	0.221836036601301	0.340372072734974	66610	Abi3
66612	2963.8	2735.8	0.117736198093901	5.74755694721939	7.81273554872684	0.01008315271968	0.0296766217491864	66612	Ormdl3
66614	454	485.6	-0.100478140319834	4.28342480262151	2.36388483769559	0.137433469920277	0.236314938642361	66614	Gpatch4
66615	3726	3571.6	0.0598035911520313	6.09262339529021	2.26131993229746	0.145782963274506	0.247085711910144	66615	Atg4b
66616	541.4	461.2	0.23316219271531	3.49776265999484	13.7277263756772	0.00111625580021688	0.00499052314764452	66616	Snx9
66617	712.6	753.4	-0.0849299454117294	4.06873933596783	2.82452967539252	0.105900544293148	0.192369796055444	66617	Ntmt1
666170	6213.4	6441.8	-0.0542805378686517	7.24720186663513	1.99162177580639	0.171097973790447	0.278590752863255	NA	NA
666173	910.8	898.6	0.0184698545662617	6.15421850966245	0.328601811266139	0.57185527955918	0.687710808781795	666173	Vps13b
66618	1359.2	1417.8	-0.0612317204834268	4.46978280873231	1.22390418421728	0.279642214610719	0.406716499293955	66618	Snrnp27
666211	2141.8	2003.8	0.100234771223334	4.12547245392202	4.2975417224387	0.049152367392485	0.105533024107394	NA	NA
66622	1904.8	1920.2	-0.0120891449169389	5.41156507083046	0.105664948174167	0.747971940273712	0.829714998059573	66622	Ubr7
66624	3124.8	2863.6	0.128238301528967	5.3648491923116	13.934799823992	0.00104134975225657	0.00471515839656425	66624	Spcs2
66625	7219	7456.8	-0.0459932945749556	7.98593812623568	2.94097349645	0.099339523570122	0.182562425134462	66625	Pnisr
66626	18439.2	18420.4	0.00114099413921514	7.90300448251851	0.00132158580553309	0.971303290085362	0.982343577926772	66626	Cdip1
66627	1315.8	1244.2	0.0843176108029428	4.78130197046171	2.58966367914559	0.120735622148896	0.212818619821969	66627	Ogfod2
66628	151	153.8	-0.0320919556897185	2.7464538654354	0.114316844211979	0.738243385056381	0.822658728990103	66628	Thg1l
66629	6821.6	5593.6	0.283873609894253	6.74887241067008	57.7247413570743	8.15435202632307e-08	2.17058939573616e-06	66629	Golph3
666295	88.8	96.2	-0.105796819397909	1.73213857817198	1.20810680335307	0.300139117818351	0.428846461936185	NA	NA
66631	2085.2	1914	0.122755711685729	5.27217098045707	8.39188570976635	0.0079540133066925	0.0245145644724633	66631	Mfsd14b
666311	197.6	210.2	-0.0894759168024015	3.68678488207341	2.98142729873654	0.0971714787050801	0.179513874386916	666311	Zscan25
66632	276	302.8	-0.131499702936624	3.16157881595607	4.00332330745606	0.0569300679529546	0.118471693205723	66632	Dph6
66634	337.6	467	-0.474373681988397	2.35990715494212	24.7561236569653	4.51003237632518e-05	0.000359756060599018	66634	Mcm8
66637	1457	1416.8	0.0337278282410647	3.76105915524069	0.226940905186642	0.638141505202717	0.74288799260632	66637	Tsen15
666372	164.2	170.8	-0.0658820941285493	2.39123312671189	0.507264536230477	0.483242660361669	0.610878906145493	NA	NA
666377	68.4	77.8	-0.171138000944432	1.25298188716624	1.704774214933	0.204133068077541	0.319737685955004	666377	Tomm5
66641	341	351.8	-0.0419707699281818	4.46871217929895	0.652196377927071	0.427318592517839	0.559778167780117	66641	Sike1
66642	646	585.4	0.139945149037321	4.81227840976175	6.82854856883443	0.0152950312786972	0.0414773700004294	66642	Ctnnbl1
66643	1652.4	1791.8	-0.114463434052318	5.30646814814924	6.26705117855841	0.0195629988218773	0.0503778185864941	66643	Lix1
66645	636.8	765	-0.269045005883883	5.49663182417065	36.520003848686	3.15945059704634e-06	4.13647635232861e-05	66645	Pspc1
66646	599.4	507.2	0.244776647781814	4.2886862697988	23.3735493115781	6.44072432980389e-05	0.000480111980127119	66646	Rpe
666468	132	151.2	-0.190037919084788	2.38090317647623	4.14714387039233	0.0529668178855552	0.112094506171411	666468	Atg4a
66647	1903.4	1884.8	0.0207192382062461	4.22149295551089	0.113484256834764	0.73916131988703	0.823353708203386	66647	Nsmce3
66648	3309.4	3491.8	-0.0743035983389626	5.92089692360002	3.72612381374142	0.0655551348132867	0.131895033211476	66648	Tpgs2
666514	1	0.4	0.402111388436609	0.088405072070452	4.48807006614696	0.0447572143498649	0.0980182994262042	NA	NA
666528	48.4	40.4	0.262854294212545	0.802500097764777	3.68865167085265	0.0668312750718844	0.133607088504705	666528	Zfp541
66653	362.6	355.8	0.0277141929023318	3.67400708938063	0.218964867856407	0.644082291584447	0.746976285209147	66653	Brf2
66656	1632.6	1522.2	0.103223585499376	5.7921159289302	8.97855389056716	0.00629001397736709	0.0201827913540555	66656	Eef1d
66658	483.6	436	0.135078403334582	2.45347864068706	2.27199538973514	0.144876932563745	0.245959320984775	66658	Ccdc51
66659	293	313.2	-0.0997382052016794	3.96694426545066	3.07547163636645	0.0923396785794799	0.172528142992218	66659	Acp6
66660	4063.6	4356.8	-0.0994098327988056	6.62416974630854	7.87400249723962	0.00983065677931419	0.0291292154752372	66660	Sltm
66661	4937.6	4583	0.106216009155027	6.81264976797537	10.9522513189188	0.00296306651997112	0.0109283397498501	66661	Srp72
66662	258.2	206	0.356852542067987	1.28719059598292	6.77511111250251	0.0156531964984767	0.0422583679844943	NA	NA
66663	3069	2971.6	0.046893118863636	5.7764096375845	1.79275686448678	0.193227113526862	0.306441156343786	66663	Uba5
666634	5295.8	5277.6	0.00102849115244063	5.7877384712483	0.000714428617075381	0.978898679661977	0.986565078231504	NA	NA
66664	362.2	364.2	-0.00748320155224482	3.56913345900607	0.0146161875551223	0.904786155435026	0.939765671935748	66664	Tmem41a
666646	565.4	552.4	0.0350126672692717	1.95052060158403	0.107771565705312	0.745563511668223	0.827805730346635	NA	NA
66665	438.4	399	0.138438134176822	3.50194430799593	4.54791854670686	0.0434692721470832	0.0956002091239939	66665	Msantd3
66667	310.6	279.2	0.165956192958705	2.20154610089239	2.68165866114203	0.114652258450388	0.204187252789786	66667	Hspbap1
666693	34	36	-0.0980485231128688	1.26866498961911	0.771953760246552	0.388388962186961	0.521871716970376	NA	NA
666704	134.2	166.4	-0.304633834606384	4.23586913485766	13.8808053237449	0.00138756784334858	0.00592843795677222	666704	Samd1
66671	2104.8	1965.8	0.0966897311855149	5.42883001512716	4.71734288776324	0.0400434038808826	0.0897901581902385	66671	Ccnh
66673	5649.2	4997	0.175915326019558	6.23637072895834	5.4802605619045	0.0345231254496089	0.0798140203532705	66673	Sorcs3
66674	1617.4	1624.6	-0.0103358290309317	5.19548462074821	0.0560045003695046	0.814949184717252	0.877491706502992	66674	Spryd7
66676	4266.2	4040.2	0.0789285470584655	6.49870458850718	2.12305460769543	0.161864375763702	0.26790194518362	66676	Tmed7
66679	508.8	562.6	-0.151292820428346	4.83393183993257	10.2445726110771	0.00385728301309453	0.0136482665045945	66679	Rae1
666794	548.4	382.6	0.517748622632009	4.44179890915564	132.632383367974	3.19995903084332e-11	5.36924031724359e-09	666794	Rbm24
66680	87.6	79	0.144122437958952	2.2639044974894	2.15734739818103	0.154970792631911	0.25937731056515	66680	Oser1
66681	210	242.8	-0.205559540328569	3.38135615712803	7.88801107050108	0.00977390690715514	0.0290205526779007	66681	Pgm1
66682	390.6	364.6	0.0978273960223021	4.69448281657043	3.72737743855243	0.0655129237337738	0.131846811424111	66682	Trappc5
66684	479	489.2	-0.0293891362285087	4.88538455487686	0.359296784549101	0.554555265866829	0.672670511315806	66684	Tceal8
66686	400	370.4	0.10777940883769	3.63676979106789	2.33206753812875	0.139901843316422	0.239675387376504	66686	Dcbld1
66687	528	473.6	0.156329254956085	4.88275107173125	12.6735470698885	0.00160088082932319	0.00667025987519093	66687	Tbc1d15
66689	169.8	155.4	0.122990190883008	3.16001761319081	3.77468569101117	0.0639423698093532	0.129370522567804	66689	Klhl28
666899	1252	1340.4	-0.104429279180787	5.32760692441204	0.876635567277154	0.367316123851479	0.500961243078815	NA	NA
66690	265.6	280.4	-0.0833672029475927	3.57962629636255	1.93838355300266	0.176704734891336	0.285724380592836	66690	Tmem186
66691	3031.4	2945.4	0.0431037545153213	6.5949429611505	1.70622433688859	0.20394723196417	0.319515856363551	66691	Gapvd1
666938	443.8	400	0.152018211665845	3.34816754695344	4.76412540921919	0.0391515991734572	0.0881459835596807	666938	Bend4
66694	8735.2	8552.2	0.032008909668496	6.46430356928869	0.697285925975461	0.411993129444444	0.544477342323306	66694	Uqcrfs1
66695	156.8	146.4	0.154459660723276	0.854316950641135	1.28245189319825	0.268713033614064	0.394913898104492	66695	Aspn
66700	3727.8	3902.6	-0.0664545802192473	6.55803075796387	4.47424375687669	0.0450608251097374	0.0985786538725812	66700	Chmp3
66701	288.4	307.6	-0.0854685451279433	2.83386038432007	1.29272601940552	0.266853173847047	0.392779610466927	66701	Spryd4
667035	6931.6	7828.4	-0.182474403442489	4.08872132433104	7.25120084473486	0.0127610687621032	0.0358430796516594	NA	NA
66704	186.4	191.4	-0.03854928957679	3.86292299834191	0.566922648212189	0.458860552556442	0.589103207170636	66704	Rbm4b
66705	53.6	30.8	0.804133725823995	2.35486221804039	68.149613949225	1.90590985056213e-08	6.97418252658862e-07	66705	Dnase1l2
66706	673.2	752.4	-0.162116429112966	4.56104599512657	12.2303884639957	0.00186964587019406	0.00754856463904607	66706	Ndufaf3
66711	1347	1357.4	-0.0107263677626863	6.02002766666498	0.0628536055184298	0.804190804183702	0.869717462302374	66711	Sbds
667118	0	0	-0.0202649529591671	2.39133637983919	0.00671951554833341	0.935941806364451	0.959909062216804	667118	Zbed6
66713	22340.2	22299.8	0.00308572151071556	8.34162499540138	0.0128100484139419	0.910835013648976	0.943674954288746	66713	Actr2
66714	450.2	370.2	0.289600725889744	3.11882218159039	16.8887170855341	0.000404155303292341	0.00220273784079468	66714	4921524J17Rik
66715	5.4	5.8	-0.147210585360117	0.200445825471928	0.698255495077593	0.411672896889261	0.544302968499577	66715	Henmt1
66717	14.2	18.6	-0.403397239092937	0.960034161790847	8.17678119547102	0.00868082904192843	0.0263376790453471	66717	Ccdc96
66724	1116.2	1068.2	0.0637402843067271	4.98343799392098	2.60311603308224	0.119822842934349	0.21146756676106	66724	Tab3
66725	2004.8	1719.6	0.225325089192274	5.97128409803895	20.6803670754304	0.000165076852678433	0.00104972319780646	66725	Lrrk2
667250	651.4	528.8	0.295927734437859	1.43432641129942	7.2249669094051	0.0129040728861139	0.0361674363963331	667250	H3f3a
667253	490.6	583.4	-0.253313023188254	2.07164120906884	7.66412980484136	0.0107257771605624	0.0311618860459837	NA	NA
667281	27	18.8	0.481918413089962	0.337263575586053	7.22816490545231	0.012886545987496	0.0361323250636795	667281	H60b
66729	2.2	2.8	-0.268113943014969	0.469401081094485	3.27497624332121	0.0924829603070593	0.172728867848331	66729	Ankrd61
66730	37.4	37.8	0.00131714497023454	0.906989139866656	9.40632685108535e-05	0.992342499613454	0.994607580601416	NA	NA
66733	167	142	0.242649871798098	3.16899640882649	4.30465038302694	0.0529933215671323	0.112094506171411	66733	Kcng4
66734	14444.4	14958.2	-0.0515967982124274	6.97992138602314	2.37903225654854	0.136153300564161	0.234582673892577	66734	Map1lc3a
66736	3573.4	3637.4	-0.0277180007698924	6.01130702268388	0.543228396642304	0.468294778642334	0.597311395207933	66736	Emc2
667370	67.2	84	-0.316068247033282	1.60236279873513	8.4248747960341	0.00784858596978776	0.0242525269372443	667370	Ifit3b
667373	405.8	359	0.182991539599829	2.454188577884	4.86644216792749	0.0372777122231073	0.0846390280353115	667373	Ifit1bl1
667410	359	322.2	0.160284973603139	2.10938302363933	2.08087387329741	0.1621739132502	0.268199283995239	NA	NA
66743	1903.8	1956	-0.0419991789014856	6.41710043099669	1.40261113916334	0.247968237928096	0.371252748008	66743	Rnf220
667518	251.2	243	0.0541551545838198	3.23427620967006	0.525068397856825	0.475744491257456	0.603935611859764	NA	NA
66752	397.4	399.6	-0.0114467229728801	3.6547525744726	0.0359502814254058	0.851224360908259	0.90208936964352	NA	NA
66753	1827.4	2208.6	-0.277844121185813	5.44949151054825	38.3965468565044	2.17489425459965e-06	3.04316762400613e-05	66753	Erlec1
667537	41.4	39.2	0.0755348091981086	1.21513833203302	0.18077658927251	0.6749721202967	0.773368769462426	NA	NA
66756	1287.8	1276.2	0.0119023685765305	5.03782795531487	0.0850743559077341	0.773059701528412	0.84836420362096	66756	Cfap97
66757	232.4	204	0.195165783637396	2.25154692048296	4.90733705999585	0.0365570235503162	0.0833430943842698	66757	Adat2
66768	172.8	153	0.176010534302915	2.75141430723349	5.3937310157979	0.0290804978279906	0.0694989278448705	66768	5730480H06Rik
667686	43.2	38.4	0.195791432094203	0.372537966566791	1.34686615857322	0.257324438698607	0.381826038081271	NA	NA
66771	3648.4	3522.2	0.0530074980283491	6.26265939066362	2.43823245543411	0.131596407062208	0.22826046653992	66771	Gid4
667728	42.8	39	0.121794462444726	2.28669295414826	1.32380407506869	0.261328455451272	0.386339520823635	NA	NA
667739	1008	1072	-0.0901818812501122	6.5482555435616	3.43760345618163	0.0779973206688269	0.151123026693271	NA	NA
667742	54.8	75.4	-0.433778131826085	0.203299970825628	4.35419340292258	0.0477966901343881	0.103143230696095	667742	Piezo2
66775	144.4	184.8	-0.35739555419233	0.652824984408988	6.11739154806404	0.020912609364258	0.0531698954707098	66775	Hacd4
667772	239.2	363.8	-0.608567047942426	0.525618387698498	14.8725427248023	0.000764362130044989	0.00367255307441948	667772	Myh15
66779	100.6	74.6	0.425302902215184	1.91230783652371	16.6392596049905	0.000436468048451003	0.0023452450454687	NA	NA
667846	14617.6	15380	-0.0726413814635444	4.018344216479	0.373193586395571	0.550831893863482	0.669896861077221	NA	NA
66787	2566.6	2306	0.156259969759257	4.76139552158769	13.2179318909427	0.00132693977343903	0.00572803371978114	66787	Gskip
66789	189.8	179.4	0.0812146536644488	2.85941754932397	1.47959335044442	0.235752627537841	0.357075183740118	66789	Alg14
66790	44.4	67.4	-0.61970913520854	1.12834710502362	23.8856943856804	5.63705617128592e-05	0.000432933102549239	66790	Grtp1
66793	288.4	330.4	-0.191166368326972	1.60298920376247	1.63152731851847	0.214798747058239	0.332124635213926	66793	Efcab1
66795	352	397.6	-0.18555731795771	3.02956174733377	5.7247726425239	0.0249712694816871	0.0614670860164009	66795	Atg10
667952	12.8	12.2	0.0341102394125094	3.86184345922972	0.0822123353142878	0.778345337330279	0.852223581984081	NA	NA
66797	1255.8	1275.8	-0.0230434604685467	6.40294287914024	0.404389289309337	0.530893128149131	0.652788538857299	66797	Cntnap2
66799	5556.6	4833.2	0.201919956487353	6.07875206386675	34.3525292117696	4.93823137343239e-06	5.95363876642777e-05	66799	Ube2w
66801	378.6	388.2	-0.0274494916232186	3.98272012326288	0.18465564519051	0.671264065565324	0.770158025375551	66801	Prkrip1
668039	69	75.8	-0.147349378315063	2.06032409434199	1.864149217218	0.184901224622583	0.29612878678059	668039	Gm14434
668041	408.8	426	-0.0699589682994448	4.03016726748862	0.266338403359158	0.614443436029375	0.724224531058354	NA	NA
66809	79.2	92.6	-0.201642769235934	2.4818662943125	4.05319217442185	0.0555190242563819	0.116216071919152	66809	Krt20
668090	61.2	55.4	0.124683216015087	2.14532565799154	1.54714495179627	0.225657524794562	0.344893080615481	NA	NA
66810	1437.8	1365.6	0.0756394275241969	5.12777391276296	3.77991752749783	0.0637713265246777	0.129096744199957	66810	Rbm22
66812	148.8	143.4	0.0481994752516835	3.06561538651237	0.356141995666416	0.556285950337109	0.674260555653884	66812	Ppcdc
668139	127.4	124.8	0.0378677134432063	0.932242921346262	0.0666149031299544	0.798547341599252	0.865896849593508	NA	NA
66815	75	68.4	0.12813996594591	0.868517683294481	0.612590201914707	0.441525087869826	0.572615847471554	66815	Mcub
668158	334.4	303.4	0.140464418296947	4.10470425325885	7.05755603390999	0.0138593793906595	0.0383614457511667	668158	Ccdc85c
66816	434.8	349.6	0.31832991536844	3.69507045090902	24.7550117270823	4.51130539827532e-05	0.000359756060599018	66816	Thap2
668166	514	434.6	0.245561006118015	3.47053962485653	3.79058903187515	0.0704018571648019	0.139548607166765	668166	Zxdb
66817	273.8	235.2	0.207588169780917	1.24382703485834	3.00198522006324	0.0960907508334893	0.177812791261971	66817	Tmem170
668171	21.8	20.8	0.0536342603062673	1.47361459701855	0.156283992007004	0.696118673020577	0.79041124167642	NA	NA
668173	197.2	218	-0.144336864736039	3.28621986100377	5.85682121207447	0.0235159856649349	0.0585630697451705	668173	Pex10
66818	9342.4	9198.4	0.0226794788261225	5.86175351255603	0.307548906399075	0.58435740111391	0.698099171477019	66818	Smim7
668198	934.8	790.8	0.253902745617011	0.111924218652058	1.94769237670297	0.175708451194768	0.284431622081888	NA	NA
66821	488.6	490.2	-0.00149703819374568	4.26354193580305	0.000684236202033361	0.979349265151573	0.986859612276968	66821	Bcs1l
668212	17399	17448.8	-0.00369786890467998	8.16186946850834	0.0143397191774146	0.905686432437436	0.940295337914862	668212	Efr3b
66822	2630.8	2498.2	0.076244186506	5.96214316964734	5.26127509118109	0.030931444424677	0.0730170010965674	66822	Fbxo25
668225	15.8	16.4	-0.0873824889611163	0.805166043247369	0.281544684482042	0.600602242153705	0.71203287467927	668225	Fignl2
66824	9.6	12	-0.336044777035888	0.637905789915657	5.13789020571745	0.032774578554711	0.0764810717516616	66824	Pycard
668253	268.6	214	0.371598648845744	0.941762753636187	7.44841426667655	0.0117403472270688	0.0335100669075932	NA	NA
668257	920.6	1070.2	-0.104578876962337	0.433272181482779	0.178794937696692	0.676953665258522	0.774789408499389	668257	Dgat2l6
66826	3138.4	3601.6	-0.196416760671839	5.4304135102295	11.573482619917	0.00271939463210197	0.0101776618364583	66826	Taz
66827	2348.2	2248.4	0.0642184339561828	5.14112796808922	3.10178947974269	0.091037658758999	0.170624782119109	66827	Ttc1
668272	172.8	205.8	-0.290932228716345	0.898500615345318	5.05665314619687	0.0340549988313385	0.078997103692532	NA	NA
66830	2708	2545.4	0.0873871163445677	7.13271814749973	7.4508836348609	0.0117281511075684	0.0334818676888788	66830	Nacc1
668303	151.2	170.8	-0.175874089833765	3.45239554101158	7.0260844059091	0.0140475459426024	0.0387561040378651	668303	Kif26a
66832	273.2	276.2	-0.0219151399342792	3.14992365895755	0.0682059583932627	0.796211449044172	0.864191656115076	66832	Rsph3a
66834	1701.8	1686.8	0.0101183253554476	5.50327818943616	0.0581115344369181	0.811568598946073	0.875403920087055	66834	Acot13
66836	204.4	202	0.016150945809879	4.0454012731546	0.0713004529305691	0.791750468242472	0.861030868104483	66836	Nxf1
66838	97	144	-0.566461182366795	0.740590605672024	10.905272134565	0.00301479469284447	0.0110769781690791	NA	NA
66839	1233	1289.2	-0.0652257384807503	5.16712092717137	2.44711111867393	0.13092864664432	0.227265841070854	66839	0610009O20Rik
66840	2268.8	2134.2	0.0875801914940474	6.10802225092107	5.73692350028918	0.0248332582130454	0.0612003263787483	66840	Wdr45b
66841	1235	1208.2	0.0285201270844943	4.92366943493199	0.456210474363279	0.505903898583188	0.630482406459855	66841	Etfdh
668436	61	69.6	-0.21423335138119	1.63409088340416	3.21866084841851	0.0855056391885455	0.162596830526409	NA	NA
66844	97.6	70.2	0.472336294190944	1.41225197088301	14.684733436905	0.000812640908261091	0.00386532801444433	66844	Ormdl2
66845	1333.4	1323.6	0.00901360632491972	3.54078513266676	0.0118806447246723	0.914152478130488	0.945827198797301	66845	Mrpl33
668455	79	68.2	0.219662928367649	1.11009577011371	1.90366342634913	0.18049955969462	0.290398556970841	NA	NA
668459	56.2	47.4	0.249460421068546	0.903998196369779	3.81197290754691	0.0627346318380832	0.127551887549255	NA	NA
66847	338.6	304	0.152716094774387	2.374899196072	3.30607236585357	0.0816203733243226	0.156776196150134	66847	Hint3
66848	1075.8	971	0.148589034945863	4.97148955621336	7.9755436617074	0.00942736812504003	0.0281593674063502	66848	Fuca2
66849	2866.4	2732.6	0.068654692879445	6.28793541068688	3.23546561389517	0.0847424728286204	0.161421679265271	66849	Ppp1r2
668501	548.6	570.2	-0.057568975660204	4.77130565633001	1.65277856024253	0.210937738172249	0.327838071778676	668501	Zfp507
668504	119.4	134.4	-0.178037891760209	1.29006641671915	1.9105044505606	0.179729941776511	0.289676246480563	NA	NA
668525	130.2	84.4	0.58528004484372	0.795749546117278	14.0648847425497	0.000997107080739862	0.00456288713374669	NA	NA
66853	427	290	0.556683493543418	4.21561440474634	72.6590797100764	1.08905247215192e-08	4.49747555213823e-07	66853	Pnpla2
66854	3763.2	3631.6	0.0512862283134194	6.87284575455919	2.90814902548798	0.101139986099286	0.185330756889047	66854	Trim35
66855	25506	26941.6	-0.0792018176110296	9.26088746782494	7.92561352514222	0.00962335139652079	0.0286736592631028	66855	Tcf25
668572	255.6	196.6	0.384019877372993	2.97382092298741	29.2666020998635	1.51345163567639e-05	0.000148998671425322	NA	NA
66859	93.4	84.6	0.121488583443489	1.40450871869985	0.974992411608538	0.333361117541138	0.464884321742486	66859	Slc16a9
66860	1234.6	899.4	0.45873206843561	4.69676667601304	57.5780090207484	1.06508520669454e-07	2.71034182703573e-06	66860	Tanc1
66861	7584.8	8083.2	-0.0898427622917595	6.36510102912654	6.59376482789773	0.016939573241374	0.0449338578878364	66861	Dnajc10
66863	8856.2	8289.6	0.0958370704518585	7.48514542140994	12.0695879727988	0.00197904260044822	0.00790632441870607	66863	Lztr1
66864	64.4	97	-0.603829979192893	1.90874688081046	33.2712377375051	6.21100718113677e-06	7.19918987940263e-05	66864	Clec14a
66865	1876.8	1904	-0.0215136751917158	6.27396618195461	0.550182425979806	0.465493111430125	0.594714906506499	66865	Pmpca
66866	34.4	37.4	-0.121530980186387	3.05280300916101	2.13279039501299	0.157241124685341	0.262174189343636	66866	Nhlrc2
668661	1267	1463.4	-0.209696452931922	5.5285569403643	36.7807245986736	2.99757077972388e-06	3.96041024224213e-05	668661	2410002F23Rik
66867	4803.8	4423.6	0.118886307517508	6.71707273872009	11.0848304373098	0.0028222474638021	0.0104973661455984	66867	Hmg20a
66868	1567.2	1676.8	-0.102620417719406	4.59746688729364	4.47044824113442	0.0451445753749511	0.0986871888187453	66868	Mfsd1
66869	681.2	659.4	0.0407272650966647	3.30445415740618	0.293118062933495	0.593256654098471	0.705475219599564	66869	Zfp869
66870	5164	5307.8	-0.0403860823134141	7.47048257985551	1.3910859442694	0.249866232705419	0.373458493444778	66870	Serbp1
66871	430.4	473.4	-0.141152635713073	4.66715941504113	7.27847680602044	0.0126142359152613	0.0355029750558376	66871	Cpne8
668724	877.4	1032	-0.240959106752816	3.49567355553997	5.24769353524711	0.0342620188230644	0.0794008690185303	NA	NA
66873	977.6	1275.2	-0.382058602886571	5.32838717165606	76.8638803118854	6.39663564039359e-09	2.91511132769247e-07	66873	Tril
66874	407	397	0.0375899764462339	4.40697579636176	0.674777152512812	0.419535848149002	0.552626551457731	66874	Ncbp3
668745	3062.8	3483.6	-0.184166351314402	3.31692965944954	8.25327205412474	0.00841432940561507	0.0256746289273296	NA	NA
66875	548	434.8	0.335100074754845	3.23752236737279	19.3301111786586	0.000195459115323094	0.00120424810438193	66875	Swt1
66877	571.6	519.6	0.139550145210872	4.16780422622085	6.94404693939541	0.0145514401345063	0.0398723252519722	66877	Crnkl1
66878	3076.4	3103.8	-0.0130481528379494	6.05877979660698	0.128223983261373	0.723433902533148	0.811337183986198	66878	Riok3
66880	1647.6	1726.8	-0.0695761569458077	5.2455991138173	3.12824321480645	0.0897502253301519	0.16871501585668	66880	Rsrc1
66881	4723.6	4879.4	-0.0465003729904099	6.82026948522281	2.51177714197596	0.126183993035863	0.220673131922608	66881	Pcyox1
66882	8673.4	8635	0.00631188946180076	7.36865870322242	0.0493217934140627	0.826140411202961	0.884979878716934	66882	Bzw1
668829	9429.2	10052	-0.0901620263330966	5.97749737156554	5.36383964260084	0.0294871495656718	0.0701806783833724	NA	NA
66884	636	659.8	-0.0553066764542548	5.26098419915919	0.802505614038003	0.380947853280273	0.514263591231257	66884	Appbp2
66885	1013.6	1047.6	-0.0464698955748405	5.71776767041958	1.63246117551752	0.213673321485532	0.330809146181649	66885	Acadsb
66887	2740.2	2694.8	0.0220192024071439	6.17101552335695	0.32024320049659	0.576753461824534	0.691816974042474	66887	Lonp2
66889	813.2	693.6	0.230856804367999	4.21176181980517	18.3781735363838	0.000258039516870838	0.00151799071096911	66889	Rnf128
668894	43.4	35	0.361237069058709	0.538375987877949	3.44416443095041	0.0759399448062597	0.147849671636541	668894	Gm14025
668896	1048.4	947.6	0.141629981249797	3.59274159985604	5.01418503538262	0.0347465527709825	0.0802022794237912	NA	NA
66890	3776	2951.2	0.356747322140503	6.48292419764882	133.819525474484	2.92261390812001e-11	5.14294936839098e-09	66890	Lman2
668917	216.2	215	-0.0068212103913259	1.34936928803669	0.00255704693950784	0.960091939173099	0.975273658641365	NA	NA
66892	442.6	435	0.0246472781926212	4.29880887078371	0.272456736851505	0.606508115735529	0.717093521868413	66892	Eif4e3
66894	1296.6	1321.4	-0.0309464921948479	5.5280720389671	0.579296993542369	0.454056262730917	0.584410438246899	66894	Wwp2
668940	115.2	155.8	-0.423855760778028	3.51884837797739	26.1943172288711	3.4529141228048e-05	0.000291350967489904	668940	Myh7b
66895	56.6	52.6	0.098903658085734	1.92530641279615	0.935300831908431	0.34320508303455	0.475936512537789	66895	Pxdc1
66897	155.4	145.8	0.0868375369538646	2.65498372404544	1.2102419648211	0.282276403980359	0.409230004326189	66897	Naa16
66899	2225.2	2167.4	0.0375959886226731	5.95050648715109	0.714340398428318	0.406415084943742	0.539671441228925	66899	Fip1l1
66901	148.2	120.6	0.294969742634002	2.48882455060483	10.7908411639117	0.00314497415708698	0.011461789325904	66901	Proz
66902	261.6	260.4	-0.000830491175231207	3.1590282655623	0.000188580201188234	0.98915778753163	0.992867129234873	66902	Mtap
66904	938.2	1004.8	-0.100190814012403	5.52915471504725	7.46925091306352	0.0116378728583286	0.0332964794723441	66904	Pccb
66905	83.8	78	0.0974303159573288	2.96251463304046	1.77196992446637	0.195737522708687	0.309641036798879	66905	Plin3
66910	377.2	330.2	0.202897734664068	2.62486335681179	6.63208107774231	0.0166583293395249	0.044317962870144	66910	Tmem107
66911	1266.2	1133.4	0.158717862631369	4.93624691600522	9.21841748189275	0.00572320901276193	0.0186663418859976	66911	Nudt16l1
66912	1542.2	1603.8	-0.0571304186587738	5.00579662629328	1.58912239702736	0.219658422604402	0.337797630885164	66912	Bzw2
66913	662.2	663.6	-0.0044352733799954	4.32423789390969	0.00812245784864064	0.928941566470121	0.956061051107884	66913	Kdelr2
66914	1392.6	1477.2	-0.0878299084068869	6.19701425388858	4.46034325558581	0.0453684029269667	0.0990377708910308	NA	NA
66915	4873.4	4783.4	0.0322326207465845	5.03663634205961	0.361195509072529	0.553518651975086	0.67205025632102	66915	Cops9
66916	556.8	550.2	0.021898696564406	5.33169286845955	0.199134034555457	0.659450343310648	0.760425215245816	66916	Ndufb7
66917	3205.2	2086.6	0.62396957862033	5.83048496468771	96.5585722400576	1.89359396384304e-08	6.94670232319474e-07	66917	Chordc1
66921	1796.6	1704.4	0.07679341536419	5.8987291344393	3.99635272451779	0.0571305170924037	0.118746691695945	66921	Prpf38b
66922	1217	1280.2	-0.073568349844342	4.01231741410486	1.00340095073531	0.326948099311742	0.458272675276563	66922	Rras2
66923	991	981.2	0.0168340794196677	5.5225219939311	0.140647893352102	0.710955756646458	0.801782033486033	66923	Pbrm1
66926	1341	1540.4	-0.200196253785591	4.99198440142308	24.3929106997941	4.94739180307407e-05	0.000387166221557296	66926	Trmt6
66928	929.2	942.4	-0.0243009326693896	4.10816216416524	0.175711191947498	0.678840646473863	0.776078676274082	66928	Dmac1
66930	335.2	376.8	-0.115453817515819	2.38870023318884	0.526381611366151	0.478255888165413	0.606218592260184	66930	Fank1
66932	1358	1343.8	0.0145324794952188	5.99396414268678	0.196486723846308	0.661570974343207	0.76240865630037	66932	Rexo1
66934	52.6	65.6	-0.308477257725449	1.79629221987233	9.60924788099863	0.00491595671483123	0.0166016912047128	66934	Dsn1
66935	118	123.4	-0.053535824992996	2.76325661423857	0.371672313038015	0.547865109553351	0.667243199653197	66935	Cir1
66938	29.4	28.2	0.0550561782782809	0.443279274583575	0.100268244061302	0.754265950011538	0.834519292825075	66938	Sh3d21
66939	2932	2552.8	0.202056655665127	6.18552484709929	37.1431767118848	2.78729705311091e-06	3.75117240276211e-05	66939	Aagab
66940	2075.8	2284.4	-0.140812621428998	5.95486356311134	15.7428567687791	0.0005779685924068	0.00292505533426046	66940	Shisa5
66942	110	98.8	0.148630322703142	2.82161145942516	3.95066349229046	0.0584643468704906	0.120617138119622	66942	Ddx18
66943	831.2	700	0.247864077310953	3.89385756647392	14.9851407743424	0.00073692212149906	0.0035755194173036	66943	Pqlc1
66945	12576.6	12577.8	-0.00105739575984184	8.54974442654865	0.00147661323014039	0.969667646204374	0.981291113109474	66945	Sdha
66948	1345.6	1256.6	0.0992894399617786	4.3462996158711	4.6432779705745	0.0415022811424193	0.0921890228419438	66948	Acad8
66949	249.2	334	-0.420306875215513	3.32072938520713	25.4456515853586	3.79088822395028e-05	0.000313095318475953	66949	Trim59
66950	690.8	679.2	0.0216768960759519	3.17799068738105	0.0862390208375881	0.771557144263232	0.847487420258436	66950	Tmem206
66952	90.8	113.2	-0.310213157244239	1.13338286017044	3.97408104462883	0.0577763493060281	0.119698821489578	66952	2310030G06Rik
66953	20	26.2	-0.357222151608333	0.937553898738018	4.78644758720783	0.0387339426634891	0.0873553451799143	66953	Cdca7
66958	5458.4	5527.6	-0.0216032591478136	6.46993176571411	0.31551846499842	0.579559893631075	0.694128176244632	66958	Tmx2
66959	3266.2	3454.4	-0.0819740676922226	6.19688455348514	6.5494723227336	0.0172712487180171	0.0456344603321634	66959	Dusp26
66960	1552.4	1488	0.0587730175023937	4.83082405343367	1.81541226724265	0.190536038490658	0.303338242135034	66960	Mindy3
66961	317	486.6	-0.611166134051228	6.12215594985578	18.554077030351	0.0011737368130493	0.00519130718966176	NA	NA
66962	234.2	235.8	-0.0181250683820327	2.80475379601925	0.0677912395305812	0.79681748006503	0.86445994572243	66962	Swsap1
66964	3781.4	3887.6	-0.0393958266246347	5.13712214983535	1.00813822586463	0.325438978154143	0.456630126420483	66964	Golt1b
66965	439	482.8	-0.129350178057294	3.93097654448157	4.44596997822282	0.0456889286854062	0.0994709708116977	66965	Ctu2
66966	1054.2	1177.6	-0.154719573783194	4.11291118424564	8.02129720870202	0.00925162980485285	0.0277031400868745	66966	Trit1
66967	1854	1682	0.140347178813196	5.95681554877817	14.5425525076041	0.000851399768511442	0.00401636170171814	66967	Edem3
66970	1740	1718.2	0.0154967717544876	6.34239671495671	0.193296096664337	0.664149793444904	0.76454452966332	66970	Ssbp2
66971	245	210.8	0.217653058396111	2.91451571221189	6.2313566841688	0.0198758866923095	0.0510186585421135	66971	Cdk5rap1
66972	12417.6	12925	-0.057934294376756	8.96120534956362	3.74808840637444	0.0648200166083893	0.130686320001207	66972	Slc25a23
66973	388.2	471.8	-0.2833258531356	2.8404268058002	11.1836460993909	0.00272205179058317	0.0101849693453505	66973	Mrps18b
66975	9686.4	9196.4	0.0763565619233013	6.13059821698268	5.18278014727207	0.0320901784066399	0.0752362430964433	66975	Trappc13
66977	8.2	9.6	-0.219067857463896	0.667684557759072	1.90095064092618	0.18078114362371	0.290754495375219	66977	Nuf2
66978	5758	5825.6	-0.0145670098069582	6.68268388968705	0.170777719378513	0.683117583057879	0.779919553358498	66978	Luc7l
66979	463.8	460	0.0170668386746151	4.15208884573772	0.103627485387409	0.750326783252453	0.831497609839067	66979	Pole4
66980	801.2	750.8	0.0921154268096783	4.75417032974112	4.01932609241834	0.0564728908839286	0.117667459252747	66980	Zdhhc6
66983	174.6	154.6	0.174046309485024	3.34318767781129	6.76570608890392	0.0157171881898739	0.0423848570669822	66983	Zfp830
66988	928	1003.4	-0.11140503028556	5.14764413874915	7.2675724128114	0.0126727119951484	0.0356364550929718	66988	Lap3
66989	2694.4	2552.2	0.0773631625180618	5.8331710391529	4.36689924818927	0.047498456101814	0.10266533179749	66989	Kctd20
66990	308.2	345	-0.165128499261897	4.2331645969658	12.3460344587229	0.00179505562977861	0.00730956229143565	NA	NA
66993	3178.4	3287.4	-0.0480649909068131	6.4003417134121	2.40144368813989	0.134406552270136	0.232159692460868	66993	Smarcd3
66994	3338.2	3097.6	0.108176119290918	5.90271490639827	7.70801028863106	0.0105314499263696	0.0307270038828715	66994	Cep19
66995	13396.6	13893.6	-0.0529276606483602	7.91818062514259	3.11529791002617	0.0903775957164148	0.169660911729043	66995	Zcchc18
66997	4870.8	4629.2	0.0733442485638955	6.21263144408114	4.45166731028691	0.0455615736207578	0.0992882678538678	66997	Psmd12
66998	3515.2	3361.8	0.0650186971214443	5.27240924041756	2.83517137598	0.105280449646909	0.191532236525666	66998	Psmd5
66999	2692	2547	0.0814839534399586	5.3718622900224	3.98347444749057	0.0575029569646172	0.119263558611935	66999	Med28
67003	13976.2	14585.8	-0.062465779973022	7.65163198485652	3.69686137203398	0.0665492863210606	0.13319072064312	67003	Uqcrc2
67005	1231.6	1133.8	0.117088195761445	4.83760316764391	5.11670161218774	0.0331032767316943	0.0770987370093312	67005	Polr3k
67006	763	677.8	0.169644642835832	5.36831541999053	13.3709185129267	0.00125948756906283	0.00550487853741583	67006	Cisd2
67008	313.8	326.4	-0.0650296351541414	3.36560459402874	0.98790520744097	0.330243426966557	0.461772128603523	67008	Yae1d1
67009	32.4	30.8	0.0582714549202553	1.65486198500884	0.189555394794532	0.667205936583398	0.766740215608643	67009	Ttc23
67010	651.4	652.4	-0.000809034485244172	4.49930964187802	0.000272688430030266	0.986962423228213	0.991624290710296	67010	Rbm7
67011	566	522	0.114162363363492	3.77547038407378	3.4204959774514	0.0768368629630007	0.1493344113577	67011	Mettl6
67013	428.4	416.8	0.0372799264438194	2.82660252441194	0.255615991772692	0.617794049879233	0.726574059963746	67013	Oma1
67014	158.4	150.2	0.0837366109163493	3.26258037073978	1.37843995416983	0.251970353708817	0.375589561429745	67014	Riox2
67015	1775.6	1793	-0.0135165541072852	5.36897268883492	0.0873791242601503	0.770096944112689	0.846525434102457	67015	Ccdc91
67016	641.8	671.8	-0.0709971068448048	4.4217788733977	2.12093571252833	0.158351397932736	0.2633541716396	67016	Tbc1d2b
67017	360.4	393	-0.127698065100895	4.23231759668606	5.79161497388172	0.0242224750620268	0.0599711638483273	67017	Fam210b
67019	719.4	636.6	0.174869970736257	4.10477579502581	9.82098694841162	0.004531411641872	0.0155264260050646	67019	Actr6
67020	53.4	62.8	-0.23831884526512	1.67107563440836	3.35780056225889	0.0794167853828924	0.15348177776766	67020	Tmem88
67023	820.8	901.8	-0.133164149827319	5.33132565579785	9.82062967435951	0.00453203205447402	0.0155264260050646	67023	Use1
67025	56.6	68.6	-0.261979981867731	1.96863028125964	6.44259986752228	0.0181015324428225	0.0472787375387097	67025	Rpl11
67026	1010.6	1055	-0.0591648613960475	4.26536242237497	1.52402801552467	0.22904947546805	0.349227966077552	67026	Thap4
67027	851.8	924.4	-0.11905072234897	4.79742512714452	9.02641185839186	0.00617218157399939	0.0198736271932696	67027	Mkrn2
67028	845.6	827.6	0.0293300657890748	5.31830393932215	0.280177264706224	0.601885706514694	0.713145012047167	67028	2610002M06Rik
67030	220.6	242.4	-0.129988814233119	2.58012940564365	2.28915970145397	0.143434218868582	0.244077960857839	67030	Fancl
67031	1482	1733.4	-0.221255093270908	4.83592819934683	25.206285259352	4.0253294717038e-05	0.00032797132009023	67031	Upf3a
67035	5073.4	3923.8	0.371695556966582	6.22432942719758	134.500638003714	2.77534026927534e-11	5.14291900668023e-09	67035	Dnajb4
67036	1071.2	1044.8	0.0372777134434654	4.60769457310721	0.596063841242703	0.447675161336737	0.578360456020844	67036	Mrpl45
67037	9.8	10.8	-0.149365204198687	1.33319721724695	1.5587391997832	0.223980162113212	0.342754572159082	67037	Pmf1
67039	4089.4	4387.2	-0.102109815172608	7.08109561472408	10.5008211523972	0.00350329968883472	0.0125954075186028	67039	Rbm25
67040	19198.6	20220	-0.0742920268252442	8.92200161869639	3.9140490856637	0.0599440028620944	0.123041522789166	67040	Ddx17
67041	15592.6	15509.2	0.00861169176497814	8.03009019794618	0.0778176119915499	0.78268420953256	0.854772766496685	67041	Oxct1
67042	159.2	136.6	0.213953284530663	3.19117436629693	8.55531144889673	0.00744652092776094	0.0231865604243551	67042	Ift27
67043	1325	1178.2	0.16954130217374	5.14458175181141	14.2704500349797	0.000931314552646128	0.00432385688488738	67043	Syap1
67044	525.2	527.8	-0.0106471198041892	5.8380842797637	0.0595882833451779	0.809237838228902	0.873511934892126	67044	Higd2a
67045	1024.2	933.8	0.137457708462285	4.55636242086081	8.92303823396069	0.00642980314192292	0.0205067022536086	67045	Chd1
67046	558	647.2	-0.212039493260649	3.77400136779652	16.0554533678305	0.000523637078441609	0.00270019633670889	67046	Tbc1d7
67048	840.2	834.8	0.00665742760625827	5.22403461228102	0.0107304906693203	0.918568729437537	0.94876321389811	67048	Vma21
67049	656	715	-0.125413141717748	3.36531991553443	4.33818513102256	0.0481754477764442	0.103833312006748	67049	Pus3
67050	855	788.8	0.121228959445156	3.702603241152	3.82567743857366	0.0622972711383315	0.126966265797158	67050	Nkap
67053	1730.6	1575.8	0.139151678256396	4.72770611785078	10.5378394359973	0.0034551702931277	0.0124665580171912	67053	Rpp14
67054	2129.6	2143	-0.00971903576088171	6.08750714077873	0.102150590008108	0.752049812064168	0.832782222905032	67054	Paics
67057	1982.6	1976.8	0.00238065716033466	6.64737603337061	0.00296207050476616	0.957068385492801	0.973228256923663	67057	Yaf2
67059	6104.6	6482.6	-0.0868306956537486	6.81243493590687	4.32839587594151	0.0485651988213667	0.104489637356957	67059	Ola1
67062	395.4	365	0.109978700365755	2.76233917404469	2.22158037020283	0.149215652966767	0.251649719453613	67062	Slc25a53
67063	4176.4	4424.6	-0.0825110180249461	6.07642354209556	5.72832057474226	0.024930883572275	0.0613882772928938	67063	Tmem246
67064	316.4	280	0.18046936119562	4.82243253346707	13.5455647817645	0.00118702338815885	0.00524365405025918	67064	Chmp1b
67065	477.4	497.4	-0.066102913479609	4.15437858583101	0.890737645720909	0.355098250829293	0.48835300832413	67065	Polr3d
67067	162.4	160.2	0.0104880416089624	4.21905239856855	0.0275392170853708	0.869597011463827	0.915378214688081	67067	Romo1
67068	1594.4	1720	-0.111328095577034	6.82374887909921	7.45105971356416	0.0117272819948808	0.0334818676888788	67068	Dynlrb1
67070	2356.4	2064.8	0.193925373445218	5.96443651267994	25.5478099273577	3.69538415443726e-05	0.000307679047052052	67070	Lsm14a
67071	52	53	-0.0258499327866632	1.96324025773932	0.0548730861481974	0.816792270745221	0.878790065786219	67071	Rps6ka6
67072	3627.2	2863.6	0.34100832068262	5.97101364547559	125.774582153926	5.47844859272518e-11	8.58868684228059e-09	67072	Cdc37l1
67073	20.2	24.2	-0.264488878978351	1.38454959229514	3.90127840987173	0.0599459252443134	0.123041522789166	67073	Pi4k2b
67074	3398.8	3004.8	0.178076369919416	6.7006497164701	36.0861021869526	3.45027975502073e-06	4.4368633077464e-05	67074	Mon2
67075	241.4	175.2	0.46797172006077	3.12655688172386	30.895380976804	1.04490898906776e-05	0.000109205455733806	67075	Magt1
67077	499.2	382.8	0.385613312091915	3.55131219639791	48.3950836339001	3.55293416703431e-07	7.04445959537913e-06	67077	Catsperz
67078	3442.6	3275.8	0.0719924100422289	5.06959208671098	2.30771658185003	0.141893659674231	0.242283633423666	67078	Pgp
67080	308.6	319.4	-0.0674986987540473	1.86651203579184	0.375923272784237	0.545602521597705	0.665661492521208	67080	1700019D03Rik
67087	1402.6	1494.4	-0.0899724341498667	5.30323505853276	4.14628629947201	0.0529895057419666	0.112094506171411	67087	Ctnnbip1
67088	108.4	161.4	-0.594740196882258	1.98413258903125	22.7297807350652	7.63224507006272e-05	0.000549228569281899	67088	Cand2
67089	3705.6	3785.4	-0.0346560531081494	5.89653170128236	0.613786343999439	0.441085187505296	0.572302091580032	67089	Psmc6
67091	243.2	253.4	-0.0711830193567491	1.95453163724993	0.597882432458681	0.446991715231631	0.577839035145156	67091	Trappc6a
67092	1703	1785.2	-0.0656644989818174	5.97815301726397	1.35260696758838	0.259290216379409	0.383993933150408	67092	Gatm
67095	5256.4	4404.4	0.255739312198569	7.80740767700718	47.973626520185	3.81441137010629e-07	7.46055506678163e-06	67095	Trak1
67096	540.2	517.6	0.0584015766902943	3.75392002280446	1.00804740952953	0.325460326718128	0.456630126420483	67096	Mmachc
67097	918.4	893.8	0.0385652357943851	3.10471221875624	0.141469459608409	0.710589443766115	0.80159680170104	67097	Rps10
67099	987.4	1034	-0.0542826445724	2.97954299628702	0.685019434036031	0.499521942542538	0.624791463958969	67099	Mettl21a
670994	612.4	673.4	-0.188659611590042	1.31783717178823	1.55848737498795	0.224016426860157	0.342754572159082	NA	NA
67101	23	26.6	-0.237021254478437	1.10340704806151	2.13457184839388	0.157075088869183	0.261985152840431	67101	2310039H08Rik
67102	79.6	106.8	-0.422805772124877	2.93754333732572	19.2983615270035	0.000203391602152202	0.00124568738029997	67102	D16Ertd472e
67105	352.2	349.2	0.0167500010027978	3.29787089483303	0.0666054571262125	0.798561298262174	0.865896849593508	67105	Timm21
67106	112	115.2	-0.0423582534279046	2.57351002399025	0.240891917086995	0.628053197759482	0.734634694538768	67106	Zbtb8os
67109	212	234.2	-0.148073752944715	3.51339025724185	6.61936736277932	0.0167510720672487	0.0445073521433847	67109	Zfp787
67111	755.6	763.8	-0.0105486003422264	4.61352885659723	0.0422814546748973	0.838831118917545	0.893805012372591	67111	Naaa
67112	35.6	49	-0.477762016387532	0.561870739098074	10.7520760162808	0.0031904586813689	0.0116030865331541	67112	Fgf22
67115	2675.6	2799	-0.0652499265822893	4.85701499820144	1.53209915062413	0.227857926181539	0.347741364695171	67115	Rpl14
67116	2564.6	2792.6	-0.12203663015434	6.43461812700633	8.55172653098473	0.00745726387731997	0.0232079801284855	67116	Cuedc2
67117	7935.8	8086.4	-0.0272614888272089	7.17028653493124	0.746207186663338	0.396293654262091	0.529490523082295	67117	Dynlt3
67118	2818	2591	0.126256351842982	5.09072320902769	9.39746859577632	0.00533664478088691	0.0176633532546232	67118	3110001I22Rik
67119	704.2	721.8	-0.0356824863950034	4.30418802804031	0.378673856741355	0.544147940216185	0.664283304719994	67119	Ccdc159
67120	4908	4864	0.0151976737262283	7.37321216430299	0.105570772664116	0.748601467668362	0.830146265361912	67120	Ttc14
67121	19.4	26.4	-0.445244807051203	0.172612868134093	7.37811971886188	0.0120934624142394	0.0343277762191001	67121	Mastl
67122	209.4	292.4	-0.473110333981066	3.80600530454171	43.6254605790713	8.14556453239047e-07	1.38512929119026e-05	67122	Nrarp
67123	2780.4	2715	0.0335245531626158	5.71033354835198	0.581927849786157	0.453045350875812	0.583639476409167	67123	Ubap1
67125	3086.6	2427.6	0.350764616203423	5.07751343032009	56.1018229768374	1.03997604797132e-07	2.66994916472069e-06	67125	Tspan31
67126	6799.4	6324.4	0.106235496288952	5.31841552537965	2.40647609680604	0.138408540515135	0.237595848528	67126	Atp5e
67128	2551.4	2488.4	0.0373654935555986	5.74672603879036	0.848625982643601	0.366176327262522	0.499642465236712	67128	Ube2g1
67130	139.2	153.6	-0.145339965512576	3.80479592116647	5.39275349468539	0.0290936970185822	0.0695074870589401	67130	Ndufa6
67131	513.6	566.2	-0.144294532523877	4.77189055008763	11.3882717510009	0.00252670795033876	0.00958054478336739	67131	Acbd4
67134	1806.2	1879.4	-0.0583050883803472	6.02675276987293	3.17164248039985	0.0876833020187616	0.165821594580555	67134	Nop56
67136	1464.4	1383.2	0.0824359628696293	4.99372888348651	3.55978668483023	0.0714409583503464	0.141136790840485	67136	Kbtbd4
67138	898.4	1121.2	-0.325134692825933	4.57964399883083	43.2998889260951	8.6390416761481e-07	1.45027535873455e-05	67138	Herc6
67139	2102.8	1932.8	0.120142233813389	4.03049628283696	5.77378033603832	0.0244197938774685	0.060376958724757	67139	Mis12
67141	39	49.4	-0.309522371374393	0.303106416680645	3.17039109223333	0.0877421268903368	0.165861041057542	67141	Fbxo5
67143	342.2	291.2	0.231856210521055	4.61190899760387	20.6841009125972	0.000133160025097676	0.000875259209987182	67143	Ikzf5
67144	2933.4	3115.4	-0.0874331709740364	6.36982270208386	4.12793827088599	0.053551706813142	0.113031012014771	67144	Lrrc40
67145	3049.2	3171	-0.055814271081501	6.19849877083253	2.66191759986593	0.115926824831342	0.205823157611131	67145	Tomm34
67148	345	336.8	0.0369713123883038	4.75070507385592	0.250012363034266	0.622981543361364	0.730613792914232	67148	Fam103a1
67149	822.6	951.8	-0.210330550547943	5.40658881821403	25.3257886575842	3.9063751110657e-05	0.000320628880495989	67149	Nkain1
67150	468.2	525.6	-0.16714853946267	3.66780117352107	8.42942051777278	0.00783417942681009	0.0242214394513611	67150	Rnf141
67151	339.8	326.4	0.0613921062350858	4.06909688293284	1.07173868607413	0.310947639051789	0.441106798984646	67151	Psmd9
67153	299.6	340.4	-0.184663080948967	2.96793091966657	5.66920121136111	0.0256134258265112	0.0627591891670442	67153	Rnaseh2b
671535	221.4	306.2	-0.505877823008591	1.72942790399559	19.8661238100885	0.000167649035527069	0.00106373975395446	671535	Parp10
67154	2520.6	2751.8	-0.130106830238452	6.30473628038084	12.9193122570881	0.00147024279971126	0.00620826451271589	67154	Mtdh
67155	17281.8	15986.4	0.113401563475979	8.69734982633368	15.0282855344213	0.000726693804409944	0.0035353861490883	67155	Smarca2
67157	1619.4	1534.6	0.0801751974368124	5.33133150342112	3.91854229271818	0.0594232120109063	0.122228989099991	67157	2610301B20Rik
67158	241.8	258	-0.0870433215550766	2.71735803658994	1.05785511360969	0.314034610315226	0.444263893619034	67158	Sft2d3
67160	1119.2	1214.2	-0.117349615353827	5.61544486349919	10.0354212358795	0.00417529591610289	0.0145630427171854	67160	Eef1g
67161	1798.4	1755	0.0386893420765875	3.24462197430805	0.161969388226774	0.691361018483613	0.786619247829566	67161	Sclt1
67163	3227.2	3164.8	0.02765801768936	6.8692034237403	0.841844695899959	0.368065400522477	0.501604497374305	67163	Ccdc47
67164	222.8	247	-0.143214257939656	1.9589002585846	1.32710441648447	0.260775568356052	0.385798368988575	67164	Lipt2
671650	86.6	86.6	-0.00368679179547501	3.0215448311144	0.0026438073864413	0.959421158844802	0.974729277426216	NA	NA
67166	5846.4	5555.2	0.071944305952424	6.78809333388914	4.49750937225883	0.0445512592988269	0.0976116267856972	67166	Arl8b
67168	159.6	179.2	-0.172346336001601	2.06357771969658	2.72354684968131	0.112001680443082	0.200777910098512	67168	Lpar6
67169	0.8	0	0.467567113869354	0.131632530473927	5.17092230955948	0.0322694004480958	0.0755828737768234	67169	Nradd
67170	108.4	125.6	-0.208034035521751	2.26418013725749	4.35553734808017	0.0477650452228856	0.103090333530176	NA	NA
67171	477	449	0.0868235474256253	4.05044384972273	2.74473515093947	0.110688245446722	0.198833091869549	67171	Dram2
67177	297.6	437	-0.560011217234713	0.75032855407019	16.12177867723	0.000512839927620025	0.00266256764145828	67177	Cdt1
67178	519.2	522.8	-0.0148071139940705	4.08149092357224	0.0701506678015254	0.793395626043237	0.862171293799635	67178	Zmat5
67179	2214.2	2014	0.137125138533578	5.42167775296315	11.3083583154104	0.00260111039183719	0.00981630537953387	67179	Ccdc25
67180	1863.6	1726.4	0.111216422091712	5.50001740975774	8.31640621375421	0.00820113616181923	0.0251129764577631	67180	Yipf5
67181	3652	3353	0.122396544356626	5.851609606362	13.856226848097	0.00106910678470184	0.0048260054547409	67181	Ctdnep1
67184	1730.2	1780.8	-0.041789665631293	6.55888503021262	1.40591170822964	0.247428105929624	0.37071896373036	67184	Ndufa13
67186	1899.6	1771.4	0.103240395610857	4.50333034468807	3.03215721628989	0.0945297053448438	0.175575990883368	67186	Rplp2
67187	578.6	601.8	-0.0613873554431803	4.13225122639212	1.64180265815936	0.212410094176434	0.329524042205236	67187	Zmynd19
671878	2316.8	2295.4	0.0117158102510763	5.54939928081312	0.0678505640505282	0.796730667402911	0.864437902728413	671878	Sms
67188	58	103.2	-0.856655226714732	0.895858623617317	34.83040410167	4.46858420378015e-06	5.51099966565173e-05	NA	NA
67196	59.4	64.6	-0.122081028688753	0.196031844300423	0.396214402941275	0.535041035419349	0.656297290611028	67196	Ube2t
67197	1561.2	1645.8	-0.0749703758099295	5.14270688937227	2.95567213310278	0.0985453555664701	0.181495230550173	67197	Zcrb1
67198	1737.8	1973.2	-0.182280956863015	5.07208854308378	17.1144492887559	0.000377151456735707	0.00208863875695705	67198	Spats2l
67199	1870.2	1850.2	0.0146382899044906	5.42119720573362	0.132793158478494	0.718767930726189	0.807961575836137	67199	Pfdn1
67200	208	228.8	-0.134262636897358	2.13494137895762	2.33067051025315	0.140015212387413	0.239784345953516	67200	Ccdc77
67201	1457.4	1628	-0.159771176675165	5.38000196780339	17.2661371828584	0.000360111618104597	0.00201200360575332	67201	Glod4
67203	455.6	302.8	0.588563826037886	4.1145371349071	111.946006220716	1.75503495904051e-10	2.04574800790094e-08	67203	Nde1
67204	1598.8	1602.4	-0.00486501133828137	4.97531075472685	0.0114957497409575	0.915513651560812	0.946757839283107	67204	Eif2s2
67205	311.8	306.4	0.0213825430362553	3.63213030715981	0.148874296769384	0.732089428023848	0.818412942618566	67205	Utp11
67207	435.4	400.4	0.113505699525008	3.34565002541699	3.06563212162374	0.092831982272739	0.173134641518732	67207	Lsm1
67210	3414	3510.4	-0.037412029173806	5.7469653289824	0.860380617643963	0.362934751619443	0.496250014181008	67210	Gatad1
67211	1078.8	1116.8	-0.0514547281972062	4.47605088562259	1.3910230018313	0.249876649377642	0.373458493444778	67211	Armc10
67212	332	359.4	-0.116924097683296	4.16679586279783	4.99568794440955	0.0350526598801369	0.0807798383143334	67212	Mrpl55
67213	534.8	547	-0.0320462498735122	4.57890023769835	0.272202730543167	0.606786761538574	0.71728948048859	67213	Cmtm6
67216	1457.2	1575.6	-0.107125359001747	4.81152728584487	4.66883792924903	0.0409921829047956	0.0913366751512125	67216	Mboat2
67217	54	57.2	-0.10002567726611	1.5038687132923	0.801167483112308	0.379699080739079	0.513152923141903	67217	L3hypdh
67219	29.6	26.2	0.160525552639979	0.954743194306569	1.15306696838688	0.293664290696068	0.421930781085583	67219	Med18
67220	760.4	977.8	-0.363752826268803	5.23036717239069	64.8368244079643	2.96791100974753e-08	9.8843745932928e-07	67220	Plekho1
67222	275.6	261	0.0806327315944975	3.56112140281361	1.63886668900917	0.212806110945411	0.32992593881851	67222	Srfbp1
67223	367.6	403.8	-0.129461251788001	2.4247765017266	1.69146397763681	0.205848660604533	0.321553716673287	67223	Rrp15
67224	265.2	228.4	0.211079031205519	2.5847183651414	5.86519458447325	0.0234269337290555	0.0584219099208856	67224	Med29
67225	623.6	622.2	-0.000757938910021438	4.93054806716781	0.000147660400784634	0.990418742246942	0.993580823184155	67225	Rnpc3
67226	2332.4	2418	-0.0496811781097488	5.10772340385988	1.23433206078473	0.277653423395854	0.404312168221205	67226	Tmem19
67228	1374.2	1472	-0.0967980274567469	4.40371276632788	3.96759527976848	0.057965975178954	0.119896995597682	67228	Dph7
67229	3483.6	2946.6	0.245336790406696	5.71548755641805	30.5521042024257	1.12866720278492e-05	0.000117028376965948	67229	Prpf18
67230	1129.6	1088.4	0.0530937482166051	4.43768962379745	1.01425413589035	0.324005715708885	0.455252125484225	67230	Zfp329
67231	1040.6	967.6	0.102928270626376	5.25089379960926	6.42924200436194	0.0182083792474469	0.0474500721171923	67231	Tbc1d20
67235	253.6	244.8	0.050332190657466	2.70266787832144	0.416459886272189	0.52487572195382	0.647316867331101	67235	Zkscan14
67236	1298	1161	0.160707296808647	5.29487874497584	17.1028302183899	0.000378492407636567	0.00209310417961638	67236	Cinp
67238	3280	2657.2	0.306430832775873	5.24655248977614	45.744016898196	5.59419076361203e-07	1.01326357515349e-05	67238	Fam220a
67239	896	894.6	0.00391142464247467	3.66011328736824	0.00396751173483698	0.950301410395778	0.968732391978318	67239	Rpf2
67241	1312.8	1310	-0.00073356651006879	5.56755576351442	0.000360738286619421	0.985004774480267	0.990486921548475	67241	Smc6
67242	235.6	236.8	-0.0132170398841884	2.2597588785094	0.0173327071930678	0.896363699199147	0.934846735567102	67242	Gemin6
67245	1314.6	1063.4	0.306478600091489	5.17254709864046	60.2058130006509	5.67516079059763e-08	1.62433215974848e-06	67245	Peli1
67246	666.8	565.6	0.234177002033842	3.61022311842911	9.96759648651367	0.00428450283719281	0.0148789719567534	67246	2810474O19Rik
67247	3494.6	4034	-0.20263481266679	5.3122774172459	20.9015880558396	0.000125346633676659	0.000832227948168317	67247	Marc2
67249	1087.4	978.4	0.150912920090765	5.01082175258895	10.5989264913097	0.00337732235520212	0.0122161705010239	67249	Tbc1d19
672511	21.4	23.4	-0.14543775394236	3.94211149793749	4.63849027323108	0.0415986192534591	0.0923604366650534	672511	Rnf213
67252	11516	10322.4	0.155685631418664	8.54148109094773	16.3936804212797	0.00050543729377465	0.00263454404768078	67252	Cap2
67254	17982	17894.2	0.00620439797834362	8.07182419798226	0.0454849102938798	0.832929401589092	0.889417964728778	67254	2900011O08Rik
67255	814.8	862.8	-0.0840705800883064	4.30803379535261	2.05890926409515	0.164316855700074	0.270911342043027	67255	Zfp422
67260	1815.4	1789.2	0.0233169553203037	5.77330031385297	0.364556847864333	0.551692644132563	0.670717930716803	67260	Cers4
67261	55.4	67.6	-0.311433419678578	1.6213112620959	10.9535823447316	0.00296161515612926	0.0109257747490282	NA	NA
67263	350.8	333	0.0772999611479877	5.03893241813032	2.78218719782748	0.108410356102248	0.19569917411039	NA	NA
67264	3616	3561.4	0.0234046676393494	6.68316096628657	0.469576820236405	0.499795726064902	0.62486877812456	67264	Ndufb8
67266	1962.2	2475.4	-0.33571673837275	4.47695254710954	38.6462188090783	2.0713041804211e-06	2.94381815376663e-05	67266	Fam69a
67267	1408.2	1446.2	-0.0374685109407606	5.40502518732429	0.633338424756813	0.433991787661547	0.566096678897211	67267	Uqcc2
67268	144.4	128.2	0.170611536509901	2.90417970404178	5.59833393671988	0.0264591416445698	0.0643297617040558	67268	Myl12a
67269	6376.6	6542.6	-0.0366288448405802	7.97667664802691	0.836671646140549	0.36993565909692	0.50377331982164	67269	Agtpbp1
67270	723.4	636.2	0.186324462538738	4.35142067767997	11.5701236714387	0.00236591931419161	0.00908769539392121	67270	Mrpl42
67272	254.6	283.2	-0.154099783505501	4.29824747729913	8.57508667267186	0.00738756511497363	0.0230426987854616	67272	Cmtm5
67273	6698.4	6936.8	-0.0500978350056221	6.94097650003437	2.78380497759346	0.108313198906442	0.195584457904712	67273	Ndufa10
67276	1023.2	814	0.332870415773763	3.55983131171968	33.7072640573882	5.65936996646132e-06	6.67759457103934e-05	67276	Eri1
67278	880.8	826	0.0950004210006134	4.92246124518373	2.93331026393351	0.0998400886861625	0.183365774062235	67278	Gm42742
67279	251.4	245.4	0.0249559260010351	2.97892933499669	0.101677339403281	0.752604844897465	0.833319321905007	67279	Med31
67281	1629.8	1665	-0.0272564153207694	3.58783047421049	0.138562228883944	0.713005295642986	0.803506825450157	67281	Rpl37
67282	266.8	306.4	-0.191210565792477	3.39298726897794	6.46021044217326	0.017961728551777	0.0469813290784264	67282	Washc3
67283	883.6	790.2	0.162699051420537	5.34373341086592	17.5777720659156	0.000327673958096736	0.00185251593761902	67283	Slc25a19
67285	567.4	784	-0.466388268808072	4.17264217399985	59.0260747849722	6.7332766367003e-08	1.87568844949024e-06	67285	Cwc27
67286	528.8	516.6	0.0343694629689234	5.09148838357452	0.686023432972733	0.41574099015969	0.548527637769799	67286	Ift22
67287	8721.4	8275.2	0.0773173832051184	7.35485619069268	6.11610069358977	0.0209246904373839	0.0531912549387877	67287	Parp6
67288	1402.6	1399.4	0.00669502546676611	3.80299801249272	0.0151282058673072	0.903141388673577	0.938731887810145	67288	Srek1ip1
67290	114	128.2	-0.164666783233778	2.5463182000485	2.9510337131465	0.0987951719258777	0.181770037553034	67290	3110040N11Rik
67291	883	751	0.236282857561227	4.66253131927471	29.9090864923285	1.30585224112291e-05	0.000132640817239569	67291	Ccdc137
67292	685.6	613.6	0.159564969443573	3.64797814267267	5.48031101094834	0.0279374810645805	0.0672229650919672	67292	Pigc
67293	214.6	229.4	-0.0961690574353821	2.18490899292354	0.780382767691609	0.3858518586809	0.519186628688673	NA	NA
67295	14215.8	14035.2	0.0171672795411236	8.83005977564943	0.117405431184058	0.736023225983577	0.821123781133577	67295	Rab3c
67296	45.6	46.6	-0.0205902988229978	1.74450307836749	0.0365101354314741	0.850084884065315	0.901344403923127	67296	Socs4
67298	42570	43839	-0.0418573485835662	9.42329854811832	1.9697506528013	0.17337478314921	0.281315572029489	67298	Gprasp1
67299	1360.8	1644	-0.27418597389045	5.55310663699919	57.2391703401441	8.76532350820023e-08	2.31616062134417e-06	67299	Dock7
67300	33040.2	32732	0.0133923950595075	9.33464183430147	0.258994475443342	0.615492882544522	0.725284047309516	67300	Cltc
67302	2433.4	2290.2	0.087247729140554	6.65068312231357	4.66245125840749	0.0411189783642158	0.091492258817176	67302	Zc3h13
67305	50.2	52.2	-0.0649665627836974	1.32373257269181	0.251627410483791	0.620535635039435	0.728731074818004	67305	Gpx7
67306	2633.4	2671.2	-0.0224343751042274	6.28502280256591	0.334344785309839	0.56853794679779	0.684885464568369	67306	Zc2hc1a
67307	167.8	200.2	-0.298319069317713	0.478714394045841	3.15550455919528	0.0884454081326638	0.16697883087115	67307	Pbld2
67308	1262.8	1222.6	0.047463482190417	4.33949317411886	0.912423083539389	0.349065065953637	0.481934602735031	67308	Mrpl46
67313	444.6	500.2	-0.158568853681258	1.16865937373097	1.45728155470055	0.239212461247431	0.36133106018083	67313	5730559C18Rik
673151	24.2	20.8	0.177489882179866	0.268185763556372	0.982313601938108	0.331588486765403	0.462981065273101	NA	NA
67325	224.6	266.8	-0.216667570459267	1.0554934947427	2.02349069782969	0.167844904345314	0.274935431483134	NA	NA
67326	640.4	651	-0.024176996255633	5.20450005713311	0.300627573952588	0.588590754919308	0.701809573104142	67326	1700037H04Rik
67330	29	42.8	-0.586181400846019	1.09739557202726	23.5817360858219	6.09993328802315e-05	0.00046113198611447	NA	NA
67332	629.4	654	-0.0586965958047992	5.02627687015802	1.22125556163406	0.280150346437925	0.407127800866053	67332	Snrpd3
67333	2830.6	2360.8	0.2616185686409	5.33419918664906	36.7736745774985	3.00182774406131e-06	3.96241262216093e-05	67333	Stk35
67337	824.2	890.6	-0.108413547640462	4.49873003637879	4.76836371677037	0.0390719120073126	0.0880077008187154	67337	Cstf1
67338	217.6	227.8	-0.0732046926984206	3.3539141106772	0.983512317307312	0.331299497130118	0.46275637142624	67338	Rffl
67345	1767.8	1856.6	-0.0712817916505249	5.35622830112316	4.15698539638358	0.0527072352226594	0.111738101775934	67345	Herc4
67356	175.6	184.6	-0.0584847082155447	1.58732809907868	0.27324040605145	0.605993904240806	0.716544166549134	67356	Tmco5
67367	2598	2275.8	0.192604059418788	5.95458443419426	31.5359726524094	9.06089664179229e-06	9.73726394501604e-05	67367	Paxbp1
67369	607	631.8	-0.057585080771562	4.00382633026787	0.867550016851454	0.360977849372734	0.494322485536097	67369	Qpctl
67370	530.2	552.4	-0.051940391775633	3.11007300977346	0.382163223145572	0.542313189324458	0.662715153744988	67370	Zfp606
67371	92.2	91	0.0172527039282712	3.69200117498918	0.060394505943359	0.807978302664571	0.872703511187693	67371	Gtf3c6
67374	1281.2	1484.6	-0.208137850567901	5.5013859845695	23.1148387066725	6.89333736983387e-05	0.000506282003778348	67374	Jam2
67378	710.2	839.4	-0.241987551465275	5.04203044326337	31.3440765722397	9.45447064383303e-06	0.000100926823254034	67378	Bbs2
67379	191.8	159.4	0.261765699777171	3.81327964427756	13.6534226066128	0.00114455037236077	0.00508556135324395	67379	Dedd2
67381	864.8	904	-0.0597743726233839	4.19759410502195	1.27558935244416	0.269964757464235	0.396229752679535	67381	Med4
67382	3978.4	3677.2	0.114707503283233	5.83768058777423	12.504981392618	0.00169778777798025	0.00699738367348918	67382	Brd3
67383	64.2	46	0.480844346879783	1.14639766085413	13.8386127883215	0.00107543927048202	0.00484400100204025	67383	Carnmt1
67384	2138.6	2098	0.031137009358483	5.38481517497782	0.472273552589124	0.498578969715251	0.623935967815085	67384	Bag4
67387	1696.6	1663.6	0.0277574757595784	4.81199129513284	0.379761161970482	0.543574966390247	0.66380809092638	67387	Unc50
67388	1187	1093	0.118717463940334	3.75666320452115	3.22844526311237	0.0850603358340844	0.161941793222584	67388	1110008F13Rik
67389	314.6	355.2	-0.173444441597542	3.57758973473467	5.32589205554914	0.0300125644645253	0.0712317909310753	67389	C1qtnf12
67390	272.8	252.2	0.111186408069595	3.34318900180543	2.64315896678439	0.11715336203154	0.207465657290355	67390	Mrm3
67391	678.8	730.6	-0.105981487211576	5.06843862924759	5.20213260034816	0.0318000636185957	0.0746286928954672	67391	Fundc2
67392	1123.6	1052.2	0.0937151072519917	5.13634713332007	5.28152323572861	0.0306401734399784	0.072447039245906	67392	4833420G17Rik
67393	2914.6	3051.2	-0.0667298930645167	6.47616052381132	1.90795171398004	0.181681889330876	0.291943304990382	67393	Cxxc5
67394	44	37.4	0.261612664424957	0.405574635995252	3.10087441289814	0.0910825725608206	0.170686827926112	NA	NA
67397	2979.8	2816.4	0.0801981854872595	6.1455690495372	5.64766465664028	0.0258672136385722	0.0632095868016775	67397	Erp29
67398	2242	2036.2	0.137165765865151	5.88899874368534	12.8212098557633	0.00152093953275772	0.00638874164675387	67398	Srpr
67399	450.2	458.6	-0.0284396024277316	6.06262128345569	0.582194393012538	0.452943134073404	0.583601360304598	67399	Pdlim7
67412	1490.6	1301.6	0.196746162185042	6.27564659069237	24.840010746356	4.41510798514013e-05	0.000353747066614277	67412	Soga3
67414	4752.2	4875	-0.0389446985096389	6.40905458578783	0.750929612287026	0.395206099134316	0.528321593781264	67414	Mfn1
67416	4543.2	5210.8	-0.198302816467045	6.78511432385767	32.1483020870303	7.91938336975437e-06	8.75495118611223e-05	67416	Armcx2
67417	209.2	180.8	0.227938715073921	2.23214542403399	6.08343153845473	0.0212330326343239	0.0538425006485118	67417	Ears2
67418	2054.8	1948.2	0.0764768093344215	5.25648680768406	3.52937319441752	0.072581144832525	0.142849655148327	67418	Ppil4
67419	905.4	993	-0.13280352311172	4.71998913295706	4.11158971626541	0.0552467140300711	0.115746630611777	67419	3632451O06Rik
67420	2485.8	2163.6	0.199472225877597	6.71111360842071	17.3403048201248	0.000449740623834491	0.00240370805293945	67420	Far1
67422	3517.2	3414	0.0403863635039216	6.18787464461492	1.13703474787726	0.296967175940045	0.425281240566472	67422	Dhdds
67425	34.4	25.2	0.401185166739641	1.89661925460405	0.5473481171478	0.474621498925367	0.602934163828543	67425	Eps8l1
67426	2570.2	2778.8	-0.114887130982235	5.22266883856947	8.86143673960163	0.00658892031450594	0.0209310448848063	67426	Coq8a
67427	5781.6	5961.2	-0.0425698256254762	6.01335824677921	0.823325052209008	0.373602723612462	0.50695209980234	67427	Rps20
67429	965.6	953	0.018382770256799	4.06049326356774	0.120914655129375	0.731098073735673	0.817648681350621	67429	Nudcd1
67433	2711.2	2432.2	0.157902114060392	5.91454514882621	19.5015605520615	0.000186053659286832	0.00115814797214981	67433	Ccdc127
67434	6686.6	5325.6	0.328530848348681	7.12598016048877	26.7361441267318	0.000111955579982504	0.00075794189839209	67434	Ankrd33b
67437	8478.2	7849.6	0.112178088345136	7.01670661933015	13.5969994982598	0.00116655847561619	0.00517063361133286	67437	Ssr3
67439	764.6	815.4	-0.0933414051078024	5.36207947018125	5.17786979917082	0.0321642593070495	0.0753854717081391	67439	Xab2
67440	2171	2311.6	-0.0890423644797753	4.68673143680309	3.51882800826832	0.0729813209462482	0.143325001760472	67440	Mtpap
67441	160	185.6	-0.211394325864953	2.59569482184779	4.62351878924074	0.0419014998932392	0.0928759821280293	67441	Isoc2b
67442	531	523.6	0.0212766761553384	3.38122719412707	0.0878094364265568	0.769548519049897	0.84611701615299	67442	Retsat
67443	7568.6	6979.2	0.11820600099345	7.25173326765753	16.9035799832103	0.000402314043081662	0.00219850554960391	67443	Map1lc3b
67444	1403.6	1343.8	0.0626047689789495	5.28265997991271	3.31203895798791	0.081362652851343	0.156416973547164	67444	Ilkap
67445	2935.8	3063	-0.0628618867530155	6.34311241253098	0.850761166167803	0.370855393627069	0.504692953534098	67445	C1qtnf4
67446	1542.4	1744.2	-0.181338096209741	4.29437148367593	12.4495646937105	0.00173103067880465	0.0071100646295659	67446	Dusp28
67448	447.8	518	-0.212539278120163	4.21449821442574	17.2293413854009	0.000364166674053736	0.00203073499489687	67448	Plxdc2
67451	342	111.8	1.58369034573255	2.98942069374184	412.231778950578	1.51654056072296e-16	5.4800193161724e-13	67451	Pkp2
67452	7994	7530.4	0.0863539240059396	6.96486033040814	7.76426825061039	0.0102879589827269	0.0301443663361717	67452	Pnpla8
67453	5623	5247.6	0.0981988813212542	6.83943310480335	7.12630809295479	0.0134579204196708	0.0374943681083117	67453	Slc25a46
67454	320.4	326.4	-0.0281440128249722	2.96574026859068	0.188174607231638	0.689126246440693	0.784919682116137	67454	Ikbip
67455	177.8	183.2	-0.0457087936310069	4.27827533846001	0.486361243290686	0.492342636408262	0.617897062311801	67455	Klhl13
67456	1969.8	2033.8	-0.0478966965425851	5.20412408414604	1.05912264754082	0.313751051778289	0.444037765828198	67456	Ergic2
67457	84.4	88	-0.0614921726518633	3.47968160976736	0.783280860428152	0.384985192274579	0.518332769836734	67457	Frmd8
67458	6374.8	6316.6	0.0119844742452675	7.13038309951254	0.188308686166567	0.668232503878934	0.767471800640931	67458	Ergic1
67459	1270.8	1452.6	-0.191564549138937	5.91116561435363	30.4053119212644	1.1666846194462e-05	0.000120624173744459	67459	Nvl
67460	372.6	421.4	-0.171231966261423	3.88189179944396	6.52102754824438	0.0174880385398973	0.0460926530006702	67460	Decr1
67463	803.6	749.2	0.0995065245432908	4.98804563402248	5.53888830188821	0.0271925624205918	0.06581401494093	67463	Poc5
67465	2544.6	2397.6	0.0845057951253183	6.27897508595552	3.92388817374656	0.0592623999195824	0.12196763896307	67465	Sf3a1
67466	879.6	840	0.0673436465924244	4.90906385558445	2.30995339153047	0.141709296669838	0.242111840906127	67466	Pdcl
67467	1910.2	2015.8	-0.0780114849067594	5.36979659447796	3.49216679968899	0.0740043750470557	0.1449412538888	67467	Gpalpp1
67468	15335.2	13375.2	0.197894416419534	8.13611078795204	52.9778019492381	1.68531266177609e-07	3.91003358159095e-06	67468	Mmd
67469	726.4	717.6	0.0148763496627681	4.14566890458205	0.0507136177477977	0.823746641951572	0.883543111020095	67469	Abhd5
67471	894.8	892.8	0.0025592584611625	5.2211509099699	0.00298825430148173	0.956861251181978	0.973086084893007	67471	Gpatch1
67472	244	237.2	0.046241720049634	2.53185856192896	0.223500410058727	0.640688072554414	0.744488654879513	67472	Mtfr1
67473	9.4	9	-0.0908086744297766	1.88066367900399	0.456104297701296	0.505982646844881	0.630526181351489	67473	Slc47a1
67474	1544	1255.6	0.297476109121266	5.03558383071764	45.3226277948091	6.02260145634227e-07	1.0786949374222e-05	67474	Snap29
67475	2131.4	1910.2	0.161563687172635	4.49621834864138	12.3410631656035	0.00179819434871252	0.00731731450346024	67475	Ero1lb
67477	36	16.2	1.07257708987409	-0.143736448792046	26.2041348322476	3.14080355993201e-05	0.000270221277709865	67477	Abhd15
67480	770.6	672.4	0.198676266268598	4.25197120615052	16.4285714692406	0.000465954526799197	0.00247061875655011	67480	Cwc25
67484	406.6	449.4	-0.145437732212247	4.35661529920747	7.60845244872944	0.0109780550890492	0.0317226725823904	67484	Eepd1
67486	750.8	989.2	-0.408537346997767	2.74907603109805	24.2877568544563	5.08245799411572e-05	0.000394956171220154	67486	Polr3g
67487	1149.8	986.4	0.21802878245365	4.6590391203722	16.098679718324	0.000516572460929715	0.00267521976004232	67487	Dhx40
67488	1450	1421.2	0.0289064589521199	6.47723298382322	0.826419040619789	0.372415361518891	0.505895119628837	67488	Calcoco1
67489	422.6	429.2	-0.0184098392821337	4.06804261291591	0.106924187336977	0.746529121050287	0.828623246479868	67489	Ap4b1
67490	1167.4	1334	-0.197028720411136	5.10886649886517	21.1807188488953	0.000116040437983229	0.00077975290125969	67490	Ufl1
67492	374.8	413.2	-0.159761400016293	2.32184855423279	2.13730665878337	0.156820607502964	0.261590889884344	67492	Zfand4
67493	1138.6	882.2	0.371172144565577	4.35043518319232	46.421367356923	4.97325035322352e-07	9.27527233619261e-06	67493	Mettl16
67495	2893	2715.8	0.0913091213234471	5.66220404738837	6.46675120821619	0.0179101086252061	0.0468972300849146	67495	Tmem167b
67498	4202.2	4646.2	-0.145368798951419	6.47371326629268	8.12888251147107	0.0098725637823815	0.0292309590722854	67498	Kcnv1
67500	1920.8	1610.6	0.252431336223235	6.03204471463903	34.2872886466335	5.00639907879473e-06	6.02518670149034e-05	67500	Ccar1
67501	2623.2	2570.2	0.0277706931383114	5.87958107992624	0.301454686365288	0.588606232138908	0.701809573104142	67501	Ccdc50
67509	207	187.2	0.142641565038551	2.63386022805903	3.17072028915774	0.0877266476959998	0.16586065045134	67509	Saysd1
67510	1332.2	1261.2	0.0896427686889486	4.39351217198119	1.91147163076645	0.179981115789599	0.289984065056612	67510	Tvp23b
67511	2611	2201.2	0.247806855645011	6.03894423582566	42.6876077112411	9.65723604874223e-07	1.58260419329388e-05	67511	Tmed9
67513	217.2	227.2	-0.0658157604575424	3.24647267308349	1.03673601005778	0.318811047356351	0.449614096837613	67513	Faap20
67515	1230.6	1079.4	0.193267679508628	5.35175093299908	23.6174087791998	6.04353021740363e-05	0.000458065997705045	67515	Ttc33
67516	1081	1034.6	0.0615956175766108	4.52485106890528	1.24181247747374	0.276238230795483	0.402738288069187	67516	Kctd4
67525	804.8	966.6	-0.265848526074008	4.24334237718379	19.8769215148462	0.000167135026047154	0.00106094407838628	67525	Trim62
67526	4903.6	4181.4	0.234554744435279	5.84111447220783	43.5645695856876	8.23548219852667e-07	1.397132156074e-05	67526	Atg12
67528	80.2	78.6	0.028464930789483	1.77319401666506	0.0807717147076737	0.779595762900057	0.852817464387908	67528	Nudt7
67529	9375.4	7583.8	0.307714448301328	7.10268117366304	90.7705989325747	1.34708170112227e-09	8.57740921058205e-08	67529	Fgfr1op2
67530	1771.4	1817.4	-0.0356730357500612	4.95661227353223	0.310422264632196	0.583429009883214	0.697176530632412	67530	Uqcrb
67532	311.8	333.4	-0.103829881151195	3.79592923481248	2.36424121447536	0.137320861141691	0.23623372136896	67532	Mfap1a
67533	632.6	700.8	-0.144184094278164	5.34957854396305	8.92978665169558	0.00641262987767447	0.0204564449904893	67533	Ppfibp1
67534	76.4	77.8	-0.0208570436602262	3.4548161363083	0.0704686979047385	0.792939137297802	0.861959950524249	67534	Ttll4
67538	303.6	276.4	0.128222282669511	3.41985108320546	3.14609010440216	0.0888935266307903	0.167565197220909	67538	Zswim3
67542	1715.2	1582	0.117413283098467	5.40895846314382	8.51225343522635	0.00757668585439067	0.0235259757979297	67542	Cog6
67544	2343.4	2117.2	0.14660595001731	6.22234870128172	19.6484346011832	0.000178387187844662	0.00111910087374424	67544	Fam120b
67547	93.8	132.6	-0.496400418052568	1.89378099169257	22.7279033643586	7.63605196634717e-05	0.000549228569281899	67547	Slc39a8
67549	402.6	360.2	0.158144929447239	4.47364295404925	9.43269375894774	0.00526401785416449	0.0174469420004801	67549	Gpr89
67552	127.4	139.6	-0.133544579999189	0.580776742854337	0.7050992695966	0.409423254853145	0.542370426693004	NA	NA
67553	117	144.6	-0.308898599944273	2.05953703682953	10.2239566931168	0.00388741928763893	0.0137448039098662	67553	Gstcd
67554	83.6	75	0.142724220622912	2.25411182808063	2.2789217378405	0.1442926801483	0.245307739221775	67554	Slc25a30
67556	164.2	141.8	0.209830654479131	2.846260319167	7.83212771609851	0.0100024689526188	0.0295052420900309	67556	Pigm
67557	1841.6	2001	-0.11980673782108	5.12808793155789	6.41127518979926	0.0183531951340239	0.0477406675850555	67557	Larp6
67561	2031.8	2054.4	-0.0175080468304899	6.38869544605216	0.199113673296124	0.659466588702526	0.760425215245816	67561	Wdr48
67563	926	891	0.0557729431176797	4.8197864347985	1.36243445030963	0.254666300855974	0.379049192932988	67563	Narfl
67564	4731.6	4800.8	-0.0193349276987796	5.56070057226866	0.266823350072835	0.61023265078458	0.720495240519549	67564	Tmem35a
67568	23208.6	22823.2	0.0245983262391906	7.50958447653748	0.371442225838536	0.548178565709249	0.667456236943938	67568	Mrfap1
67569	227	226	0.00566367463231504	2.64754740326133	0.00330679669657381	0.954622715449713	0.971629142984046	67569	Mgat4c
67574	236.6	210	0.169690961995643	3.04927457205251	4.68897166069101	0.0405953286854117	0.0907321603245618	67574	Alg13
67576	522.6	565.6	-0.122317694426106	3.57076392951745	4.27336146581934	0.049744161882743	0.106503053748062	NA	NA
67579	452.8	605.4	-0.414727885709699	5.22974573381461	50.2800075077843	4.62750007029938e-07	8.74325307400094e-06	67579	Cpeb4
67581	1450	1486	-0.0359228261982097	5.37492638379976	0.730179774060401	0.401336244216337	0.534205816668752	67581	Tbc1d23
675812	370.6	358.2	0.0438586977868157	2.89246578116912	0.344973715425239	0.562498048290852	0.679660064941288	675812	Zfp605
67582	1061.4	1176.4	-0.149733393537206	3.89549292358263	5.91958638270795	0.0228575097678291	0.0572189896404921	67582	Slc25a26
67586	773.2	886.2	-0.196453203622576	4.09589469053778	8.72761784231751	0.00694968113638214	0.0218371067707103	67586	Ubxn11
67588	2635.6	2567.4	0.0363381992033459	6.41646819404533	1.21106057149063	0.282117648615144	0.409189452477464	67588	Rnf41
67590	1196.8	1372.4	-0.195188922205058	5.14403184038017	16.7825217882037	0.000417581075915098	0.00226565948621503	67590	Tctn3
675921	17.8	18.6	-0.0376924743384829	0.328374326110269	0.0491593177890745	0.826422152966241	0.885126146671746	NA	NA
67602	13240.2	12904.2	0.0366940879058591	7.41649893632858	1.48019307027635	0.235660512145741	0.356985463671085	67602	Necap1
67603	1406	866.2	0.693650042415348	6.10664647887049	38.9937164226871	4.94527370486752e-05	0.000387166221557296	67603	Dusp6
67604	1406.2	1451.2	-0.0464785578178227	4.64662853305686	1.02110556517601	0.32241038365583	0.453495492931235	67604	Get4
67605	764.4	707.8	0.112583685089901	5.15344471468196	5.49033288750714	0.0278084384916235	0.0669793650988044	67605	Akt1s1
67606	288.4	156.4	0.857767038706695	1.33754577115222	32.1721430036459	7.92270385459721e-06	8.75495118611223e-05	67606	Fibin
67607	212.2	173.8	0.288723342420066	1.80994732086025	5.85699109687428	0.0235141751837064	0.0585630697451705	67607	Zfp788
67608	2738.8	2275.2	0.269305411767043	5.58205213897624	33.1095596964379	6.43016075221509e-06	7.41160529888606e-05	67608	Narf
67609	799.8	760.6	0.0717104997904379	4.03111834737683	1.79996960194162	0.192365319380086	0.305443076603291	67609	4930453N24Rik
67610	971.8	948.8	0.037025581091246	4.74253935315708	0.65756300624815	0.425448763195136	0.558165485157818	67610	Rspry1
67615	2949.4	3055.4	-0.0531801476351471	6.09829414075198	1.87587125155134	0.183576548655054	0.294235466207601	67615	Ube2r2
67618	1587.6	1327.4	0.264741900391692	4.52656235333763	19.4169758504471	0.000190768126128693	0.00118231630604482	67618	Aasdhppt
67619	713	658.6	0.113721658606941	4.69736334147573	6.46587182063529	0.017917039212584	0.0469068800541005	67619	Nob1
67621	281.6	326	-0.213190539474849	3.45421607760639	8.88667745631225	0.00652320654908104	0.0207679355639686	67621	Bend5
67622	416	443.2	-0.0834600276068335	3.41237939699136	1.12520287934347	0.299436723202531	0.428096775189851	67622	Mxra7
67623	1244.6	1277.2	-0.0377708142853531	5.03429735438	0.866376092081777	0.361297237165121	0.494619271262043	67623	Tm7sf3
67628	795.8	850.2	-0.0912814775737954	4.39982113508152	3.5656788417398	0.0712224369751012	0.140812959477808	67628	Anp32b
67630	4460	4316	0.0476262263781342	6.42774333712943	1.80404965689812	0.191879919558892	0.304839784271734	67630	Samd8
67636	161.2	178.2	-0.147142440573637	3.72080771499426	6.13503522637586	0.0207482559003388	0.0528636155091657	67636	Etfrf1
67647	18.4	22	-0.256615789465051	0.283548387869706	2.69432929318103	0.114981219333519	0.204647031676725	67647	4930523C07Rik
67655	734.8	747	-0.0247218657740602	4.19209548039771	0.293024502915151	0.593315274859772	0.705477046958139	67655	Ctdp1
67657	457.6	545.4	-0.247217697650302	2.85214513403262	9.51412274921529	0.00510024152810253	0.017052715948923	67657	Rabl3
67661	2886.8	2597.4	0.15398959506979	6.62258801601837	23.4810897675635	6.26217395916062e-05	0.000469468166004708	67661	Ift172
67664	36	25	0.52023385445996	0.182678384836813	7.98991493740494	0.00937177585987522	0.028028067096759	67664	Rnf125
67665	5222	5093	0.0365449736463873	6.60184485769251	1.45708190795126	0.239243710867296	0.36134050124095	67665	Dctn4
67667	71.8	73	-0.0156688175237108	3.16140444488423	0.0415799489350578	0.840154375883477	0.894819198955109	67667	Alkbh8
67669	1504.6	1542.6	-0.036784538004743	4.42011045907631	0.288607280616136	0.596532805968435	0.708419222146317	67669	Hikeshi
67671	1182.4	1157.8	0.0239722731499896	2.73412127652762	0.0912904906557181	0.765164925642541	0.842835988053444	67671	Rpl38
67672	3.4	10.4	-1.50993514086465	0.329902422369261	55.25342300801	1.18336950072971e-07	2.94903840750815e-06	NA	NA
67673	1851.2	1872	-0.0159425491864324	5.96584077981044	0.125933107838069	0.725815692363212	0.812873083636903	67673	Elob
67674	255.6	241.6	0.0793794967379613	3.06858169835096	1.22845734938399	0.278771538826541	0.405695820534338	67674	Trmt112
67675	1504.8	1451	0.0564487493854953	4.82519634237098	1.25731489689487	0.27333543973861	0.399756192045114	67675	Cuta
67676	142.2	146.4	-0.0435304393332593	3.19001558303325	0.388493665751227	0.539014131787579	0.659855192754947	67676	Rpp21
67678	345.2	333.2	0.0482111603008173	3.7861068854527	0.713101570078937	0.406816399490847	0.539956312051488	67678	Lsm3
67680	5182	5463.4	-0.0776125531744079	6.81330476411053	5.21724874256209	0.0315754925818258	0.0741739265037722	67680	Sdhb
67681	1199.4	1087.4	0.138658129816066	4.81055481144169	9.29709057432531	0.00554969965503674	0.018234907663992	67681	Mrpl18
67683	456	401.6	0.178592844222913	2.99021661423022	6.07107136812313	0.0213510036413637	0.0540373676470444	67683	Pbdc1
67684	10173.2	11064.8	-0.121587142301158	7.54678326655457	20.4810927528637	0.00014093282984224	0.000917173850760802	67684	Luc7l3
67685	358.8	542	-0.592220173468058	1.21788596845519	20.2499007112069	0.000150390432076653	0.000969988088012471	67685	Dyx1c1
67689	66.8	80.2	-0.268367074260012	2.22397093607097	10.6825765669868	0.00327381713210951	0.0118834135679334	67689	Aldh3b1
67693	539.6	581.8	-0.110514057067628	4.89571284981207	5.62686668851434	0.0261149562190946	0.0636965199444471	67693	Hypk
67694	1200.2	1167.2	0.0413024683696477	4.58675057504692	0.659814064267181	0.424668236132713	0.557456605672712	67694	Ift74
67695	414.8	431	-0.0573290174512284	3.88653964711314	1.03165048508775	0.31997605228888	0.450949089292459	67695	Ost4
67698	958.6	976.4	-0.025114090682163	5.14385372846999	0.219147518857334	0.644003998455348	0.74694541756328	67698	Fam174a
67702	616.8	589	0.0685750006935887	4.65351939556944	1.21526175387215	0.281829572130161	0.408992433290095	67702	Rnf149
67703	767.2	824.2	-0.106923432353026	5.41630592311209	6.90096184523055	0.0148240509037216	0.0404506006725302	67703	Kirrel3
67705	282.8	310.2	-0.127323155662228	3.62790920617872	4.20830205260707	0.0513767625048951	0.109350570644346	NA	NA
67706	209.2	201	0.0458615829194714	2.25622069626071	0.23885200962468	0.629505220812355	0.735559293583005	67706	Taf6l
67707	586.6	539.6	0.121998197645447	4.30950838725288	6.97647706839891	0.0143498987606127	0.039415483513405	67707	Mrpl24
67708	1918.8	1845.2	0.0563259471435982	5.40989496215691	1.66520994002745	0.209285476435475	0.325620266566023	67708	Pcnx4
67710	3254	3177.2	0.0360626334596168	5.81104964342057	1.02859161388225	0.320679598408833	0.451632360460029	67710	Polr2g
67711	425	491.8	-0.205665913804225	3.05821136800086	8.20296003233378	0.00858858955420169	0.0260961684709757	67711	Nsmce1
67712	1137.4	1102.4	0.0456064785829543	5.47634972738846	1.56181040283693	0.223538479157572	0.342378422988613	67712	Slc25a37
67713	163.2	203.2	-0.296512479299891	1.93591190729406	7.76462676213257	0.010286427321492	0.0301443663361717	67713	Dnajc19
67723	722.6	896.2	-0.303399431937632	3.60753098351531	24.5899442919455	4.70468837283411e-05	0.000372407260355664	NA	NA
67724	650.6	596.4	0.124978642074815	3.39641255505438	4.10539728322367	0.0540841199728829	0.113838920938991	67724	Pop1
67725	702	694.6	0.0184807408673572	3.04475382789835	0.0530814839995868	0.81975237149441	0.88085001926088	67725	Nudt13
67726	1497.2	1347.8	0.152746125770485	5.26877171524722	12.9670139445171	0.00144626064892328	0.00612309649078416	67726	Fam114a2
67727	898.2	1023.2	-0.185028783041986	4.97467362652874	12.9010077096327	0.00147956038075462	0.00624396080100068	67727	Stx17
67728	365.4	335	0.120243963933962	3.55006193827857	2.70785572697754	0.112986095050275	0.201941513275216	67728	Dph2
67729	331.2	477	-0.549546351984194	3.45791681591839	48.2578907601043	3.63585039048902e-07	7.15975225396843e-06	67729	Mansc1
67731	1180.8	1389.2	-0.23927052962275	4.51775680003075	5.96516769693258	0.0273966663395836	0.0661639791599569	67731	Fbxo32
67732	179	186.2	-0.0555557593286422	2.85589897598338	0.517084892663359	0.479082385838211	0.606827669569724	67732	Iah1
67733	335.2	348.2	-0.0338846355399541	1.52974971886825	0.115956256959447	0.825084563201202	0.884387282306985	67733	Itgb3bp
67736	324.2	325.2	-0.0040437865987415	3.90856186793995	0.0052079446187575	0.943072167452468	0.964082686778271	67736	Ccdc130
67738	1667.8	1481.2	0.17188004166738	5.66415674462734	13.1040847401624	0.00138896362611222	0.00593264782855381	67738	Ppid
67739	3489.6	3644.2	-0.0638833692111928	7.28274148725671	3.41771405798385	0.0769492829869544	0.14944451236303	67739	Slc48a1
67742	43	54.8	-0.355188321168356	0.409236121365226	4.58988694151824	0.0425909630219452	0.0941587304250835	67742	Samsn1
67753	76	98.6	-0.37403479510673	1.05072183761495	6.18279480700546	0.0203105106654136	0.0519405734532711	67753	Eqtn
67755	1483.8	1422.4	0.0599665193437263	5.47271428073413	1.92712416247448	0.177918984155342	0.287302088814805	67755	Ddx47
67759	573.4	574	0.0106010137762061	3.49886296159005	0.0218275161649809	0.883790148020811	0.925808291019917	67759	Plgrkt
67760	6191	3920.4	0.658754999664424	7.17611024599337	153.10956791122	3.62830989683005e-10	3.36176866979368e-08	67760	Slc38a2
67763	2440.8	2310.4	0.0768535327837777	5.22129464500376	3.24549911410501	0.0842905510084523	0.160751500762128	67763	Prpsap1
67767	1886	1674	0.173644137471669	4.44198256531411	12.5787072707344	0.00165463743697773	0.00684687360838137	67767	Jagn1
67768	625.8	679.8	-0.111291303723763	3.37377142661262	2.88379626569564	0.102500264725895	0.187441653131084	67768	N6amt1
67769	714	691.2	0.0438676369414835	4.401698233825	0.982026403164104	0.331657777374526	0.463033083567218	67769	Gpatch2
67770	128	93	0.451896277695663	2.76786681440436	25.9772307948991	3.32157057343328e-05	0.000283411930746191	67770	Caap1
67771	4118.8	3038.6	0.439469519860075	5.98149782339703	92.450509624229	1.3744848402913e-09	8.71351047437298e-08	67771	Arpc5
67772	3737.2	3757.4	-0.00650538076986547	7.20192469241632	0.0295607317389197	0.864942847636846	0.912346487611689	67772	Chd8
67773	1005.6	909.4	0.154160273111934	4.23389983892791	7.8764485397715	0.00982072158029248	0.0291117124121303	67773	Kat8
67774	1714.4	1840.6	-0.103399517864338	4.90216647534935	5.68545162744636	0.0254237636150108	0.0623473157942595	67774	Borcs5
67775	60.8	85.2	-0.490327401266707	0.93908102757388	10.0905285550439	0.00408880928091394	0.0143208012351697	67775	Rtp4
67776	168.8	176.8	-0.0594236354202486	3.13750855176832	0.660063590718939	0.42458185268116	0.557413675338335	67776	Vwa5a
67778	1607.4	1808.4	-0.168145042227807	4.76748362076214	16.4623015776391	0.000461091576330063	0.002451551525612	67778	Zfp639
67781	2555.4	2817.2	-0.144105313379033	6.19000955156627	16.7485659749255	0.000421975783033414	0.00228435878949999	67781	Ilf2
67784	4000.8	4083	-0.0238053834715565	7.02076781943143	0.119241321329458	0.734921284579596	0.820417064273297	67784	Plxnd1
67785	1861.2	1964.8	-0.0780989068206157	5.95558655089186	5.83366516354318	0.0237642178617212	0.0590591480353024	67785	Zmym4
67788	2943	3047.2	-0.0535083008501845	6.52438021944046	1.21908506568012	0.282146538583653	0.409189452477464	67788	Sfr1
67789	1057.8	909	0.217990760794444	5.86713096852458	27.5611564232486	2.25988291331047e-05	0.000206157892800802	67789	Dalrd3
67790	3506.8	3349.8	0.0653397074293217	5.81234299249584	2.90813448177194	0.101140792191836	0.185330756889047	67790	Rab39b
67792	5064.2	4274.2	0.244876947834699	7.02940033517217	59.715502636578	6.09125104655908e-08	1.71958872318291e-06	67792	Rgs8
67795	24	38	-0.63897207441485	1.01436724340151	19.289552966028	0.000197758912693746	0.00121582616932174	67795	Rnls
67797	444.6	404.8	0.137408815718034	3.99267699446291	6.77394504082352	0.0156611147755886	0.0422718492934375	67797	Snrnp48
67800	1343	1422.2	-0.0820255637774533	5.61615484368718	4.18027423918727	0.0520986679465936	0.110675212595541	67800	Dgat2
67801	87.8	126.6	-0.541872088180244	4.53860037229389	83.7442159777037	2.88496264297499e-09	1.57355660534191e-07	67801	Pllp
67803	1432.8	1248.2	0.200038359047673	5.94851200436795	23.6098364410124	6.05545550628051e-05	0.000458722656087899	67803	Limd2
67804	3022.8	3059.6	-0.0175804922814689	5.77604848099311	0.252618385480913	0.619851936208138	0.72820169338859	67804	Snx2
67808	5790	5739.6	0.0122851009517091	7.09275212093299	0.140564432655344	0.711037436251109	0.801782033486033	67808	Tprgl
67809	1658.6	1524.2	0.0660794750979195	5.40061410548341	0.0544630483885676	0.819682647254138	0.88085001926088	67809	Rmdn3
67811	3675.8	4002.8	-0.122631272184104	6.51013932939939	14.3916270535013	0.000894758795105097	0.00418027865250707	67811	Poldip2
67812	2327.4	2128.2	0.130956649427999	6.14265886448789	16.52963551501	0.000451548299190608	0.00241014738423229	67812	Ubxn4
67815	665	557.2	0.255463865419016	5.60470134599016	34.3520667729112	4.93871100107022e-06	5.95363876642777e-05	67815	Sec14l2
67819	673	637.8	0.0828931896590745	3.72478679049471	1.73267331811129	0.200594251136132	0.31547344100824	67819	Derl1
67824	111.6	124.8	-0.169357012393175	2.91395579822295	4.96655146779977	0.0355409757710295	0.081603529354069	67824	Nmral1
67826	18281	18818.8	-0.0413299221314055	8.54078254214999	2.04743977988685	0.165449435549404	0.272214700219816	67826	Snap47
67830	5270.6	5018	0.0722657067475388	5.97950283576821	4.40105872646038	0.0467069985081801	0.101260380446563	67830	Rer1
67832	1575.2	1454.6	0.115218640920571	4.24463045015316	4.54873124684244	0.0434520719673119	0.0955800103813006	67832	Brix1
67834	8599.6	8488.6	0.018418534571679	7.85824942187545	0.438115432896038	0.514385411237033	0.638125305323953	67834	Idh3a
67836	726.4	776.2	-0.0931954493634125	4.40680326268333	3.09346582218443	0.0914471484207078	0.171281208147326	67836	Wdr83
67838	3829.2	2902.8	0.401493330829658	5.95551023329494	86.3316487479778	2.16703121312656e-09	1.26810806293649e-07	67838	Dnajb11
67839	893	1014.6	-0.187099114501107	5.55667510625071	14.9875365006108	0.00074033993990779	0.00358608360972761	67839	Gpsm1
67840	693.6	770.4	-0.157746056476244	3.77094981572352	7.11561259933222	0.0135195217114435	0.037636973578044	67840	Mrpl57
67841	1416.2	1413.4	-0.00131272527688114	5.43175399276378	0.000984390523871556	0.975231850310657	0.984907851061363	67841	Atg3
67842	419.6	385.6	0.111580514384526	3.37346741535017	2.46221203371704	0.129802085909159	0.225744116199132	67842	Nop9
67843	1308.6	1282.4	0.0293496667077508	5.45618159971332	0.660781264468844	0.424333553372809	0.557347688261009	67843	Slc35a4
67844	50.6	46.8	0.113267661348743	0.321856543128439	0.501387134851572	0.485761890180161	0.612884284275843	67844	Rab32
67845	4371.8	4137.8	0.0808732468023369	6.15379980972674	5.04341289967381	0.0342689386682874	0.0794041743365544	67845	Rnf115
67846	250.2	225	0.153755658051985	3.10010636618743	4.40613551231945	0.0465906446352816	0.101053598072983	67846	Tmem39a
67847	29.2	35.2	-0.26104102261775	1.65756040089954	5.57598022272925	0.0267323189944528	0.0648387403526611	67847	Sncaip
67848	605.6	630.2	-0.0544303994876626	4.69921629269081	1.41170470175712	0.246483738145064	0.369457217789977	67848	Ddx55
67851	690.4	639.2	0.116916869350584	4.27756900173036	4.77573636505157	0.0389337270250481	0.0877648300717476	67851	1700021F05Rik
67855	104.6	113	-0.0933639670386354	0.933877340766533	0.517244352994006	0.492011375519541	0.617783136067203	67855	Asprv1
67857	1870.2	1699.2	0.137254951242151	5.03573133110691	10.5962572750346	0.00338068355265386	0.0122252689692417	67857	Ppp6c
67860	667.2	889.2	-0.41764951951558	4.81227188202809	72.0457579824901	1.15532422706547e-08	4.65511131272166e-07	67860	S100a16
67861	935.8	903.2	0.0528134027664278	3.82872159898583	0.841713786925426	0.368102006286644	0.501607089550972	67861	Akr1b10
67862	261.4	227.6	0.192487477536828	3.64196309370574	7.6961503733818	0.0105835869590797	0.0308293361359407	67862	2310033P09Rik
67863	4141.6	4485.4	-0.11497760813595	6.44951372179971	12.0084558578122	0.00202245034188631	0.00804195247362441	67863	Slc25a11
67864	2086.4	2108.4	-0.0164099831614305	5.33274566217402	0.118037966053049	0.734185874738818	0.819856141217742	67864	Yipf4
67865	326.2	356.8	-0.133565363540743	4.34131077046573	6.02412245698142	0.0218057795209509	0.0549957663925711	67865	Rgs10
67866	49	35.4	0.475837308181696	2.29372547518793	20.9233070496989	0.000124594169550898	0.000829136338254457	67866	Wfdc1
67867	963.6	1031.6	-0.098816059973697	4.37837174568304	3.24178408337376	0.084457556892992	0.160985035913399	67867	Lrrc28
67869	4416.6	4091.6	0.109760704655462	6.8493550762143	15.2368493960063	0.000679383057946914	0.00335032504932265	67869	Paip2
67870	1649.4	1631.4	0.0184672677540352	5.409703862063	0.251121410315536	0.620885391554017	0.728904926049526	67870	Enoph1
67871	564.6	531.2	0.0856109459279551	3.96272150984723	1.73190562434002	0.200690606396328	0.315508160197142	67871	Mrrf
67872	2433.6	2459.2	-0.0174289026439754	4.71360824846533	0.171448334325715	0.682531973650278	0.779440826943626	67872	Nsmce4a
67873	117.2	142.6	-0.292837025586007	3.11483317210584	14.6845199246579	0.000812697650193464	0.00386532801444433	67873	Mri1
67874	1490.8	1854.6	-0.308720435904156	5.71776363339734	16.9229115498607	0.000910138672954256	0.00424222650076776	67874	Rprm
67876	1019	1010.8	0.00818157697385651	4.65232216523499	0.0241240158855099	0.877878244145546	0.9216752000153	67876	Coq10b
67877	1730.6	1821.8	-0.0717976308819366	4.73636975491657	2.45111800291931	0.130628602450251	0.226853997334605	67877	Naa20
67878	3239.6	2748.4	0.23834928043048	6.58814181310473	53.4698396828298	1.55986384617019e-07	3.70826842640524e-06	67878	Tmem33
67880	62.2	64.4	-0.0518877048282189	1.53554918061467	0.210713126847365	0.650369740367864	0.752456914054038	67880	Dcxr
67881	1516.6	1616.6	-0.0902037283449496	5.06595849942286	4.31707335965148	0.0486801379254115	0.104674607791416	67881	Mdp1
67883	1434.8	1520	-0.0815598235601786	5.04007129785587	2.72725367307445	0.111770591035958	0.200438228639421	67883	Uxs1
67884	708.6	716.2	-0.0154991248822169	4.97518145352248	0.177428996623728	0.677368106822462	0.774855956828015	67884	1810043G02Rik
67885	634	624.4	0.0228468480533465	3.99602775137142	0.115516126793566	0.736927713925325	0.821625515047567	NA	NA
67886	5406	5270.4	0.0354806216440678	7.67775438162332	1.56183095932649	0.223535526537216	0.342378422988613	67886	Camsap2
67887	18996.8	17588.6	0.111971209485676	7.80784194801151	14.6405889480177	0.000824464879487926	0.00391356826539195	67887	Saraf
67888	298.4	264	0.181005867849708	3.38210575945562	6.64986440150265	0.0165295568377022	0.0440808513896952	67888	Tmem100
67889	3533.4	2926	0.272615307317499	5.66058994635612	55.0003265559455	1.23019665328065e-07	3.04995924983166e-06	67889	Rbm18
67890	2466.2	2159.2	0.192227879255921	5.82031991828068	23.8423161797744	5.70071315975657e-05	0.000436661939645583	67890	Ufm1
67891	10506.8	10748	-0.0329752858200436	8.09865962753076	1.38794398413796	0.250386894686505	0.374105041947359	67891	Rpl4
67892	490.2	429.6	0.195947591377891	3.46760419388823	9.0949157637581	0.00600771019737922	0.0194175856871465	67892	Coa6
67893	385.8	452.2	-0.227173372560797	3.81704004835485	11.3457668010823	0.00256598774790106	0.00970255558754808	67893	Tmem86a
67894	1120	1313	-0.22848468679293	4.87447356639794	25.2246537234354	4.00679230716211e-05	0.00032670011801447	67894	Fam45a
67895	4332.6	4301.8	0.00896909278877942	6.07962510485699	0.0537149976791823	0.818699730854033	0.880183214345803	67895	Ppa1
67896	513.8	621.8	-0.274463483249016	3.19287956546814	13.0567699228269	0.00140228454551612	0.0059736577721456	67896	Ccdc80
67897	3407.8	3489	-0.0333457430865126	5.95893324425141	1.0735230678615	0.310553883990085	0.440721240961481	67897	Rnmt
67898	2275.6	2334.8	-0.0389051743659205	5.81772169758165	1.15379798264869	0.293514864452128	0.421841886327042	67898	Pef1
67899	456.6	495.2	-0.117560602440712	3.3417657394534	2.94588875214018	0.0990731289943987	0.182142331020738	67899	Cmc1
67900	2771.6	2691.8	0.0457615290149883	5.60804486159562	1.02272559286916	0.322034745073533	0.453187635604405	67900	Mtfp1
67902	597.8	626.2	-0.0653999197642738	3.63622347524555	0.9417862366335	0.341569077440564	0.474259312711423	67902	Sumf2
67903	936.6	901.4	0.0537995491389416	6.04830727042259	1.88469968057186	0.182586528234806	0.293103696035749	67903	Gipc1
67905	1252.4	1399.8	-0.15707292716582	4.35811978177294	6.47544362650013	0.0178417617918734	0.0467945608673087	67905	Ppm1m
67911	180.2	156.8	0.204600062193591	3.00124132508469	6.74674454255648	0.015847083546904	0.0426505449589578	67911	Zfp169
67912	454.6	473.2	-0.059549252489158	4.31299386612211	1.44408841533551	0.241288757748784	0.363745948168513	67912	1600012H06Rik
67914	913.2	911.4	0.0016617556395608	5.68915779906461	0.00244083104187048	0.961008594006392	0.975617752949156	67914	Coq9
67916	4331.4	5486.4	-0.339598944901936	7.64570494557717	96.3503110304084	7.60422541293003e-10	5.72455594367139e-08	67916	Plpp3
67917	218.2	238.6	-0.145577636141826	2.47982466439344	2.63007070195772	0.118018151306697	0.208690281256055	67917	Zcchc3
67920	973.8	980.4	-0.00983812804873355	4.61904933871452	0.0363315632164574	0.850447343094134	0.901596442502758	67920	Mak16
67921	585.6	555.4	0.076324564370228	4.50469462996166	2.39410334275369	0.134975719327641	0.232975763931422	67921	Ube2f
67922	902.4	985	-0.126058587597797	5.98704687952085	12.5100508910927	0.00169478170291988	0.00699097452454451	67922	Fam32a
67923	2982.4	2850.8	0.0633518604045376	6.02768683405256	1.24164157657024	0.279344320398103	0.406365016811008	67923	Eloc
67933	732.8	663	0.148056218670385	4.69868173500894	7.14282136895051	0.0133634188179831	0.0372669989571924	67933	Hcfc2
67936	271.2	260.6	0.0610874620572894	3.2676984157545	0.886223927997761	0.355951101067794	0.489153566726934	67936	Wdr55
67937	13641.8	13295.6	0.0377998202752537	7.99947419339331	1.74735359802241	0.19876265474262	0.313295028533242	67937	Tmem59l
67938	6317.2	6228.4	0.0200675036127273	7.99517868799816	0.201533128995798	0.658288402592306	0.759551414629935	67938	Myl12b
67939	45.8	39.8	0.193351403566253	0.836303158076281	1.50005298401457	0.232635737124168	0.353595294212043	67939	Prorsd1
67941	405.8	374.8	0.117330352945989	2.5188027286985	2.2132362574215	0.149948631134281	0.252664667103626	67941	Rps27l
67942	27.4	36	-0.416561849954647	0.822034731849902	6.75318444649119	0.0158028346096446	0.0425753338562991	67942	Atp5g2
67943	1915	1882.2	0.0281019092931861	5.71417893931674	0.554975661204305	0.463578028844605	0.593022110710676	67943	Mesd
67945	1650.8	1731	-0.0680601085423322	6.91063728850893	4.14123081938203	0.0531234767020834	0.112258294188876	67945	Rpl41
67946	115.4	128.8	-0.148459834361258	1.57059137937135	1.58823880946391	0.219782617884443	0.337878957551769	67946	Spata6
67948	4797	4386.4	0.128504075963168	5.9774477391683	17.4507554534355	0.000340494119721074	0.00191274854506351	67948	Fbxo28
67949	947.6	904.8	0.0686980722897142	4.57818692069895	2.29552776771768	0.142903319719785	0.243501606687173	67949	Nifk
67951	140	116.2	0.264885203332829	2.42210979514906	6.70135410304831	0.0161628772672423	0.0433589881255977	67951	Tubb6
67952	17920	19491.6	-0.12158184952079	7.69645147850216	19.9621397231932	0.000163137951774545	0.00103830733375133	67952	Tomm20
67955	2720.2	2593	0.0663114454062142	5.76823102050397	3.31307658758241	0.0813179289952122	0.15638229719223	67955	Sugt1
67956	1521.2	1145.4	0.413168001293367	5.39348414617774	90.8137516959728	1.3409937138628e-09	8.57642616821813e-08	67956	Kmt5a
67958	2322.2	2288.4	0.0218715944640335	6.28683647649557	0.453709136674232	0.50706153183312	0.631489521033596	67958	U2surp
67959	4123.4	4181	-0.020490334618265	6.93915502023933	0.515764375190813	0.479638285126443	0.607225345819183	67959	Puf60
67963	994.2	1041.6	-0.0658820647685303	5.3771211824608	2.19110672828804	0.151913528595032	0.255500173216472	67963	Npc2
67966	290.6	230	0.347987697224535	2.27769442585205	12.0523699140297	0.00199116467127239	0.00794377426402734	67966	Zcchc10
67967	890.2	888	0.00247559217843085	4.98734595904437	0.00379604459290078	0.951385756632315	0.969564247787032	67967	Pold3
67971	122	113.4	0.102326802999494	4.51738658979769	2.6939836364489	0.114187523972534	0.203560245621486	67971	Tppp3
67972	18874	18085.2	0.0609287124993915	9.67148167196738	4.28523034625409	0.0494526812893046	0.106024719340827	67972	Atp2b1
67973	591.6	484.2	0.294288282228358	4.31257621911836	25.3025892396119	3.92916587698745e-05	0.000321951040736829	67973	Mphosph10
67974	9915	9415	0.0759170856614555	7.14747338824334	7.08906699066937	0.0136737618637592	0.0380004910553308	67974	Ccny
67976	309.4	285.2	0.112323111228496	4.01961683735962	3.67423686134703	0.0673296969229715	0.134417602116662	67976	Trabd
67978	644	624.2	0.0427541014395528	4.72535008290646	1.19715255742645	0.284831017753231	0.412024372558567	NA	NA
67979	4512	4634.4	-0.0391708075570107	6.86868234702034	1.23204704189624	0.278087620450312	0.404903643194198	67979	Atad1
67980	771.8	741	0.0596166763385866	4.47566247483581	1.41353595120083	0.24618617168581	0.369164324675454	67980	Gnpda2
67988	2931.4	2608	0.1689137455769	6.20566923552265	10.3840274397959	0.00429931122326451	0.0149165253051045	67988	Tmx3
67991	4649.2	5103.2	-0.134033293395265	6.82229855943396	8.84440926486474	0.00703491855360029	0.0220809365415285	67991	Nacc2
67993	216.2	217.4	-0.0111301226782522	2.46490873431636	0.0132667622126774	0.909266625662966	0.942301002926018	67993	Nudt12
67994	468.8	444.4	0.0815219012416168	3.86530542103466	1.74536972502295	0.19900896193984	0.313594322972213	67994	Mrps11
67996	7709.2	6339.6	0.283887936361816	6.95287223127057	64.5915305617814	3.06890136888355e-08	1.01505492873782e-06	67996	Srsf6
67997	329	360	-0.132851974263215	2.87503555043253	3.07815751102935	0.0922058197928646	0.172344875117815	67997	Ddx59
67998	7105	6505.8	0.129015652983833	6.32777969572385	13.0502442795866	0.00140543211046639	0.00598530221705396	67998	Retreg3
68001	688.4	748.8	-0.121491446347742	4.56818709785761	3.69956333095272	0.0668889060484571	0.133703809711575	68001	1110004E09Rik
68002	4999	5035.6	-0.0234484958135448	3.35692242132512	0.101089265708176	0.753296536680731	0.833638170215396	68002	Sdhaf4
68010	813	875.8	-0.11495074420114	1.21783921717393	0.827374876119181	0.372143661285637	0.505709703083998	68010	Bambi
68011	361.2	372.8	-0.0468493731583986	2.87631840471267	0.35450661150165	0.557187229021176	0.67523972568727	68011	Snrpg
68014	231	354.4	-0.620043834412101	1.66253387301019	34.5441754984036	4.7437454154258e-06	5.76500719848389e-05	68014	Zwilch
68015	1564.2	1619.8	-0.049437798483884	6.12738278018283	1.29508241420193	0.266428980885306	0.392235128306805	68015	Trap1
68016	156.6	179	-0.175253270936339	0.588605608328332	1.33553743277958	0.259281308689786	0.383993933150408	68016	Cavin4
68017	501.2	485.6	0.0489398770688237	2.25566241401961	0.35366980125262	0.5576495018136	0.675629999934097	68017	Mrm2
68018	6472.4	6311.6	0.0376295668892973	6.53465572336756	0.977888600417187	0.332658313053021	0.463981786825087	68018	Col4a3bp
68020	628.6	710.8	-0.185101660070298	4.36495327228281	9.03581541526783	0.00614931476820425	0.0198132402272903	68020	Apopt1
68021	1480.4	1539.8	-0.0634228904829756	4.21684372452605	1.3833766676993	0.251146247975988	0.37484165976604	68021	Bphl
68023	1087.8	1008	0.106349809025784	4.12068573181187	4.21749314842212	0.0511424942748709	0.10888402006908	68023	Pdf
68024	408.4	364.2	0.166858268544844	3.98883854900242	5.83282380766812	0.0237732918305697	0.0590715420524418	68024	Hist1h2bc
68027	6781.8	5365.8	0.340442405971703	6.40040693586965	63.0992254731236	3.92203423186356e-08	1.22174747386543e-06	68027	Tmem178
68028	3069.8	2923.8	0.0717726836785654	3.35550965840268	0.790341881269875	0.382885578795149	0.516300464179224	68028	Rpl22l1
68031	3307	3045.8	0.116726792633068	5.62244611677402	9.30021673253076	0.00554292530440288	0.0182250778775794	68031	Rnf146
68032	3669.2	3852.2	-0.0720900615946979	6.30157807728184	3.04416586406983	0.0939165752846649	0.174684104898282	68032	Emc4
68033	694.2	668.6	0.0568869458391532	4.12469032904521	1.39270457244967	0.249598549186423	0.37316532428465	68033	Cox19
68034	1245.6	1240.4	0.010272547163975	3.68290979331453	0.0316435048794576	0.860316216044456	0.909191386028118	68034	Fam122a
68035	1168.2	1123.2	0.0560605133362082	5.35810138791277	2.44318972738451	0.131223077789797	0.227694881917614	68035	Rbm42
68036	9144.2	8491.2	0.10802245457051	7.0901318705663	10.2018989255234	0.00391994897768419	0.0138395072113941	68036	Zfp706
68038	1231.8	1411.2	-0.197775018591514	5.65036372693731	25.8548130130661	3.42376433363636e-05	0.000290417192948239	68038	Chid1
68039	234.6	208.6	0.176069915320712	1.19730511001539	1.86225342437962	0.185116560579052	0.296407972372839	68039	Nmb
68040	536.4	478.4	0.149392100219016	1.90333422145774	1.93034459070937	0.177570648078732	0.286803681677281	68040	Zfp593
68041	843.8	1113.4	-0.398806861644338	5.98437588706543	79.8251829204416	4.51090907897171e-09	2.22527917499854e-07	68041	Mid1ip1
68043	1256.8	1132.8	0.146536303201634	4.13803422123751	5.34210589956326	0.0297868037753104	0.0707889611588846	68043	Eef1akmt1
68044	228	207.2	0.144832758898858	3.17008144501722	5.16028457770653	0.032431133274456	0.0759001943570252	68044	Chac2
68045	2135.8	2144.8	-0.00743534709168495	5.06392933332562	0.0210845981602971	0.885770233931965	0.927344847258628	68045	Rtraf
68046	884.4	851.4	0.0489245503002616	3.49495176826525	0.491395765200724	0.490096145187671	0.616185251044373	68046	2700062C07Rik
68047	2143.6	2201.6	-0.0378997205000107	5.86443998156933	0.949594445683119	0.339613851823046	0.471907192294781	68047	Mpnd
68048	86.2	92	-0.102778026832448	3.55605580231457	2.1226154052158	0.158193511394823	0.263212733245168	68048	Aen
68050	2611.8	2489.8	0.0642985497585419	5.95865984141885	2.29975957237258	0.142551812257801	0.243114859997986	68050	Akirin1
68051	1201.4	1104	0.129765891583305	3.8783064288609	4.82044210145281	0.0381074529280758	0.0862249725457746	68051	Nutf2
68052	50	49.6	0.0192830834595875	0.489541328121522	0.0155293317145033	0.901872500653081	0.938007513367294	68052	Rps13
68053	924.2	730.4	0.339522396721667	5.30669212080936	52.6973322941844	1.76168476717819e-07	4.0482339626063e-06	68053	Ubxn2b
68055	632.6	672.6	-0.0880749245824032	3.92777875894245	2.01493679335863	0.168710648251951	0.275790964695058	68055	Atp5s
68058	363.8	370.2	-0.0250092378997029	3.56292882397097	0.185162106174273	0.670841645028131	0.769856700058484	68058	Chd1l
68059	11478	11019.2	0.0578357502531515	7.10483245232791	3.21640142765787	0.0856088496724323	0.162729956944926	68059	Tm9sf2
68066	1768.4	1763.8	0.00478683261665856	5.45628752132705	0.0176568320636114	0.895405049136749	0.934091630914375	68066	Slc25a39
68067	182.2	220.6	-0.277625332353726	3.36660592071846	15.6401006070275	0.000597145764429291	0.00301051443287791	68067	Mrnip
68070	7263.6	4671.4	0.636651701817312	7.01265783401339	270.698103276884	1.6465175786171e-14	2.37987650813315e-11	68070	Pdzd2
68073	54.2	51.8	0.0856470309372474	2.20909966636962	0.82360079362672	0.373218138538814	0.506572915244626	68073	Fam173b
68074	14.8	16.8	-0.125818265014287	2.44829226058669	0.905769806842893	0.352373626401649	0.485622463387627	NA	NA
68075	470	559.6	-0.254278279448484	3.81675684286784	20.3257446439298	0.000147213885554085	0.000952048994093397	68075	Lurap1
68077	1205.8	1275.6	-0.0817640511867371	5.52846105504987	3.78749548622065	0.0635245034782087	0.128759384837194	68077	Nop53
68079	948.6	898	0.0749210238817053	3.54630751368998	1.20842902404778	0.282628414997519	0.409658153868245	68079	Pdcd2l
68080	518.2	519.8	-0.00442109292748524	2.86583720770654	0.00421712573168254	0.948764094561903	0.967791344490894	68080	Gpn3
68082	590.8	468.4	0.353110162733968	3.33882235606494	20.9894763850487	0.000122331810325888	0.00081595938461024	68082	Dusp19
68083	2079.6	2010.8	0.0491459542011753	5.37713750149706	1.67541961410489	0.207940546102853	0.323911267741204	68083	Pak1ip1
68087	414.4	336.8	0.302616828655529	4.80747104472036	40.7012102693553	1.39655008263176e-06	2.12929692978475e-05	68087	Dcakd
68089	6509.6	6389.2	0.0265874700637761	6.12476868989572	0.539421333252833	0.469840409588327	0.598860077618138	68089	Arpc4
68090	236.8	266.4	-0.166968021733374	3.24046612939053	6.11300630673041	0.0209536822586081	0.0532517565040624	68090	Yif1a
68092	4128.2	3850	0.100928788915707	5.68642580444901	7.03046343317333	0.0140211959241136	0.0387203603146996	68092	Ncbp2
68094	8069.4	8431	-0.063728129852555	8.59736606114525	3.44429472551411	0.0758827803215652	0.147786814581836	68094	Smarcc2
68095	14654.4	14732.2	-0.00848301784393217	8.18818958456334	0.104624691085863	0.749171064974935	0.83059895475552	68095	Ociad1
68097	31923.2	31777.8	0.00552075335700695	9.31447470183765	0.0369608441231475	0.849174124446054	0.900973559035695	68097	Dynll2
68098	1833	1664.8	0.140691602965838	4.74172827376851	11.3418326200126	0.00256965702436044	0.00971281972544606	68098	Rchy1
68099	2915.4	3052.8	-0.0668477908506416	5.8148313818438	3.1427168595981	0.0890547262027286	0.167777683086422	68099	Fam92a
68106	1059.8	1059	0.00441064262567622	5.16526792730385	0.0118250023409103	0.914317185771823	0.945827198797301	68106	Nt5c3b
68107	102.2	106.2	-0.0703901694261205	0.242017796432824	0.196349821902334	0.661681106212217	0.762431338424058	68107	Cntd1
68108	345.6	381.8	-0.143404364382207	3.03124759726364	3.360030322357	0.079323344587713	0.153342199100014	NA	NA
68112	3560.8	3426.2	0.0555112883423322	6.83717557977225	2.96054098635453	0.0982839159340803	0.181221548783161	68112	Sdccag3
68114	911	989.6	-0.120584363734517	5.16582037834006	9.1768444483496	0.00581729232376911	0.0188834247858995	68114	Mum1
68115	642.2	636	0.0150389109037997	3.50364562901742	0.0577520597688629	0.812140699783236	0.875759599721493	68115	Maip1
68117	195.4	223.6	-0.196149144060498	1.38947656669127	3.38496695994207	0.0782868864620174	0.151622491882889	68117	Apool
68118	462.8	404.6	0.195076656579557	4.41229993742401	14.2300986439651	0.000943846262650945	0.0043683489850646	68118	Atg101
68119	418.2	245.2	0.773363572704427	3.25661942107028	96.2282923878697	7.69768080511034e-10	5.76488488896709e-08	68119	Cmtm3
68121	695	820.2	-0.23451219869693	4.33600595376606	16.0363005403014	0.00052680085966492	0.00271554194921425	68121	Cep70
68126	796.4	1004	-0.342054183929896	3.81684473426736	42.5717026637399	9.86425373707507e-07	1.60560724679823e-05	68126	Fahd2a
68127	1142.2	1292	-0.182427131866852	5.29557722269211	16.2362724777532	0.000494767428107496	0.00258545495512138	68127	B230217C12Rik
68128	1076.4	1258	-0.220309353983283	3.74003699781304	11.9055070852488	0.0020979195190466	0.00828053761013096	NA	NA
68133	2581.2	2726.8	-0.0775338829792442	4.89862760324943	3.00890379716744	0.0957301764032699	0.177281738594857	68133	Gcsh
68134	781.2	799.6	-0.0318949067467665	4.85723804545436	0.614371508014068	0.440870237498246	0.572125912443855	68134	Upf3b
68135	3377.2	3553	-0.0726758155625291	6.33550185253838	4.71085786493674	0.0401688151805898	0.0899825065901926	68135	Eif3h
68137	1347.4	1305.8	0.0454593181147882	5.69002659783403	1.42284239967587	0.244681027133003	0.367659462123249	68137	Kdelr1
68140	535.6	462	0.206854565764098	3.20957213379722	9.32522084120219	0.00548906688421855	0.0180899352965547	68140	Tigd2
68142	767.6	824	-0.102776859473698	5.38530817617116	7.50178131854851	0.0114798542830005	0.0328834351578455	68142	Ino80
68145	1480.6	1382	0.0996584246152262	3.35580218516045	2.29959470624566	0.142565487293686	0.243114859997986	68145	Etaa1
68146	286.8	268.8	0.1025172957558	3.53784159097621	1.64814339736622	0.211777235982732	0.328930600568925	68146	Arl13b
68147	192.8	198.6	-0.0487351319808909	3.42879078577167	0.552200245026903	0.464685332310678	0.594175671728463	68147	Gar1
68149	3489.8	2127.8	0.720856550142037	5.57106178877814	99.4073060455683	3.15150392506181e-08	1.03304088730943e-06	68149	Otub2
68151	3770.4	5086.2	-0.434150543707665	5.58375618149543	112.105183108813	1.73051313343e-10	2.03356396996726e-08	68151	Wls
68152	1305.8	1273.6	0.0376322845146444	5.02530941733668	0.705781071274401	0.409200162149247	0.542124577791495	68152	Fam133b
68153	1204	990	0.284777230004536	3.83075729371654	21.6959558907543	0.000100774558429008	0.000694940585655004	68153	Gtf2e2
68161	49.6	50.8	-0.0307829473756262	1.77079412435424	0.0857960443419595	0.772127327220814	0.847791582167248	NA	NA
68165	1450	1484	-0.0328830097754973	4.84614196856647	0.437744736296188	0.514561804963469	0.638125305323953	68165	Fdx1l
68166	14745.6	12426.2	0.247837769872173	7.95969135706693	77.113328507496	6.20869876215742e-09	2.84890577486423e-07	68166	Spire1
68169	33.8	37.8	-0.168252630801185	2.77808606678456	2.25047638773538	0.148426741487753	0.25053837690809	68169	Ndnf
68170	1616.2	1616.8	-0.000663936880386713	4.06509678093391	0.000188632367850114	0.989156288100968	0.992867129234873	68170	B230118H07Rik
68173	112.6	122.6	-0.121794921977355	1.13145009978666	0.691646072213047	0.413863438445395	0.54639953775025	NA	NA
68176	4.6	4.2	0.0748199090910349	0.569486562000257	0.296030653815161	0.613952576925265	0.723882090454179	68176	Fam212a
68177	407.4	450.2	-0.146165910842921	2.99056302975385	4.01098390125372	0.0567106946857937	0.118111870459433	68177	Ebpl
68178	216	247	-0.195345554915832	4.30416652607973	14.4687754754321	0.000872301805051091	0.00409093130766012	68178	Cgnl1
68180	358.2	384.4	-0.0975003362786089	2.8477315672391	1.69319471402347	0.205624571184755	0.321342583187853	68180	Hyi
68183	960	945.6	0.0204994949065766	5.33277818887786	0.129527057485444	0.722447495878045	0.810482467046046	68183	Bcas2
68184	3272.2	4036.4	-0.301976745939914	5.90616965863034	70.4777588731618	1.40960092598447e-08	5.44647251657516e-07	68184	Denr
68185	44	37.8	0.223965475212385	1.38392417951377	3.01967598738742	0.0951718763210854	0.176473932051952	68185	Coa4
68187	979.8	1189.2	-0.281056100400387	5.13906365262486	32.3026190712329	7.65700498872497e-06	8.54977318809432e-05	68187	Fam135a
68188	3958.2	3708.8	0.0934527839469116	7.31704788931402	8.04960345812271	0.00914471278585837	0.0274398336323016	68188	Sympk
68190	4.4	4.4	-0.0190256625819033	0.675100226665449	0.0179355010832596	0.914004900275797	0.945827198797301	NA	NA
68192	5991.2	5132.8	0.22491862274238	6.20062522945681	40.3425788333226	1.4945901821697e-06	2.23757026570753e-05	68192	Leprotl1
68193	413.6	445.8	-0.0881929881774765	1.33414137831959	0.440475021769399	0.513265142417793	0.6371840907418	68193	Rpl24
68194	997	1144	-0.211451429396501	2.03430830428557	3.17641398108503	0.0874594213057914	0.165528149214863	68194	Ndufb4
68195	45.8	56.8	-0.309160656472219	1.68563306093318	8.0172195815342	0.0092671446393216	0.0277381049113179	68195	Rnaset2b
68196	6500.2	6300.8	0.0448512198112628	7.63980514230399	2.16213480394252	0.154532783969135	0.258790042809625	68196	Hsbp1
68197	4046.2	4037.6	0.00416891038695466	5.79348519337189	0.0102442984207044	0.920227497327855	0.949638868808006	68197	Ndufc2
68198	5781.6	5805.6	-0.00897443481613612	5.19265263659111	0.0340173109399783	0.855230985266095	0.905074583470211	68198	Ndufb2
68201	100.6	109.8	-0.125781501607504	2.84661448284164	2.98428930214176	0.0970201832653711	0.17928020057756	68201	Ccdc34
68202	1120	1154.4	-0.0464817137061128	5.65569803156624	0.940267939937272	0.34202337178707	0.47466210425447	68202	Ndufa5
68203	22389	26174.2	-0.226379689561011	8.8952030908991	59.1249980179719	6.63680863242958e-08	1.85907813901429e-06	68203	Diras2
68205	834	867.8	-0.0525214855616998	5.05160307296934	1.50421035840088	0.232008792703119	0.352809583348856	68205	Urm1
68209	163.6	157.2	0.044762953996636	3.41027347504742	0.351970581713289	0.558590487177311	0.676599924718081	68209	Rnaseh2c
68212	1146	1123	0.0262408805909414	4.68524654768291	0.410218851427996	0.527971291606804	0.650077897860174	68212	Tmbim4
68215	1556.2	1467.8	0.0827056969052674	5.47875893643174	4.40031421534118	0.046724089310951	0.101271624104016	68215	Fam98b
68219	680.2	606.6	0.165598952880183	1.97336084108481	2.67993998191725	0.114762569506762	0.20433335546326	68219	Nudt21
68226	137.4	159.6	-0.224084435635583	3.27134150186568	12.3023151880867	0.00182286497932538	0.00739706782453101	68226	Efcab2
68229	725.4	699.6	0.0528861162668643	4.63293047389048	1.34480930330746	0.257678305696293	0.382115751568095	68229	AI846148
68235	2074.2	2127.6	-0.0325432651874256	5.55177783780138	0.685096280200674	0.416051844254191	0.548787493780806	68235	Mturn
68240	11	12.2	-0.14881625155096	0.762544514171389	0.974617581809293	0.333452226492261	0.464939632434882	68240	Rpa3
68241	199	186.4	0.0970926836561678	2.45808729294283	0.962583234055747	0.336395895974474	0.468155813635186	68241	Mcrip2
68250	706.2	631.8	0.161679681448862	3.65676101951312	6.5277575023904	0.0174364760242228	0.0459819055745514	68250	Fam96a
68251	1299.6	1369.6	-0.0770585985494418	5.98067582986799	4.49202224403656	0.0446708522193296	0.0978439912074845	68251	Babam1
68255	135.8	92.2	0.547288076539251	2.560038198457	30.9342978753362	1.03584773471646e-05	0.000108493790997042	68255	Tmem86b
68259	920.4	795.8	0.21307975335519	4.70445541742558	19.962606338646	0.000163116353850552	0.00103830733375133	68259	Ift80
68260	456.8	402.2	0.183038607906245	3.42084633974596	8.32789676385368	0.00816297703696352	0.0250259618957168	68260	Trmt12
68262	2053	1695.6	0.277654192052806	5.36637807909085	37.7144450824259	2.48766947063539e-06	3.41145868392447e-05	68262	Agpat4
68263	5191.8	5122	0.0194760257101622	6.68388194215649	0.364170109605262	0.551902145251195	0.670916199113605	68263	Pdhb
68267	6094.2	5982.8	0.0258094202143338	7.76205242680306	0.572765756321944	0.456581754119469	0.586772710415472	68267	Slc25a22
68268	2667	2762.6	-0.0476138708142531	5.93196071027374	0.832619660570221	0.371941108388005	0.505644262825042	68268	Zdhhc21
68271	89.2	96.2	-0.124061312976153	1.95969522868453	1.57951245062558	0.221013926209616	0.33941088923011	NA	NA
68272	3594.6	2573.8	0.488608653268038	6.31400820769611	98.1893890146425	2.36270120157595e-09	1.37150534809553e-07	68272	Rbm28
68273	2690.6	3004.4	-0.159014514284556	6.22335539327218	21.3744614512127	0.000110023739891609	0.000746261443638349	68273	Pomgnt1
68275	2042.6	2085.8	-0.0318231357634835	5.10596521699018	0.42865238521467	0.518922534137966	0.641946791204224	68275	Rpa1
68276	300.8	291	0.0429913348257508	3.40495649024436	0.464567279359953	0.502069798363729	0.626879521770228	68276	Toe1
68277	1055.8	994.2	0.0902925197910978	3.94658129255816	2.07403352123373	0.16283764779477	0.268958446031952	68277	2310057M21Rik
68278	452	404	0.165816871291672	3.86398656284278	6.33269070308225	0.0190017700195286	0.0491150901041248	68278	Ddx39
68281	763.4	738.6	0.0464842957323406	3.6784465096799	0.713302634500217	0.406751224520206	0.539919386464786	68281	4930430F08Rik
68283	1148.8	1104.8	0.0593448969186445	2.93565894800461	0.481488422080305	0.494459786077969	0.619800689269878	68283	9530077C05Rik
68285	74.6	79	-0.0747902466389336	2.69536752883473	0.615048821526644	0.440621645431948	0.57195736534112	NA	NA
68291	1593.2	1564.8	0.0217936646621813	4.41511971826873	0.189431882098942	0.667307459202463	0.766740215608643	68291	Mto1
68292	4305.4	3506	0.297387043369688	6.11638021215378	69.0314974468146	1.69857842733723e-08	6.36042813179595e-07	68292	Stt3b
68294	271.4	299	-0.141018826695555	4.42281853177768	6.35676888092483	0.0188003892012651	0.0486641879504093	68294	Mfsd10
68295	3958.6	3429.8	0.206763075954824	5.23723255746428	25.3386663602736	3.893786247313e-05	0.00031977719556058	68295	Aar2
68298	915	996.8	-0.121767487305508	5.07999859884744	5.38892936537005	0.0291453973639543	0.0695964932262673	68298	Ncapd2
68299	5217	5098	0.0332028159594771	6.25674252348869	1.11365970238526	0.301872681257998	0.430897465425944	68299	Vps53
68303	124.6	149.4	-0.26173790339155	2.52364884983679	6.66507617727846	0.0164202788565582	0.0438784822689391	68303	Fam114a1
68304	371.6	414.6	-0.154045845191139	2.9421782655903	3.83168443295389	0.0621066590370609	0.126738620601677	68304	Kdelc2
68310	2857	1445.6	0.9919949159006	5.33623471628208	170.344430745807	6.97547901882553e-10	5.50948490372154e-08	68310	Zmym1
68312	163.4	151.2	0.114129892992604	3.30463477547235	2.46914738417919	0.129288532309272	0.225013419144879	68312	Gstm7
68316	597.2	702	-0.223588085154255	2.52535072876393	6.82016836699015	0.0153505957896076	0.0415812427929139	68316	Apoo
68318	372.2	367.6	0.0208099250925173	2.89904351924557	0.0752651726866706	0.78618435931021	0.857299790982254	68318	Aph1c
68323	112.4	108.4	0.0545451575994229	2.23573562411277	0.311728373560977	0.581831347990473	0.695886661469119	68323	Nudt22
68327	336.8	313.8	0.105472803328756	4.11353607681485	4.45476617727669	0.0454924710118966	0.0991926649579052	68327	Tsr3
68328	166	150.2	0.159647032012677	1.85675340451435	1.90403034854179	0.180441467250216	0.290337411514486	68328	Rab13
68332	311	392.6	-0.340604097481211	3.43235613643583	26.5086699855135	2.91478168586734e-05	0.000253338872444537	68332	Sdhaf1
68337	693.8	720	-0.055580896157118	6.78963850956461	2.06278470228233	0.163936284067076	0.270463993825535	68337	Crip2
68338	62.4	81.6	-0.415210434253952	0.787810224918287	5.10034008622838	0.033423032112664	0.0777682720792733	68338	Golt1a
68339	360	329.8	0.125436950328739	5.63099681935432	6.7017466912252	0.0163178938639406	0.0436613916900032	68339	Ccdc88c
68342	2896	2832.4	0.0307427214396268	6.43529519257866	0.67180456152789	0.420547803151337	0.553644414243968	68342	Ndufb10
68346	21.8	26	-0.256541980276684	3.03920859713536	9.53062039146788	0.00506774544789368	0.0169706229662527	68346	Sirt5
68347	797	779.8	0.0296994923678557	3.99511937098351	0.347910374700561	0.560851511426578	0.678525555288531	68347	Mettl26
68349	2203.2	2286.2	-0.0573053746837446	5.31448302682933	2.16380621052727	0.154380213678435	0.258655729630071	68349	Ndufs3
68350	1731.4	1538.8	0.172168907293349	5.28845838553478	15.0982530169424	0.000710433917372682	0.00347206825387664	68350	Mul1
68352	51.2	36.2	0.478236377622719	1.46550425302265	11.639638465765	0.00230761465161548	0.008915867996378	68352	Aspdh
68364	832.2	826	0.0124300060081764	4.46913400467636	0.075561672686079	0.785774515431001	0.8570468492333	68364	0610030E20Rik
68365	19823	18841.2	0.0735280140718302	7.99723352910325	6.79591141566856	0.0155126918165287	0.0419364893429314	68365	Rab14
68366	741.4	730.2	0.0220293268122017	4.68388896059776	0.229883620392342	0.635982217755802	0.741030792055007	68366	Tmem129
68375	221.8	228.6	-0.0536410135909153	3.87244395247751	0.45626204843903	0.506409135208933	0.630894469945692	68375	Ndufa8
68379	1287.4	1253.6	0.0375592440417256	6.28968284342188	1.34703179945624	0.257295968756783	0.381822991007242	68379	Ciz1
68385	269	298	-0.144484433033141	3.76389634584763	4.19563763917942	0.0517015483388893	0.109928534817638	68385	Tlcd1
68394	328.8	324.4	0.0394842949216952	1.77925510182592	0.134426332433741	0.717122334189996	0.806574291368937	68394	Ccdc163
68401	1111	1299	-0.226888819368423	5.31724829522062	35.4180786360808	3.95637683049805e-06	4.98565568509319e-05	68401	G6pc3
68404	26185.6	26332.8	-0.00880750370789692	8.07140998738493	0.055104784296288	0.816420914225381	0.878474495214298	68404	Nrn1
68420	907.4	722.8	0.330114706957289	5.34508103464534	53.2175421302323	1.62287413607892e-07	3.80795824072805e-06	68420	Ankrd13a
68421	9747.6	9789.2	-0.00549474197354443	7.54333213457842	0.0371746059380887	0.84874418605804	0.900692863666913	68421	Lmbrd1
68423	2507.2	2494.6	0.006987722563139	6.28391029025552	0.0449341125405206	0.833928283000416	0.890221521601773	68423	Ankrd13d
68427	463.2	498.2	-0.108350891002178	4.49644628957084	4.77041231294307	0.0390334602331452	0.0879347933618891	68427	Slc39a13
68428	43	56.6	-0.394285705804527	2.35268022722454	17.7864275367644	0.00030773935423946	0.00175604604270713	68428	Steap3
68431	229.2	210.8	0.111286042115379	3.20992790385161	1.9349781765427	0.177070914438121	0.286124426751102	68431	Fbxl15
68436	950.6	1008.8	-0.0872583113302589	3.41181291242696	1.77779163152826	0.195030411434004	0.308691367374846	68436	Rpl34
68440	29.4	29.8	-0.0108068916352732	1.97271504968526	0.0129013553127493	0.924957843745695	0.952974616515201	68440	Dusp23
68441	5642.8	5806.4	-0.0410402993698372	6.44698488391335	1.35531099554291	0.255878137072783	0.38033243423296	68441	Rraga
68449	2619.8	2458.6	0.0914715024462291	6.13911632712609	9.94418189096556	0.00432292681859466	0.0149840729582655	68449	Tbc1d10b
68458	19.6	35.2	-0.832417982271712	2.07727619044011	62.9352991625556	3.85648588277765e-08	1.21177493368844e-06	68458	Ppp1r14a
68463	181	204	-0.17318782300113	3.16332704630096	6.28559240801214	0.0194026289862961	0.0500259720599223	68463	Mrpl14
68465	1641.4	1080	0.60160170448813	6.06883854395168	181.876817524815	1.330377643765e-12	4.27317299177319e-10	68465	Adipor2
68472	1230	1182.4	0.0546827379920739	3.8278520719922	0.733933298249594	0.40014670440697	0.533383286443629	68472	Tmem126b
68473	63.4	70	-0.150953021935606	3.08034346776688	3.37996576588468	0.0784935038340268	0.151900536138308	68473	Mob1b
68475	798.6	764.4	0.0619256638452671	4.414409017714	1.5667288533107	0.222833417440652	0.341588102204602	68475	Ssna1
68477	8286	7477.2	0.149072337847699	7.33871198666829	19.0828960817733	0.000209943314576231	0.00127823111578974	68477	Rmnd5a
68479	1153.4	1084.2	0.0812468023488777	4.09160713572661	2.03974936829758	0.16621412516416	0.273130850968936	68479	Phf5a
68480	11.4	13.2	-0.180160042810044	2.28836823784287	3.68297041641437	0.0670272127687022	0.133924707403763	68480	Card19
68481	840.8	992.2	-0.227860717550244	4.28431798144264	7.1557439965568	0.0153137263619249	0.0415124907793066	68481	Mpzl1
68490	204.2	203.2	0.00504484269803739	3.96529512325575	0.00841776908785067	0.927665054606129	0.955269587882685	68490	Zfp579
68493	2791.6	2431	0.20490219695586	4.8604862057024	19.4826816358898	0.000187064801476855	0.00116293963034257	68493	Ndufaf4
68497	6417.2	6455.2	-0.00868231934429424	7.41231576557017	0.0976505419486485	0.757386359767443	0.836882688179698	68497	Arel1
68498	73.6	64.4	0.145689536168817	2.42019224967418	1.78501370746726	0.194157580578482	0.307613029670215	68498	Tspan11
68499	764.6	708.6	0.106070216128405	4.29230868418984	4.00260244841861	0.0569507603202123	0.118475286365623	68499	Mrpl53
68501	1689.6	1639	0.0479986038638991	4.50148528361304	1.02174069095922	0.322263044239264	0.453332364129861	68501	Nsmce2
68505	1531.8	1550.2	-0.0193719094874681	5.66772535935407	0.270797345056545	0.607600073960602	0.717914777162311	68505	Vps51
68507	1274	1565.2	-0.294971948467725	6.08476820809776	60.9048993996991	5.13429019289873e-08	1.51142628203988e-06	68507	Ppfia4
68510	2653.8	2653.8	-0.000223524673398789	7.02264016401663	4.63358387318499e-05	0.994625487113277	0.995934658173558	68510	Ints1
68512	817.2	818.2	-0.00299950287647326	3.96775150699504	0.00325558366191937	0.95497506997981	0.971714865293078	68512	Tomm5
68514	1258.8	1299.8	-0.0469574079989803	4.28180547671192	0.848487305210532	0.366214818653579	0.499647818465059	68514	Micu2
68515	655.8	784.8	-0.256077515693371	2.65428420236574	6.98393823749796	0.0143039678442213	0.0393059983308697	68515	Myadml2
68519	1757.6	1754.8	0.00302863485648353	5.88543134743854	0.00577238894175066	0.940072421302722	0.962783456993324	68519	Eml1
68520	479.2	451.8	0.0824808801454108	3.23335801244496	1.60149416201873	0.217928686499143	0.33581463056062	68520	Zfyve21
68521	1300.6	1412.8	-0.121655762972973	5.80709466440588	9.27286180555195	0.00560251208710708	0.0183666839888968	68521	Fam189b
68523	152.8	139	0.137011102757978	3.62218413450047	5.55884186017151	0.0269438881236005	0.0652777336470872	68523	Fam96b
68524	6501.6	5069.6	0.359013967042714	6.77058753265242	94.2349945464753	9.41460160436529e-10	6.83812319545206e-08	68524	Wipf2
68525	974.4	805	0.278797837034102	5.18716460169929	26.4154506145495	3.36639837646484e-05	0.000286054803841404	68525	Evc2
68526	1568.6	1315.8	0.255036072445309	5.99923982484068	34.2285264819133	5.06867235952443e-06	6.08999087984756e-05	68526	Gpr155
68533	281.8	303.6	-0.107007581282759	3.41309852312059	2.55504154413079	0.123122649214655	0.216182552447598	68533	Mphosph6
68537	1776	1820	-0.0371647537070158	4.52313500172996	0.443569962718952	0.511802329314564	0.635844719928297	68537	Mrpl13
68539	1282	1307.6	-0.0227963628601271	4.99086055212758	0.201147702106233	0.65784864592038	0.759334847860161	68539	Tmem109
68544	2263.6	2181	0.0524641274366291	5.51019337340648	0.58560094304275	0.45467201344049	0.585098760885759	68544	Trir
68545	6	9.4	-0.607646223361747	1.26380634982747	16.4214354281472	0.000466990486459344	0.00247520370050728	68545	Ecscr
68549	152.4	183.8	-0.243306305588725	0.376215563503731	1.73229940146984	0.200641175240455	0.315499080387896	68549	Sgo2a
68550	221.2	222.4	0.00603488359691591	2.12043535099373	0.00334735626701996	0.95434559706966	0.971484700334169	68550	Tefm
68552	5510.2	5549.6	-0.0106646121334699	6.40293596981728	0.0844419056102827	0.773880331004428	0.849006930120532	68552	Smim14
68553	29	24.8	0.11475746501536	2.17424963675593	0.0540975168806311	0.820275294857237	0.881244173618739	68553	Col6a4
68554	908.4	878.4	0.0559177049636222	2.93705439709176	0.418013431063854	0.524110302852781	0.646648768026812	68554	Cebpzos
68556	1235.8	1278.4	-0.0490045909343305	4.40641902173016	1.03373466872775	0.319497897907904	0.450450898981745	68556	Uckl1
68558	2010.6	2133.8	-0.0908813141978883	5.02473535439005	4.22149569002304	0.05104085218666	0.108747711896519	68558	Ankra2
68559	3153.6	2804.8	0.170107637286809	4.98844971804431	9.77205219494311	0.00463742836382939	0.015820011699502	68559	Pdrg1
68563	194.4	214.4	-0.139053897084242	2.48477788100778	2.28221705662459	0.144015698759572	0.244894459984806	68563	Dpm3
68564	4216.2	3321.4	0.347013473430007	5.91184682256008	31.756188824755	2.70774263531759e-05	0.0002386445856761	68564	Nufip2
68565	1414.4	1453.4	-0.0395731456765917	5.26257336341182	0.903693932558455	0.351338233190365	0.484380276853638	68565	Mrps18a
68566	2059	2076.6	-0.0119882034522033	7.00572684110587	0.118019064692023	0.734206302194718	0.819856141217742	68566	Caly
68567	229.2	262.4	-0.196736509339375	4.19172196858113	9.20047146980425	0.00576361603592075	0.0187586818696687	68567	Cgref1
68572	641.6	695.2	-0.116802637832434	4.79323210253919	8.73123857530597	0.00693963930695276	0.0218197838900795	68572	Mrpl58
68576	1577.4	1543.2	0.0306175284692616	4.47019794500642	0.271724079231843	0.606989712861361	0.717369526549314	68576	Lamtor5
68581	6149.2	5956	0.0453990683853134	6.23026991513995	1.63781297783288	0.212948465083696	0.330077751994249	68581	Tmed10
68585	48253.2	48292.6	-0.00123874755370962	9.59230951449729	0.00242868363669393	0.961105658242911	0.975617752949156	68585	Rtn4
68588	158	131.6	0.262363029430788	2.84732224986678	9.54143373798614	0.00504656912660196	0.0169202296812583	68588	Cthrc1
68591	88.4	73.6	0.26736485975003	1.62626947508026	4.69224375107401	0.0405312410277766	0.0906449880574784	68591	Mocos
68592	372.6	389.2	-0.0630599821773401	4.74995588207925	0.995506274651465	0.329361500517819	0.460672646456799	68592	Syf2
68597	1786.8	1617	0.148598424025373	5.28969519861673	10.1740065184074	0.00396151072606947	0.0139619112150489	68597	Ccdc167
68598	1887.4	2076.4	-0.140221927934946	6.32803111909621	11.0518140451205	0.00285661817398661	0.0105979361105756	68598	Dnajc8
68603	550	549.8	-0.00306955214279794	5.11146767370639	0.00386941145682004	0.950918841549117	0.969293436935892	68603	Pmvk
68606	5487	4814.8	0.190693723466299	6.643342516976	19.9360163813272	0.000171838994099372	0.00108650954536847	68606	Ppm1f
68607	21	22.4	-0.107806541312478	1.47962759694872	0.826276199296631	0.372455989488689	0.505895119628837	68607	Serhl
68611	3439	3527	-0.0334641607493237	4.98031326960004	0.534432495636195	0.471878672807567	0.6004520060534	68611	Mrpl28
68614	1828.6	1787.8	0.0315207303627969	5.60590795091796	0.769514467942274	0.389127783760254	0.52252443203927	68614	Letmd1
68616	28	39.4	-0.472129822487214	0.486868996609755	8.89821278640365	0.00649341433429736	0.0206821971767153	68616	Gdpd3
68617	1674	1747	-0.0619254058718521	6.92194077288791	3.98008070302289	0.0576015614733942	0.119416662297252	68617	Mtcl1
68618	315	309.6	0.038745132218104	2.90339150927742	0.275461569893971	0.604541585163726	0.71523647965593	68618	1110012L19Rik
68625	49.8	39	0.335638374706749	0.819791403210039	4.46592086767384	0.0452447036452183	0.0988612164003001	68625	Cfap57
68626	1010	996.6	0.0194921824382187	5.21639920297229	0.231912096988589	0.634503710225346	0.739785159925558	68626	Elac2
68628	344.6	386.2	-0.159634695460122	3.87864336416156	9.10728608624297	0.00597852599386686	0.0193405583516902	68628	Fbxw9
68631	377.4	433	-0.2064479136108	3.62847950220036	9.95003036092151	0.00431329408394168	0.0149578581308285	68631	Cryl1
68634	1036.4	1023.4	0.0173107882235883	4.67427030463484	0.110027660557861	0.743013037762317	0.82611618829358	68634	Tm2d3
68636	759.4	844.2	-0.148496739194985	3.84848503477094	6.30007441449443	0.0192783820814369	0.0497588811794802	68636	Fahd1
68642	144.4	140.2	0.045786730126529	2.27059971035973	0.22073534184682	0.642752248347595	0.746092274141997	68642	Tmem216
68644	490.4	443.8	0.146850658968213	4.69195276947177	9.59427127507183	0.00494448013436143	0.0166707524754047	68644	Abhd14a
68646	1170.6	1046.6	0.164691697157128	5.28700723239777	14.1282247348642	0.00097631018706933	0.00448271519818936	68646	Nadk2
68652	2442.4	2485.2	-0.0274022078083962	6.28863877774513	0.502132546044314	0.485441151026316	0.612586554647667	68652	Tab2
68653	3435.2	3276.2	0.0698340025163178	6.14852957975877	2.53503659995398	0.124587479502451	0.218330192619838	68653	Samm50
68655	49.4	45	0.124295141500629	2.2752058642254	1.64234969114873	0.212336409628565	0.329460660774926	68655	Fndc1
68659	227.8	348.6	-0.650141770646466	2.60796452822787	32.3653200323355	9.95493806984696e-06	0.000105047358060947	68659	Fam198b
68666	13533.2	12595.8	0.103780756991672	7.76033036865295	11.0219145057356	0.00288813938623887	0.0107066341853543	68666	Svop
68667	359.8	528.8	-0.566334376052016	4.51628465586905	96.5774708115671	7.43350121719293e-10	5.6848585499104e-08	68667	Trpm4
68671	1694.4	1597.8	0.0870637079689978	6.28674844116506	6.05896712073381	0.0214672372506043	0.0542823642736092	68671	Pcyt2
68675	4371	4496	-0.0424952989621255	5.18203065594136	1.27905972127018	0.26933081347829	0.395500109521	68675	Fam172a
68682	1543.8	1657	-0.102433213560847	5.61118173286789	7.73809712710067	0.010400450607169	0.0304392166543191	68682	Slc44a2
68691	412	400.8	0.0481961870322714	3.50667007480793	0.51629889561362	0.479413136911542	0.60699347240009	68691	Kansl1l
68693	14138.8	13606.4	0.0551170270780373	8.23301680692726	3.43638278849369	0.0761984538689852	0.148273081882379	68693	Hnrnpul2
68695	179.8	224.2	-0.304611205525486	3.43451216378251	1.6706126831424	0.221851757107803	0.340372072734974	68695	Hddc3
68703	4965.4	4019	0.305796546769453	7.52287513745673	66.4509318875218	2.38690209534776e-08	8.31573173031548e-07	68703	Rere
68705	407.4	355.6	0.193341622129545	3.46609067245948	7.95192168896222	0.00951953491063621	0.0283760275517294	68705	Gtf2f2
68708	1044.4	1074	-0.0408209232985067	5.00687736844254	0.686531662931311	0.415570742764127	0.548453206347032	68708	Rabl2
68709	165.2	137.6	0.290556369564785	0.925617053318427	3.2520359909924	0.0839976126228325	0.160340926155629	68709	Cilp2
68713	16.2	18.8	-0.228427668575816	0.168112928557455	1.74183645517262	0.199448569351957	0.314093528181826	68713	Ifitm1
68718	445.6	378.6	0.234923904775656	4.77929727135443	27.5995801904741	2.23921832857604e-05	0.000204845960261001	68718	Rnf166
68721	443.2	476.8	-0.107324634093981	4.87188127338724	3.44282691341471	0.076355162562247	0.148538024182331	68721	1110032A03Rik
68724	5318	5883.6	-0.146917024237629	7.69359526308985	25.1561059427857	4.07644613284619e-05	0.000331575421520309	68724	Arl8a
68725	1714.4	1764.4	-0.0409942825633457	4.36272314723575	0.144341102274612	0.709627417593194	0.800761549995474	68725	1110032F04Rik
68728	7723.2	6598.8	0.228300488011645	7.71469152614785	39.3914626558359	1.79266319873105e-06	2.60152147333922e-05	68728	Trp53inp2
68729	15826.2	15439.2	0.0358558383790293	8.81314616929428	1.99598917784433	0.170647676152076	0.278014146878055	68729	Trim37
68730	831	775.4	0.0981933355868862	4.95885311633554	6.11107593180891	0.020971790828108	0.0532828730232858	68730	Dus1l
68731	822	959.2	-0.222734152643773	3.4358576419847	10.3211053039852	0.00374762472750405	0.0133189495479084	68731	Rbfa
68732	582.8	564.4	0.0456030664696794	4.80096682228757	1.05863400067613	0.313860325055558	0.444105446730596	68732	Carmil1
68734	2166.8	1950.2	0.151223009191169	5.53208375827622	14.0323868623568	0.00100796441845102	0.00459840500246343	68734	Ppp4r3a
68735	1433.6	1358.8	0.0828641702230999	3.80198231688107	2.42008655408879	0.132973719424001	0.230205579223138	68735	Mrps18c
68736	870	733	0.24535514285759	3.63300053771638	15.4122896507317	0.000642180041191566	0.00319300664443856	68736	Tyw5
68737	391	556.6	-0.508295450766647	3.74516566046877	46.7478723704381	4.70100285637959e-07	8.87053463265151e-06	68737	Angel1
68738	113	130	-0.196318860976602	4.01770225686332	9.50472259786758	0.0051188595003774	0.0170991437990421	68738	Acss1
68742	343	448.4	-0.38182008199943	3.11031234382969	28.627579512725	1.75594450843479e-05	0.000167971025313809	68742	Tmem219
68743	568.6	449.8	0.331604881736743	4.17352482213237	20.2259879158797	0.00018343659721625	0.00114481544739364	68743	Anln
68744	4621.4	4457.8	0.0520590664175027	6.18238504584698	1.90115741934431	0.180758312570395	0.290750127964888	68744	Zfp740
68750	399	381.6	0.0634213704544215	5.7213651196448	1.55950464824098	0.224828364302055	0.343807572748826	68750	Rreb1
68755	828.2	716.6	0.209863565037899	4.32345575812669	17.9211400521014	0.000295572367555867	0.00169599166361751	68755	Cgrrf1
68758	389	424.6	-0.128831997510311	4.40057550030413	7.02699339332138	0.0140420717783649	0.0387557963499113	68758	Abhd11
68763	1123.6	1105	0.0296312052790397	2.69115011567874	0.121145362817026	0.730852232613304	0.817436986008875	NA	NA
68764	12.6	24	-0.817498175598369	0.226574705238646	9.93740900222427	0.0049896527246369	0.0167800001121223	68764	Cdhr3
68767	741.8	860.4	-0.216275327575556	4.8709957189301	12.8088919733304	0.00164329911084403	0.00680940705396105	68767	Washc1
68770	467	441	0.0830776167667025	4.35315732298275	2.90718733881398	0.101193304115993	0.18537997689386	68770	Phtf2
68774	44.4	30.8	0.511985754903116	0.266660815018857	9.84104594745752	0.00449672766164652	0.0154384089362087	68774	Ms4a6d
68775	1.8	1.8	-0.0537781309969979	0.432236653971163	0.0896917477141196	0.767166622771981	0.844204794866736	68775	Atp6v1c2
68776	1727.8	1753.4	-0.0207426699997481	5.04809894305925	0.244007388091098	0.625850322871459	0.732888322675531	68776	Taf11
68777	45.2	70.2	-0.670825021378344	0.634764754662139	13.1027717383312	0.00138031313509384	0.00590617112334115	68777	Tmem53
68778	782.4	738.8	0.0887871210298058	4.07081308955385	1.9050748429339	0.180326441634666	0.290216945483517	68778	Gucd1
68789	279.8	254	0.15296159305723	2.56087595399909	3.32876188313618	0.0806452878923141	0.155316054789541	NA	NA
68792	328.8	439.8	-0.382499551663044	1.00787799020786	6.53532479676446	0.0173786989827769	0.0458713869790097	68792	Srpx2
68794	37.2	39.6	-0.103823924590115	1.01427038413911	0.622416346671755	0.437931853551981	0.569378398897725	68794	Flnc
68795	2958.4	3188.6	-0.110500427020256	7.68844359036822	5.98096327264192	0.0236892935903494	0.0589540374578012	68795	Ubr3
68796	1351	1229.8	0.133847745021099	5.97345380417407	17.4708563917678	0.000338429428237048	0.00190411014236602	68796	Tmem214
68799	2619.2	2827	-0.112407999677592	5.46181287144712	8.34039948006541	0.00812167818676854	0.0249290160355813	68799	Rgmb
68801	3290.6	2990.2	0.141421430829111	6.05172458050706	16.5348149752885	0.000450823168771751	0.00240805546246374	68801	Elovl5
68802	61.4	118	-0.947937215252079	2.49563690406715	78.6039369188318	5.20332192854638e-09	2.51534498846854e-07	68802	Mypn
68810	6.2	8.4	-0.410476963407638	1.66160488706456	10.8644662640352	0.00306052760943311	0.0112042674070439	68810	Nexn
68813	45.6	44.8	0.0241469555419691	3.49766738401858	0.0837155565737043	0.774886602132146	0.849695269032175	68813	Dock5
68815	8372.4	7575.8	0.142387342889175	7.02016915359678	16.6837495818606	0.000430505029977515	0.0023193096615171	68815	Btbd10
68816	766	728.2	0.0679089219879158	4.03142230620764	1.8513636039115	0.186359459886027	0.297940732188243	68816	Ppil1
68817	68.2	69.6	-0.0227550555034898	3.80506978419111	0.102543870495298	0.751589649816462	0.832514123568637	68817	Ddi2
68818	273.8	301.6	-0.13473181152761	4.08822315724743	6.26708804957826	0.0195626784568183	0.0503778185864941	68818	Zfand2b
68828	3	4.6	-0.53357089983664	0.851337049229183	13.2043973357967	0.00133309427326594	0.00574837250172611	68828	Sync
68832	1901.2	1614.6	0.23695443493567	5.17170111294826	32.2794205399842	7.69583849491218e-06	8.57638007752202e-05	68832	Ldah
68833	406	405.4	0.00682003779522658	4.28327830317192	0.0159271987705854	0.900630268088534	0.937132668270943	68833	Pdcl3
68836	677.2	745.8	-0.138235550013437	3.71654484187003	4.38204913461644	0.0471455917092617	0.102041175666622	68836	Mrpl52
68837	7842.4	7652	0.035934306602433	7.15683421462362	1.58653817030752	0.220021904536403	0.338175258840349	68837	Foxk2
68839	12221.8	12054.4	0.0196738178851665	7.56179974807691	0.53020338005222	0.473618082838786	0.601976413062945	68839	Ankrd46
68841	143.2	138.2	0.0386268054013779	0.956974880929797	0.0608034358355657	0.807342858867828	0.872212697666163	NA	NA
68842	1117.2	1224.4	-0.129367795923339	6.55569801848587	10.4335712611756	0.00359262285850913	0.0128789114079591	68842	Tulp4
68845	1045.4	1117.4	-0.0982559236683395	4.09088720418074	2.64985553971287	0.116713768236748	0.206819085625029	68845	Pih1d1
68846	1161	1294.2	-0.157958165520044	6.43439604823494	16.2697385829374	0.000489616758474002	0.0025645689689796	68846	Rnf208
68854	91.6	141	-0.648358993422087	1.95866165015497	27.2701616221185	2.42327188814077e-05	0.00021809446993267	68854	Asb11
68857	166.4	167.4	0.00168165661723656	1.70037868555191	0.000274971079616187	0.986907973964922	0.991624290710296	68857	Dtwd2
68859	252.4	280.4	-0.157960625932234	3.11096481295276	4.6800402951791	0.0407708394064787	0.0909696994105038	68859	Smim1
68861	1987.8	2393	-0.265559048977917	5.53685542338066	14.0122838966609	0.00171677955290911	0.00706357291709316	68861	1190002N15Rik
68865	200.8	217.8	-0.116812213205042	2.62342521392789	2.36695058621773	0.137106105758503	0.235948523947303	68865	Arv1
68867	18.2	19.2	-0.0944163684087304	2.02965863193226	0.924752400100454	0.345889633510207	0.478722515694567	68867	Rnf122
68870	2	2	-0.010411324566072	1.02606150100343	0.00679244555090775	0.935004218992156	0.959635800703872	68870	Ak8
68874	281.6	333.6	-0.247580573948122	3.94851336590087	14.5061023459352	0.00086165754478279	0.00405152835142825	68874	Klhdc9
68875	5197.6	4579.4	0.185448988067704	7.38681041079	16.5394924768789	0.000576907695632904	0.0029217322469089	68875	Tmcc2
68876	206	215.8	-0.0676976270958565	2.1086843289954	0.522787030349094	0.476694338721696	0.604731255804227	68876	Atp23
68877	4801	4840.2	-0.0138691243022964	5.73406099315995	0.115305928288552	0.737157757466399	0.821813343066958	68877	Maf1
68879	1638.8	1624.2	0.0132752246123646	6.11863202470157	0.147665024457561	0.704185370608435	0.796984993091717	68879	Prpf6
68888	1.8	6.6	-1.63043668270416	0.637061571268102	50.0869505151377	4.3776698228221e-07	8.34760417138136e-06	68888	Gkn3
68889	1518	1471.2	0.0452349306874697	4.91053127077641	1.02397582890412	0.321745261683947	0.452868440196686	68889	Ubac2
68895	89.8	38.2	1.18228444833138	1.48751629319099	89.6463135241802	1.51674470763717e-09	9.44958103628779e-08	68895	Rasl11a
68897	66.8	73.6	-0.137609984276106	3.11542774747152	3.26270038956696	0.0835222154442433	0.159623178901374	68897	Disp1
68904	2692.6	2492	0.112948586573624	5.44544297530707	8.69505311458134	0.007040717540968	0.0220931116948998	68904	Abhd13
68910	134.4	186.2	-0.465720653151996	3.9093913869298	62.3294113263938	4.19727536725752e-08	1.29354836158508e-06	68910	Zfp467
68911	4693.6	4065.2	0.209351831499887	5.53028435170418	31.0210906447231	1.01594497224746e-05	0.00010670383372178	68911	Pygo2
68915	372.8	388.6	-0.060053653041643	4.8280033185163	1.44839416461197	0.24060861313282	0.363098443748359	68915	Vars2
68916	621.4	624.2	-0.0143018003403007	3.37000873168055	0.0506976861412351	0.823773845460007	0.883543111020095	68916	Cdkal1
68917	1311.8	1415.2	-0.101269058384858	3.26452411588353	1.39792158042436	0.248782857700687	0.372247145466431	68917	Hint2
68918	416	507.4	-0.286795274049808	1.63073364422947	5.25789879246334	0.0309803126614983	0.0730822678491165	68918	1190005I06Rik
68920	412.4	469.4	-0.191728055461906	3.16613912154204	5.46137088158789	0.0281831816897649	0.0677239747537593	68920	1110065P20Rik
68922	127.4	131.4	-0.0404606685439989	1.83189780627971	0.169775326720679	0.693884189045094	0.789033283648634	68922	Dnaic1
68925	605.6	591.4	0.0324458995999432	4.89807854080032	0.549913871026598	0.465600794384084	0.594714906506499	68925	Rpap1
68926	1035.4	1050.4	-0.0207955754538194	5.85647388610545	0.299718980041686	0.589151214890926	0.702294053238302	68926	Ubap2
68927	2206.8	1859.8	0.245879423515259	4.97328467612831	38.3145377174983	2.21013593870871e-06	3.08352363495133e-05	68927	Ptcd2
68929	75.4	88	-0.223474414741713	3.06910736243639	9.62240666792094	0.00489104418849736	0.0165446179968502	68929	Mospd3
68936	527.2	536.8	-0.0162600304632097	2.87672610599479	0.043148388695647	0.837211547928936	0.892474055148967	68936	Smim11
68938	877	1046	-0.253813029447106	5.0072380801362	33.1403904697914	6.38773077219969e-06	7.38035656126093e-05	68938	Aspscr1
68939	2452.6	3230.6	-0.399378351006183	6.0889403345516	92.5277624634602	1.12173610283775e-09	7.64791208981925e-08	68939	Rasl11b
68942	3894.8	3707.8	0.0717634624876779	5.75721008625495	3.24821211221851	0.084168830510536	0.160540548455963	68942	Chmp2b
68943	12367.6	13111.6	-0.0842328301544407	8.42538949786493	6.09498020039658	0.0211234602737488	0.0535928549757354	68943	Pink1
68944	1776.4	1661.4	0.0929103601363007	4.66826264657956	2.71548983007958	0.11250589636555	0.201382071339648	68944	Tmco1
68947	394.6	322.2	0.290068127659824	3.42774045880736	10.0029944948818	0.0046682766814291	0.0158964423757239	68947	Chst8
68948	3307.6	3248.8	0.0247037219645004	5.61977646047219	0.373939871448101	0.546655979239838	0.666219690044909	68948	Fam216a
68949	1058.4	994.4	0.0923137186433678	3.91041276605946	2.14260124823907	0.156329337827665	0.260891842623377	NA	NA
68952	2929.2	2736.6	0.0987777542147672	6.09943693476122	7.36318423857871	0.0121699876018492	0.034491176626888	68952	Fam57b
68953	1767.4	1862.8	-0.0778778457775176	6.01342613970614	3.35133236637246	0.0796885579751203	0.153821903976013	68953	Chmp2a
68955	3374.2	3815.2	-0.179173504812589	6.04574192690991	16.7368114840058	0.000423508809762015	0.00229008467500941	68955	Srrm4
68957	50	93.6	-0.931522463018084	1.63359818324322	55.3034385242739	1.17434653485908e-07	2.93160704919744e-06	68957	Paqr6
68961	1325.4	1224.6	0.114739109060605	4.99198946976958	8.74472810251972	0.00690236714690492	0.0217120380285884	68961	Phkg2
68964	2545.2	2916.8	-0.199396858536102	5.60070867315244	31.0885761999711	1.00075647450777e-05	0.000105352760979864	68964	Ctc1
68966	362.8	340.4	0.0899366599287695	3.70637937374157	1.92303834418627	0.178362123538973	0.287889015480996	68966	Ngdn
68968	1949	1910	0.0317819153070965	5.34517541956396	0.538922978363295	0.470043362357404	0.598884561257042	68968	Cdan1
68969	3089.8	2697	0.198797631947034	6.16995579675249	27.1460747228537	2.49680785003927e-05	0.000223737511868987	68969	Eif1b
68970	3377.4	2845	0.248699622582721	5.60708850649776	37.8018188889705	2.44500891196136e-06	3.36252700413792e-05	68970	Dcaf12
68971	125	167.6	-0.430301650761566	2.74753800316205	26.5214123164033	2.90571776374534e-05	0.000252703035843412	68971	Tamm41
68972	100	106.6	-0.0937895978435555	3.45526190557247	2.09545177885402	0.160770232716286	0.266548857958385	68972	Tatdn3
68975	392.6	413.2	-0.0779120287439431	4.17114375323945	2.39478226654236	0.13492295622496	0.232912505586478	68975	Med27
68977	1233.2	1403.4	-0.190315504790165	5.87670172305364	20.9372385676687	0.000124114091750725	0.000826322009288336	68977	Haghl
68979	1228.8	1202.8	0.0274469106180817	4.67285271148332	0.402099948682484	0.532048722671433	0.653931312711981	68979	Nol11
68980	509	524.8	-0.0369838353717521	3.13498209387459	0.301672639641081	0.58794748291049	0.701344632993994	68980	Wdr53
68981	601.6	625.6	-0.0571162508533094	4.13564018984839	1.09529615230091	0.305803280605639	0.435475922943241	68981	Snrpa1
68982	8	7.8	-0.0102817137194573	1.16343852030693	0.00600977132603096	0.93885513009842	0.962085221584018	NA	NA
68988	497.4	567.6	-0.19359301704284	5.24026212277408	22.870626584008	7.35243732434481e-05	0.000533762577027021	68988	Prpf31
68991	1752.6	1954.8	-0.157934835125393	5.65501447457627	15.4155735535452	0.000641505183216276	0.00319074876744944	68991	Ssu72
68992	1242.6	1444.4	-0.211897449532792	3.78348748065317	5.59066139400301	0.028227525669459	0.0678192579831051	68992	Zfp580
68995	2756.6	2787.4	-0.0130600419497492	4.97627852964354	0.0795355948527073	0.780363158051196	0.853473687188656	68995	Mcts1
68999	603.4	592.8	0.0376874302149041	2.68386593350785	0.240355000123759	0.628434633611075	0.734902442897611	68999	Anapc10
69008	2549.4	2445	0.0556320944381052	5.00597385677653	1.21039820182621	0.282246095249846	0.409227110115486	69008	Cab39l
69009	407	369.4	0.141015268313024	4.2991472668164	7.65380142670909	0.0107720890674088	0.0312650151366118	69009	Thap7
69010	294.2	302.6	-0.0379171722895087	3.83733415330436	0.427594015131133	0.519434451087373	0.642250261421462	69010	Anapc13
69017	7298.6	6908.2	0.0771396129646053	8.60695095761423	4.92972895916926	0.0361690309659784	0.0827064030346862	69017	Prrt2
69019	2133.8	1978.2	0.109912693638548	5.85702228438747	7.87524458895393	0.00982561033855039	0.0291202320757448	69019	Spcs1
69020	120	125.2	-0.066270892327692	2.94418887836407	0.732406396545652	0.400629958973481	0.533656384388784	69020	Zfp707
69024	713.8	743	-0.0562454991219516	4.73066252827024	1.1029221787784	0.304162642198563	0.433808580889775	69024	Snx15
69028	373.4	392.2	-0.0739289029124868	2.55493317682159	0.593146932422003	0.448774870846765	0.579388892010242	69028	Mitd1
69029	2331.2	2305.2	0.0157480501777635	5.95983523176343	0.125085006845855	0.726694219197983	0.813604821401057	69029	Smdt1
69035	5259.8	5192.6	0.0191824576490032	6.32105454300566	0.422641561434928	0.521842041229951	0.644565447268647	69035	Zdhhc3
69038	205.8	187.2	0.129509375549564	3.54931412916806	2.48873330799284	0.128317132078011	0.223618980836215	69038	Tmem258
69046	2929.4	2792.2	0.0691706142241422	6.31555928108871	2.31709730278333	0.141762688455685	0.242166364199275	69046	Isca1
69047	50.4	35.4	0.539067187232603	0.684419476360163	8.23880542895888	0.00873822046815211	0.0264784567393439	69047	Atp2c2
69048	3424	3379.4	0.0218463575829197	5.69828156961693	0.279058075674346	0.602205852792695	0.713407376138481	69048	Slc30a5
69049	7.6	4.2	0.714710930648406	0.245098413190105	12.6270400900211	0.00162699955815715	0.00675571721160685	69049	Nat8f5
69051	332	263	0.343207466425165	3.56800567972552	28.6955244472616	1.72826002471613e-05	0.000165761581932627	69051	Pycr2
69053	4270.6	4128	0.0507873742379234	5.62604594386053	2.07955240570947	0.162301883630357	0.2683068502446	69053	1810013L24Rik
69064	336	355.6	-0.0782461827439121	3.75427445202282	1.58134455652143	0.220754694768275	0.339084841464469	69064	Fuom
69065	140.8	145.2	-0.0517664624810626	2.54715198456137	0.361001980520647	0.553624138328079	0.67205025632102	69065	Chac1
69066	8.8	10	-0.188379387062006	1.1456149915964	1.76073338069739	0.197111291893933	0.311398423082062	69066	1810010H24Rik
69068	31.8	7.6	1.81523144679196	0.610951980851587	73.7994169824593	1.96263351908152e-08	7.09197622120108e-07	69068	Tcim
69071	815.4	911.6	-0.155510120863108	3.58830443525699	5.40878646217372	0.028878049274009	0.06909507104892	69071	Tmem97
69072	773.4	701.2	0.142480281886893	5.09204408378238	8.42465979200613	0.00784926809273757	0.0242525269372443	69072	Ebna1bp2
69076	829	851.6	-0.0443695099461907	3.65782167941635	0.530307567938287	0.473575102698074	0.601976413062945	69076	Triap1
69077	3037.6	3082.6	-0.0208804705008465	5.01352315263485	0.200651811885665	0.658242182095817	0.759551414629935	69077	Psmd11
69080	301.8	332.4	-0.143179600043488	4.92667403399688	8.58393365866933	0.0073613558043931	0.0229758231044478	69080	Gmppa
69082	6610	5937.2	0.154078588553706	6.84098492307434	21.9375934092599	9.43796126333346e-05	0.00065933442291069	69082	Zc3h15
69085	234.2	199	0.235379396467008	3.21246159369464	10.5444336196388	0.00344667302079856	0.0124390042053988	69085	Zcchc9
69089	1212	1280.4	-0.081054349979072	5.38755901931952	3.99715141819696	0.057107509005543	0.118733017141271	69089	Oxa1l
69090	730.2	773.8	-0.0772493972993101	3.52763638300155	1.4048950188691	0.247594324170421	0.370777297993934	69090	Ascc1
69091	8908	8165.6	0.125013014257308	7.11642054743079	16.806317824448	0.000414530990788158	0.00225249283490678	69091	Vps26b
69094	456.2	450.6	0.0136336619768804	3.87666226548156	0.0486193944066714	0.827361941887983	0.885960105797074	69094	Tmem160
69101	722	752.6	-0.057452078023738	3.71462184617826	0.740753371572466	0.397998838378241	0.531228664689177	69101	Ydjc
69104	7669.2	7375.4	0.0560999065385638	6.34778423560962	2.67520964386957	0.115066821724032	0.204723761841354	69104	March5
69106	2490.8	2694.2	-0.112257918882493	5.7222453276641	5.68384354433544	0.0254916552594617	0.0624714115158119	69106	Stoml1
69109	598.4	685.8	-0.210436363715295	3.36743948962913	11.8282888045968	0.0021565448662351	0.00843619390811398	69109	Fam58b
69113	132	186.8	-0.500519133766309	3.09701904828034	53.7159424255555	1.50094947088952e-07	3.58590473590695e-06	69113	Alkbh3
69116	14706.2	12792	0.201493419037384	8.44073271548445	31.0184542975948	1.01654337231833e-05	0.00010670383372178	69116	Ubr4
69120	72.2	100	-0.450649780640515	0.239861645141933	9.98640878561809	0.00584005906127086	0.0189477471765677	NA	NA
69125	2752	2613.8	0.0746881505951996	5.63989647822531	4.2963470296527	0.0491814194875283	0.10556403879904	69125	Cnot8
69126	119.4	140.4	-0.244008869957045	2.20137363380498	6.52219391487889	0.0174790901767489	0.0460774702561972	69126	1810022K09Rik
69131	974.8	903.8	0.106705023462342	4.87906880385245	4.68576468136461	0.0406582514407425	0.0907649662790742	69131	Cdk12
69136	883.4	1001.2	-0.161558551204181	1.95781871506318	2.07151806253163	0.163082551761877	0.269239886141197	69136	Tusc1
69137	408	503.8	-0.305498914300667	3.61248899561246	21.2604864059484	0.000113521005371713	0.000765670840710566	69137	Vstm5
69146	67.2	60	0.15920320881563	1.39814285126041	2.01403892120538	0.168801835334958	0.275908823694615	69146	Gsdmd
69149	565.4	593.6	-0.0846903861128374	2.41754411841991	1.01615705914565	0.323561539258767	0.454804870995451	69149	Kbtbd3
69150	983.6	1092.2	-0.15272636109374	5.33249430235364	6.37622544124787	0.0200754841267066	0.051430529522761	69150	Snx4
69151	192.6	201.8	-0.0636654243189759	3.15825465762883	0.906597594654209	0.350579767622453	0.483472947353777	69151	Lzic
69155	738.4	662.4	0.156552244797099	4.24908971925091	5.94583491961662	0.0225882285649619	0.0566724970800137	69155	1810030O07Rik
69156	68.4	66.6	0.0211786780107092	1.3487165371572	0.0252963135316556	0.874971564431478	0.919435768251006	69156	Comtd1
69159	604.8	635.2	-0.0669911058714998	2.92909206604805	1.00486187163141	0.326210387618064	0.457460458196517	69159	Rhebl1
69161	1270.6	1339.6	-0.0773856891362226	5.0316077924106	2.49911510821821	0.127096844564042	0.221947298698642	69161	Manbal
69162	3789.6	3687	0.0365038698223334	6.8694906293564	0.980071567658864	0.332129942290784	0.463513197438543	69162	Sec31a
69163	986.8	901.6	0.12355263744186	4.20937895884936	5.88264171508613	0.0232425822932096	0.0580297770848713	69163	Mrpl44
69168	50.4	61.2	-0.311451047378735	2.35303979201344	12.5950792834851	0.00164521854978473	0.00681375040647234	69168	Bola1
69170	412	411.2	-0.00703137268855724	3.20973997138799	0.00721218166635131	0.933031003353336	0.958563517127664	NA	NA
69171	964.4	921.6	0.0677219732359254	4.93785462555498	2.48498495092531	0.128124746136889	0.223400351839906	69171	Cnppd1
69178	7563.2	7714.2	-0.0284510255846782	6.4959860215568	0.983922502914731	0.331200688671289	0.462663066981232	69178	Snx5
69179	1269.8	1361	-0.102579207312247	4.651713573964	4.36374151298399	0.0475723787964908	0.102781937686768	69179	Tmem110
69181	487	406.6	0.262805951339482	4.60150431863312	21.2551439087016	0.000113687875212382	0.000766438688581979	69181	Dyrk2
69185	296.2	321	-0.118687806570317	2.7331617527037	2.4745783318767	0.12888805188471	0.224478600065261	69185	Dtwd1
69186	3230.2	3606.8	-0.163351633935265	4.38087616949085	9.47323670719857	0.00518176534411299	0.0172375687649733	69186	Tmem256
69188	2369.2	2542.8	-0.103180884246063	7.20902039635144	9.10396628253859	0.00598634281079605	0.0193571809814868	69188	Kmt2e
69190	2694.8	2845	-0.0780623696159456	5.74158616512418	4.64127391139503	0.041542576330433	0.0922501764142078	69190	Dym
69192	1135	950.6	0.256408862434056	5.0524057149786	40.1151321929474	1.56062197575877e-06	2.31949392883402e-05	69192	Dhx16
69195	356.4	339.6	0.0740167684827235	3.40797180135213	0.909565489552459	0.349806917542101	0.482775631256901	69195	Tmem121
69202	4054.2	4260	-0.0737966511669977	8.30913093070022	2.67472706558435	0.117850814334788	0.208419878917781	69202	Ptms
69207	6750.2	6639.8	0.0239054972193552	7.10935778470662	0.468210819167223	0.50041403537685	0.625498376159069	69207	Srsf11
69215	202.8	311	-0.633290206480059	2.91300532461392	66.4847305312537	2.37613900175419e-08	8.31573173031548e-07	69215	Sat2
69216	127	151	-0.251840675340628	2.45261211626189	7.04886917940614	0.0139110378480761	0.0384687248327832	69216	Svbp
69217	260.6	288.2	-0.136982939696089	1.56409603057494	1.17989166660457	0.288246843664476	0.415800387058516	69217	Plekha4
69219	6768	6296.4	0.105656502338992	6.82683075814129	9.04298281080288	0.00613194811045418	0.0197749169987739	69219	Ddah1
69221	243	271.8	-0.166158538716798	3.53262655546169	6.65188512300015	0.0165149942051768	0.0440745432499307	NA	NA
69225	797.8	806	-0.0157282482753782	5.09570051218909	0.17886831985889	0.676140769700954	0.774278140172524	69225	Naxd
69226	1540.4	1428.8	0.110021796204789	3.4710046013257	2.94323469225272	0.0992168693665118	0.182360202164746	69226	Snx24
69227	6847.4	6237.4	0.135405406972356	7.51565784086838	13.368944908672	0.00126033353944555	0.00550691081594497	69227	Selenot
69228	1047.6	1064.2	-0.0220185055847178	4.87493508482865	0.315256115638248	0.579716539922611	0.694161450421789	69228	Zfp746
69232	3780.4	3742.4	0.0144893909812551	6.64275008187009	0.247475434134047	0.623418757813631	0.730869877965628	69232	Qrich1
69234	84.2	94.6	-0.170800546008617	2.46560568572153	2.89492930291733	0.101875783947498	0.186488422134895	69234	Zfp688
69237	1515	1461.4	0.0521041523491587	5.12065354780689	1.3398647352474	0.258531563785269	0.383105928127155	69237	Gtpbp4
69239	168	163.2	0.0515831608066772	2.08808191866403	0.196439853792779	0.661608674136954	0.76240865630037	69239	Pdzph1
69241	244.2	247	-0.0166576026101443	3.34284414383557	0.0578799374801152	0.811936967762119	0.875670566485126	69241	Polr2d
69256	1669.8	1442	0.214639926353357	5.00460516826197	33.0014788628785	6.5813366658094e-06	7.55572995771319e-05	69256	Zfp397
69257	708.6	700.4	0.0145906230478244	4.55480429568935	0.0779156310958283	0.782551041598511	0.854756499302114	69257	Elf2
69259	741.4	729.4	0.0261161395154878	4.45156401655331	0.241426396520867	0.627674020317619	0.734428907121417	69259	Kctd5
69260	1059.4	1245.4	-0.23305197100443	4.95907127976357	25.8407115768614	3.43575373798991e-05	0.000290581536155098	69260	Ing2
69263	225.8	325.2	-0.540053254227586	2.28649152690415	28.2681545375901	1.91063440647793e-05	0.000179910812451023	69263	Rfc3
69269	501.2	522.6	-0.0598062168535377	4.43301891363616	1.58159280486963	0.220719598588938	0.339066965459083	69269	Scnm1
69274	903.8	910	-0.0103747138177821	5.3764625501824	0.0690561647532593	0.794975177130989	0.863368488259923	69274	Ctdspl
69276	7423	7056.2	0.0723829865084026	7.54499766878909	5.0902023727116	0.0335195548039163	0.0779301343309966	69276	Sec62
69288	193.2	248	-0.367495881310313	2.96912140011547	13.485343974507	0.00128649235583134	0.00558910745752516	69288	Rhobtb1
69291	80	173.8	-1.10230986164794	2.39401636339601	57.7694972488495	3.22537848700922e-07	6.53851622036904e-06	NA	NA
69305	431.6	410	0.0738815364779941	3.53118744954322	1.4941177201243	0.233534520717134	0.354596254483652	69305	Dcps
69309	166.8	165.2	0.0139279248039119	2.47138458516682	0.0227661832069717	0.88133698857689	0.923975109370448	69309	Slc16a13
69310	352	392	-0.155902467208933	3.37298756109518	3.70153499148022	0.0663893609994493	0.133036437527525	69310	Pacrg
69312	89.2	132.2	-0.56900697557965	0.133624554404544	10.2272029729884	0.00388265683646321	0.013731324177695	69312	Ppp1r42
69315	574.4	550	0.060691890130566	4.30381575186969	1.31788912897858	0.26236840608116	0.387331167437005	69315	1700001L19Rik
69320	2.4	1.6	0.508974768477092	0.69523588832961	6.09696085395684	0.0219583487316665	0.0553322825257162	NA	NA
69327	258.6	210.4	0.305823801373183	1.07358940872341	5.66145131167811	0.0257044305466123	0.0629608268294753	69327	1700007K13Rik
69329	18.8	23.4	-0.317381342460268	1.14807092447361	5.68160728061308	0.0254684903466942	0.0624252262966114	69329	Cfap206
69338	0.2	0	0.50042874383812	0.204840800758235	5.18866817483948	0.0322624214210085	0.0755828737768234	NA	NA
69349	1655	1662.2	-0.0196962435067729	1.78032507793819	0.0260670627129411	0.87309803650599	0.918067730223889	69349	1700008O03Rik
69352	2525.2	2566	-0.0257402436120311	6.96732313942079	0.341791853469548	0.564740207770585	0.681649683767518	69352	Necab1
69354	79	94.8	-0.28378591788354	0.825890983970052	3.84018251710936	0.0618381307809061	0.126279788401698	69354	Slc38a4
69358	265.6	231.8	0.204478689970086	1.93151555417442	4.01297501329156	0.0566538328822904	0.118010448260646	69358	Lrrc51
69367	4485.6	4676.2	-0.0588143621396708	5.41325929966299	2.87183785734192	0.103176003305823	0.188391353181199	69367	Glrx2
69368	692.8	511.4	0.417736150636274	5.37463574167253	2.06277284687674	0.178276970299136	0.287783708812119	69368	Wdfy1
69372	394.4	417.6	-0.0781180982114305	2.93346538284504	0.782967378658932	0.385078799617765	0.518332769836734	69372	Mocs3
69399	5613.8	5723.6	-0.0271503363828973	7.02595677399386	0.544636771141058	0.467725122801685	0.596722675844685	69399	1700025G04Rik
69408	79.2	88.6	-0.154748024338194	2.51050422231917	3.27035911785245	0.0831827126922134	0.159121615835528	69408	Dnajc17
69409	105.4	214.8	-0.986540868914112	-0.0592808531763083	13.5387427067959	0.0013321549875227	0.00574603646363863	NA	NA
69430	15.4	15.6	-0.0113785838090537	1.19147048741228	0.00537072851957975	0.942192507005137	0.963689381428755	NA	NA
69434	21.4	19.8	0.0943173155846272	0.384612419065239	0.31883765284136	0.577585451335847	0.692470148773086	NA	NA
69440	1241.8	1559.6	-0.3307057786921	6.38923858275181	54.5537913590909	1.67984973606034e-07	3.90453657098114e-06	69440	Dennd6b
69441	49.6	68	-0.457507527308435	1.45255684810833	16.0815584894663	0.000519358146641124	0.00268387652897777	69441	1700023F06Rik
69454	42	27.6	0.571785141503994	0.673882609146448	11.7082717126499	0.00225124728988956	0.00874013653721828	69454	Clic3
69456	1081.6	1185.8	-0.131081082102343	4.18391797701585	6.22521611029242	0.0199302704426778	0.0511219394815377	69456	Commd10
69459	1964.2	2076.2	-0.082891438123974	5.89851423887909	4.714877941245	0.0400910206824162	0.0898829863414989	69459	Ubl7
69470	7821	7358.2	0.0874627924018354	7.27600083661956	9.53656438965415	0.00505609298730637	0.0169443004958327	69470	Tmem127
69478	266.4	310.2	-0.219603931390604	2.54436847646661	4.96505265058109	0.0355663004333872	0.0816251677459795	69478	2300009A05Rik
69479	91.6	112.8	-0.29653485362048	2.47915850664976	12.269737445803	0.00184389314638276	0.00745708772742486	69479	1700029J07Rik
69480	1267.2	1222.6	0.0502350764703672	4.71075671212373	1.00626039697979	0.32588080013591	0.457086956347835	69480	Ttc9
69482	221.6	191.4	0.226054753264499	2.48449791325059	5.99104985108966	0.0221325939152671	0.0557130812349826	69482	Nup35
69487	1333.6	1272.2	0.0703369595238247	4.66292255663186	2.52834462254409	0.125001223811863	0.218878207579063	69487	Ndufaf5
69499	3325	3643.4	-0.13308108423763	6.17813595438443	12.2428398777015	0.00186145457081341	0.00752179602083785	69499	Tsr2
69519	770.8	853.8	-0.152238521164419	4.35000574042942	6.37986228690034	0.0186094637076692	0.0482823888764406	69519	Rwdd2a
69524	665.2	604.6	0.142638943404897	4.13429994888209	4.5473682104886	0.0435067556519084	0.0956566240025379	69524	Esam
69527	787.6	876.4	-0.153747157013587	4.76858559604102	12.4411654532936	0.00173613086303929	0.00712696265105649	69527	Mrps9
69528	542	569.8	-0.079655969551187	3.41393629156854	1.91251346303965	0.179509840687279	0.28945060657005	69528	1700030J22Rik
69534	199.6	221.8	-0.152212234953256	3.92509755253993	7.61186991197126	0.0109623834354033	0.0316900580350639	69534	Avpi1
69535	575.6	581.8	-0.0176820840617127	3.48374726310094	0.0860016866767903	0.771862433108676	0.847693914455801	69535	Ten1
69536	547	560	-0.0289659694724823	3.80233615762929	0.187986864420774	0.668498157986188	0.767715904618812	69536	Hemk1
69537	48.8	58.2	-0.274501205479726	0.73148220492376	3.28889328475844	0.0823676560499224	0.157959678989728	69537	Dnase1l1
69538	313	386.2	-0.30044347967079	4.21551976880909	16.1306057749062	0.000603998431322633	0.00303658898307386	69538	Antxr1
69539	2830	2617.8	0.111637669298696	6.69626823152304	11.9472726991473	0.00206693762788223	0.00818731610671683	69539	Trnp1
69544	437.6	520	-0.254132179921545	2.24031860014758	9.99900703541452	0.00423354358589398	0.0147307749134597	69544	Wdr5b
69546	767.2	734	0.0619637257752733	5.03371175783366	2.21839021040345	0.149495381676545	0.252047853348044	69546	Mapk1ip1
69547	41.2	56.8	-0.471540765090007	0.327222120331615	8.0570864605593	0.00911667604672412	0.0273841304196489	69547	Nkpd1
69548	171	233	-0.451003130437138	3.11640636148272	38.5901475075142	2.09409338013719e-06	2.97036562477948e-05	NA	NA
69549	142.6	147.6	-0.0439406962874664	1.65268311206818	0.150877022280437	0.701148127223385	0.794605224312907	69549	2310009B15Rik
69550	14.8	18	-0.280459671773787	1.08165837637442	4.12281657891182	0.05361470366566	0.113130938216562	69550	Bst2
69551	1143.4	1455	-0.346420705471252	5.25307713088718	45.3820071817622	5.96013580225338e-07	1.06883130131229e-05	69551	2310022B05Rik
69554	10301.4	10380.8	-0.0112548795977071	6.92265960162087	0.164912729359283	0.688297725813158	0.784223185314787	69554	Klhdc2
69556	2966.4	2973	-0.00230296922043562	5.99675606247161	0.00460472468629043	0.946464882101903	0.966047836021532	69556	Bod1
69562	2129.4	2095.4	0.0226230102602604	6.08438241197115	0.407290496703145	0.529435308850904	0.651355601598382	69562	Cdk13
69568	564.4	626.2	-0.163560856170108	3.15774782731358	6.25917764594623	0.0196315437912728	0.0504900950105082	69568	Vkorc1l1
69572	74.8	74	-0.00347527055418349	2.34605459714888	0.00110888941407213	0.973712784700967	0.984055261545047	69572	Mfsd3
69573	290.2	328.2	-0.188068134664481	1.97344868577249	3.55391449554039	0.0716595010871317	0.141498145999099	69573	Hilpda
69574	618	773.2	-0.322529585177399	2.65648997985836	15.144956569871	0.000699801183033603	0.00342995127147091	69574	Cmbl
69577	406.8	347.8	0.224710317546138	3.48752902366286	14.7428809542641	0.00079734741570037	0.00380735366585172	69577	Fastkd3
69581	5796	4848.2	0.259156538130837	5.75502423589421	21.4841364642915	0.000158317869829448	0.00101387970337388	69581	Rhou
69582	2476.6	2635.6	-0.0897929619505662	6.74239366150211	7.57281496437372	0.0111429589947729	0.032122123915127	69582	Plekhm2
69585	359.2	882	-1.33705425396964	0.634090126073128	46.675503405079	4.75992060973897e-07	8.95831933504779e-06	69585	Hfe2
69587	1200.6	1024	0.229281606360618	5.3999765814846	28.0309315473754	2.02080364022002e-05	0.000188079174602319	69587	Pcgf3
69590	53.8	55.4	-0.0354191896347916	1.83445168566131	0.11513298819279	0.737347201083015	0.821903018774882	69590	Gpx8
69596	352	345.2	0.0228733280454422	3.49079459843521	0.141641788790107	0.741826397722956	0.825050688880241	69596	Ap5s1
69597	4023.8	4042.4	-0.00622240975431708	6.53714708748684	0.0420342759633934	0.839296057989594	0.894044660631888	69597	Afg3l2
69601	5344.2	4783.2	0.160613839839905	7.71151413258176	21.6072320323728	0.000103239585934943	0.000708558867570592	69601	Dab2ip
69605	3095.6	3090.6	0.00343631623684551	6.32098901529042	0.00798615946761806	0.92953861892687	0.956335072742787	69605	Lnpk
69606	489.2	455	0.0992079713259543	3.4781157211788	2.43638670867637	0.131735729862735	0.228419894366119	69606	Mtfmt
69608	484.6	474.6	0.0343434599787536	3.81305587096202	0.231440705163749	0.634846579848293	0.740005843961873	69608	Sec24d
69612	701.4	675	0.0523357767767819	3.98165107304749	0.776151519460711	0.387122379723123	0.52060540347209	69612	Kansl2
69617	1284.4	1392.8	-0.119831926555575	5.4786034141092	10.5269318755486	0.0034692761523071	0.0125143293000865	69617	Pitrm1
69632	6145.6	6182	-0.0071669595287397	8.32408975078836	0.0180145487188864	0.89484728986581	0.933669438224241	69632	Arhgef12
69634	1136.8	1273	-0.167244315174472	3.8180626677009	6.18922916151562	0.0202523228318595	0.0518192731831646	69634	Clybl
69635	5989.6	4387.8	0.449111181726712	7.47584000049861	231.349254065509	9.14534212634132e-14	5.73669987034261e-11	69635	Dapk1
69638	896	866.4	0.0511964146481794	5.14816517311809	1.09309222785391	0.306279652708601	0.435982479835545	69638	Enho
69639	1140	1344.8	-0.243649015474087	3.8238942111314	17.9586054814761	0.000292282310295998	0.00168044889141542	69639	Exosc8
69641	214.6	190.8	0.164156902379794	4.19231211828455	8.62353630851316	0.00724527789470754	0.0226575609455004	69641	Wdr20
69642	2121.4	2976.6	-0.494921508262276	4.66818104933072	74.2056750366589	8.83122100375529e-09	3.76538254832681e-07	69642	Mlip
69654	10336.8	11156.2	-0.110825782642067	8.09586920408033	18.6825707602649	0.000235934958680805	0.00141050407084048	69654	Dctn2
69655	80.8	66.4	0.274463124370829	1.81678574034175	6.15132747594981	0.0205977626911805	0.0525306304368035	69655	Cd164l2
69656	42.6	56	-0.391335750052994	2.20452241361086	14.0940794081767	0.00098746198783683	0.00452385913540207	69656	Pir
69659	183.2	178.4	0.0373218415741509	1.02746738387271	0.0703807105246475	0.793065320361189	0.861993911495964	NA	NA
69660	522	548.6	-0.0722015822392988	4.50306233282343	1.62521347243127	0.21465988468725	0.331945434178829	69660	Tmbim1
69662	720.4	669.2	0.100622789474608	5.50281869749278	4.92634851393888	0.0362273085928565	0.0827758117582966	69662	2310061I04Rik
69663	871.8	805.6	0.113938833046386	4.40004862629713	5.54446105250066	0.0271228549206482	0.0656562962691423	69663	Ddx51
69666	26.4	27.2	-0.0348564562773575	1.62911345074763	0.106566549558291	0.777682779430469	0.851641215880726	69666	Psmg4
69668	270.6	274	-0.016546431301423	3.50825868099391	0.0807672324028795	0.803049184979169	0.86923875062962	69668	Ccdc115
69672	2388.4	2105.6	0.183225587442465	5.75431374962686	25.2819863990528	3.94952691028133e-05	0.000323139283516179	69672	Txndc15
69674	396.6	415.4	-0.0572141788580875	3.35341832033223	0.550399846904108	0.465405961812376	0.594708724278481	69674	Mif4gd
69675	3512	2627.8	0.420196272818943	7.1363921337823	46.837767771414	4.47851223282257e-06	5.51558761175635e-05	69675	Pxdn
69681	77	53	0.55515046692804	1.27766725484333	21.786543409008	9.83235997217854e-05	0.000680310823541736	NA	NA
69683	2806.2	2746.2	0.0317629938028426	7.19617410302694	1.1678725953646	0.290657567659989	0.418567376681185	69683	Emc10
69684	2285.2	2543.2	-0.156036491047604	5.37691020391148	11.1748501443974	0.00273081097507695	0.0102045351173118	69684	Aarsd1
69692	382.8	451.8	-0.242811779017236	3.06059800534138	11.1759861689092	0.00272967796861072	0.010202939063434	69692	Hddc2
69694	354.6	371.6	-0.0569865641132821	2.92095798010864	0.494824713539751	0.488601249491179	0.615198950722979	69694	Tatdn1
69697	1308	1412.8	-0.109758193564701	5.20366224936637	6.61697604021534	0.0167685797902494	0.044545681361563	69697	Camsap3
69698	41	41.2	0.00486205641034628	1.07643782274603	0.00106439062976351	0.974245427808873	0.98425549825606	69698	Slc52a3
69700	89.6	111.4	-0.339010304949454	2.41738099779776	11.2162694361995	0.00268983205792987	0.010093154871578	69700	Col22a1
69702	999.6	888.2	0.17664371522029	4.27614977892604	11.2104688351043	0.00269553028473595	0.0101119114289056	69702	Ndufaf1
69707	96.2	97.4	-0.0151112211378591	1.68335749969118	0.0169147682830086	0.897613390481756	0.935519062758109	69707	Iqcg
69709	674.8	627.4	0.108733397227388	3.11165394466184	2.31640787577702	0.141178898467747	0.241319749107475	69709	Ptrhd1
69710	143.6	182.8	-0.352247719795524	3.97379934976856	42.9100967998534	9.27293283992574e-07	1.53178252878042e-05	69710	Arap1
69714	637.6	646.4	-0.0214927137656536	4.26392816013256	0.170577158076748	0.683292984465661	0.779941245265272	69714	Tfpt
69718	2464	2080.4	0.245747414864002	5.26276812834895	45.9955186745508	5.35433336115938e-07	9.79856004396209e-06	69718	Ipmk
69719	1845	1378.8	0.423191409969945	5.12851190592035	93.766581170598	9.87568048683859e-10	7.05860359987234e-08	69719	Cad
69721	2586.8	2536.8	0.0270728205235612	6.40723635232682	0.514014271833007	0.480376703198397	0.607840748317397	69721	Nkiras1
69723	463.6	472.6	-0.0265392322365323	3.57099322058949	0.223651246662304	0.64057592298039	0.744462843994416	69723	Rpain
69724	912.6	958.4	-0.0547240626374273	3.40629310967126	0.520467756031375	0.477663231101094	0.605626696696071	69724	Rnaseh2a
69726	847.8	955.8	-0.176910264693813	4.31145453483616	12.9570723005447	0.00145122340252006	0.00613995725237565	69726	Smyd3
69727	7917.4	8675.2	-0.130920259323265	6.76660406760417	16.0022442414804	0.000532478022296754	0.00273894567056131	69727	Usp46
69731	579.8	565.6	0.0320034617670963	3.89924355917799	0.237180195125296	0.63070100574575	0.736777849919104	69731	Gemin7
69736	290.4	285.4	0.0200528998130225	1.76644613427335	0.0392020225772507	0.902311559628969	0.938201958033661	69736	Nup37
69737	3469.4	4128.6	-0.254492331442382	6.71345643326809	46.286858643847	5.09033981339793e-07	9.45704005949276e-06	69737	Ttl
69740	184.8	201	-0.121252618212451	3.00251754659214	3.08419554115328	0.091905713541958	0.171956406831458	69740	Dph5
69742	2024.6	2018.6	0.00586232006403535	5.62511776673222	0.0234750092490927	0.879518634578569	0.922805048214187	69742	Tm2d2
69743	385.8	438.2	-0.176527641741636	3.56836356759607	7.02755998626593	0.0140386607965568	0.0387537821148646	69743	Casz1
69745	84.2	81.4	0.0733468083443893	1.66221199787977	0.332632818600866	0.569522811735936	0.685590299061482	69745	Pold4
69747	234	254.8	-0.117540100394549	2.73574101961509	2.72087398773961	0.112168657422286	0.200927720210897	69747	Zswim7
69748	242.4	283.6	-0.224302670953832	2.43588221479082	7.18543207605434	0.0131229333999313	0.036709672800969	69748	Aldh16a1
69749	25.2	24.2	0.0548415283492219	1.51017004184655	0.249444535728416	0.642527029068356	0.746043265823745	NA	NA
69752	140.6	131.6	0.0878521464148073	3.86451132622052	2.58216882004677	0.121247710357455	0.213591030530976	69752	Zfp511
69754	1174	1178.6	-0.00364421262241209	4.32073464507424	0.00580786501548843	0.939888921253969	0.962735062561467	69754	Fbxo7
69757	79.4	70.6	0.170325127405563	3.0967022151123	4.17275358488516	0.0522943201864082	0.111020098296694	69757	Leng1
69769	34	31	0.119005919243581	0.813184193071942	1.09842707577436	0.371404595932025	0.505250073374258	69769	Tnfaip8l2
69770	35.4	27.8	0.329169991774828	1.34024308968863	8.19493123793974	0.00861676339648413	0.0261707707780588	69770	1600002K03Rik
69773	1910.4	1816.6	0.0735482060984765	5.29301743025228	3.78218144150088	0.0636974741635401	0.129019519557148	69773	Timm29
69774	68.6	36.6	0.851599953931659	0.29521600959325	23.3630114658133	6.45851572595979e-05	0.000480202604439418	69774	Ms4a6b
69780	10985.2	10735.8	0.0315807040243892	7.73670435035291	0.81876835032705	0.374600523578535	0.508019888140753	69780	Smap2
69784	550.2	513.8	0.0985076746210709	3.52403551410792	2.25500562975816	0.146322041417591	0.247854070860174	69784	1500009L16Rik
69786	644	712.8	-0.142809228523928	4.59313629820405	8.15893202728155	0.0087443439237451	0.0264914582003378	69786	Tprkb
69790	922.6	1155	-0.325050690048552	3.50762178113534	31.6095153229438	8.91480697824238e-06	9.62319791363072e-05	69790	Med30
69792	613.8	582.6	0.0783211914767071	3.83674750798469	2.27737000109011	0.14442332805648	0.245500974212438	69792	Med6
69802	1726.6	1585.4	0.124904334149224	3.87811754704467	5.36819021810692	0.0294275706405736	0.0700850397164032	69802	Cox11
69804	1525.2	1396.6	0.127076053467776	5.24583777761719	9.51712500512168	0.00509431090023156	0.0170407705975346	69804	Tmem147
69806	814.8	828	-0.0187192119678167	3.65224379086726	0.0833502348734724	0.775304718835643	0.849873828276055	69806	Slc39a11
69807	24413.8	25299	-0.0501890070857816	7.61881853027161	2.32664643282327	0.140342377709868	0.240202335987973	69807	Trim32
69812	6.6	6	0.144053230898557	0.445759847569214	0.73440234628716	0.399998429490836	0.533257452486676	NA	NA
69815	161.6	89.4	0.85875103833788	2.06353514620841	56.2952468643402	1.00999483332396e-07	2.59933034985396e-06	69815	Krtcap3
69821	833.2	891.8	-0.0979527521404422	4.36418172366868	3.74436231925473	0.0649440593023681	0.130884193133914	69821	Mterf4
69823	5412.6	5149.4	0.0743763306266831	6.40486831470615	4.12221987450898	0.0536307073013741	0.113148189072261	69823	Fyttd1
69833	688.6	672	0.0392512069581185	4.14662409373446	0.429490222147253	0.518517929990867	0.641556082870055	69833	Polr2f
69834	554.4	510.2	0.120293537619973	4.55739577849418	6.17380945272393	0.0203920784089274	0.0520938673246087	69834	Rab43
69837	391.8	392.8	0.000782983649152211	3.06794411774541	0.000151876119741392	0.990269898270824	0.993500458777434	69837	Pcgf1
69847	26.4	23.2	0.179784989776854	2.8862885969643	3.45845350058459	0.0753697161484674	0.147036560562822	69847	Wnk4
69860	1795.6	1817.6	-0.0156411269462321	4.70408972796498	0.118160550355553	0.734053437523731	0.819856141217742	69860	Eif1ad
69863	1406.4	1438.4	-0.034504363197963	6.3352977598459	0.647955967446873	0.428817384738046	0.561119543636041	69863	Ttc39b
69870	582.4	558.2	0.0637803914700303	4.31081961315155	1.385579378526	0.250779660062965	0.374537012456095	69870	Polr3gl
69871	248.6	242	0.0200491104876173	2.33979950430388	0.0312701302041869	0.861139992296377	0.909795881050496	69871	Ppp1r35
69875	971.2	1045.8	-0.110695571533089	5.64399644353439	5.77495608213321	0.0244067307888855	0.0603549849140378	69875	Ndufa11
69876	127.2	148.6	-0.229495559689686	3.23604835798274	12.3010680216307	0.00182366515821304	0.0073980511357876	69876	Thap3
69878	72.8	68	0.108527415906617	0.59542599819979	0.47131545950031	0.499010667260094	0.624342559531037	69878	Snrpf
69882	616.4	558.2	0.142475390412817	4.35892528941799	8.26272835952296	0.00838201268332146	0.0255976360288883	69882	Ints14
69890	418	417.4	-0.00166180884206049	4.75755544608276	0.00141426732181801	0.970314580559802	0.98172525181376	69890	Zfp219
69893	304.4	311.6	-0.0403109109361718	3.32045354093877	0.433927255714956	0.516384646447946	0.639463989012904	69893	Coa7
69894	1917.4	2244.6	-0.225768613661399	4.06140473888802	11.7091886343463	0.00225050677311077	0.00873960905388048	69894	Fam241b
69895	126.6	127.8	-0.0127668534783138	3.28507850967247	0.0365449874061927	0.850014250245699	0.901335630038247	NA	NA
69900	2357.6	2462.6	-0.0669035053868873	4.50798849182346	1.80374977439865	0.191915544920945	0.304862873534162	69900	Mfsd11
69902	696.4	686.6	0.0262513846256299	3.76608554955055	0.168983426922403	0.684691116849161	0.781284076966746	69902	Mrto4
69903	530.8	490.2	0.119332192437292	2.99254232209325	1.78984679784981	0.193576160166015	0.30689369518916	69903	Rasip1
69906	484.2	421.4	0.205373570676551	3.24291388876793	10.4071585741027	0.00362838412970347	0.0129749292950851	69906	Slc25a32
69908	1806.6	1809.2	-0.00652479854016053	5.68238465642307	0.0164028320875752	0.899233802123016	0.936353675951738	69908	Rab3b
69912	443.8	477.2	-0.0920294875463575	1.61427431072927	0.734417492825331	0.44058778843903	0.57195736534112	69912	Nup43
69917	568.8	557.2	0.0260437473480679	5.58979154568995	0.168435123586298	0.686394405023426	0.782795071027978	69917	Nabp2
69920	88.6	88.8	-0.0131962776494363	3.68576354669993	0.0372054918478815	0.848682171593481	0.900692863666913	69920	Polr2i
69922	975	1297.6	-0.398523238923535	0.611971643938481	5.28923717144447	0.030530014110659	0.0722581994359694	69922	Vrk2
69923	1029.4	988.8	0.0604068830663902	4.22868221210203	1.86104112548757	0.185254421975895	0.29652970707977	69923	Agk
69926	505.4	484.6	0.0690041379246528	1.5494278884112	0.302992824585622	0.587136950007925	0.700782615641168	69926	Dnah17
69928	41.2	42.8	-0.0797145984568899	1.15586389614656	0.360634444021578	0.553824577688709	0.672122623502317	69928	Cenps
69930	747	671.2	0.146823940486418	3.86538923863618	6.50405207768814	0.0176188499094041	0.0463698273796427	69930	Zfp715
69934	632.2	672.4	-0.0912119504503402	3.6131101999341	2.05771955514778	0.164433900092166	0.271006566924991	69934	Trmt10b
69938	2288.4	2603.2	-0.187535166476375	7.18434212158727	23.53161968844	6.18014200347044e-05	0.000465491258562594	69938	Scrn1
69940	2937.4	3278.4	-0.160191393733091	5.82257513330019	17.9776388446335	0.000290626160815028	0.00167292334863418	69940	Exoc1
69942	146.2	143	0.0283529103559303	2.40987182232542	0.126669866089964	0.725042383250549	0.812447678696289	69942	Rnf113a1
69944	424.8	394.4	0.106334885762869	3.35341867767516	2.46146760551193	0.12985735286378	0.225813062836029	69944	2810021J22Rik
69952	336.8	239.2	0.517427405098784	2.4080906749303	25.7109768134255	3.54822190545217e-05	0.000298007152321125	NA	NA
69953	338.8	338	-0.0099061550601496	3.12110452900156	0.0205822320167729	0.887129456205114	0.928095625361082	NA	NA
69955	328.2	336.2	-0.0451528827553264	3.61517476730817	0.588108598701919	0.450684630428481	0.581340037291886	69955	Fars2
69956	2431.2	2616	-0.105416507023956	5.44687449428701	8.34910252908964	0.0080930659629439	0.0248464688675427	69956	Ptcd3
69957	3030	3004.4	0.0149035912565195	5.5385625959519	0.166803982496718	0.686615672842316	0.782923866776809	69957	Cdc16
69961	291.8	244.8	0.260523946198761	3.04852486298115	12.4474569800216	0.00173230898497274	0.00711329376954433	69961	Rpp25l
69962	694	695.8	-0.0058381738527002	1.86637212685986	0.00407743845786082	0.949618583212874	0.96837780455474	69962	Mettl18
69974	24	25.6	-0.168119437057613	0.473020925081786	0.993382628306212	0.32893315276097	0.460207123222056	NA	NA
69976	969.2	1085.2	-0.165609966634056	4.3975836298742	12.4815757157458	0.00171174238720274	0.00704485320746822	69976	Galk2
69981	23364	23202.6	0.0104402929515601	8.37632734402174	0.0906307389662581	0.765988621617291	0.843311061537509	69981	Tmem30a
69993	377.8	393.2	-0.0620867493515639	4.87645273437895	1.24610079762489	0.275473759849458	0.402071622299652	69993	Chn2
70004	24.8	28	-0.225798427325631	0.0281037242654546	1.38636366078419	0.250649301520628	0.374419698654316	NA	NA
70008	139	125.6	0.156477690411618	1.25947267888551	1.3793849668928	0.251812329665841	0.375458573652782	70008	Ace2
70012	1020.4	985.2	0.053865600611743	4.22423808590935	1.26109743185938	0.272633252789405	0.398971452446902	70012	Cep85
70020	440.6	436.8	0.00816951970712637	3.39762333143411	0.0105358666420089	0.919104328139585	0.948977352591582	70020	Ino80b
70021	24	15.8	0.551224613381841	1.44574999206048	16.8949500887082	0.00040338202587375	0.00220101313777998	70021	Nt5dc2
70024	448.4	457	-0.00725428348023994	0.653939526790084	0.00248239033385062	0.960678331338971	0.975617752949156	70024	Mcm10
70025	7216.6	6776.2	0.0898908919625293	7.90074304117635	8.84827868662997	0.00662346497530664	0.0210084623114071	70025	Acot7
70028	4775	4880	-0.0305669326125922	7.11581997644788	0.65466345396579	0.426457435489568	0.559094401139793	70028	Dopey2
70036	257.6	272.2	-0.108840057367808	1.5777314665546	0.626399771991168	0.436488351703569	0.568225041477383	NA	NA
70044	371.2	330.4	0.169286302683883	4.59184982106519	14.2802570973965	0.000928296300417273	0.00431433914026729	70044	Tut1
70047	1183	1096	0.10862960800562	4.39736165361307	4.21880440591107	0.0511091705501912	0.108829102995354	70047	Trnt1
70052	1851.8	1718	0.110979237011417	4.30602335653587	4.30144387949833	0.0490576109341878	0.105360877926114	70052	Prpf4
70057	351	522.4	-0.574291949601889	1.15008348495894	16.8973218405783	0.00040308820524355	0.00220101313777998	NA	NA
70059	261.8	223.4	0.23036091812544	2.87683928793749	7.73068542514325	0.0104325540365996	0.0305123707092293	70059	Degs2
70078	1127.2	1265.6	-0.166830355652375	4.65352641843949	12.383829969476	0.00177138742007033	0.00723675346797526	70078	Nol7
70081	453	472.2	-0.0633339523733523	1.62362717295242	0.392156811073793	0.537122239289147	0.658263934770674	70081	Zfp995
70082	3557.8	3422.4	0.0585620838426175	5.3692656049776	2.10146780640096	0.160195228398375	0.265808957785571	70082	Lysmd2
70083	528.4	558.2	-0.0791049422868668	4.60305124313428	1.46905178217979	0.238370236815382	0.360360150918265	70083	Metrn
70088	2345.2	2480.8	-0.081286066394871	5.51723839139049	3.28855889656839	0.0823822795640968	0.157966764237126	70088	Meaf6
70093	6067.8	5749.6	0.0786276209651543	6.73404627495034	5.42357442545372	0.0286807258006656	0.0687481278147297	70093	Ube2q1
70097	2074	2348.6	-0.176826610262035	6.17191078280284	20.8715716977524	0.000126394706416181	0.000838416285699623	70097	Sash1
70099	341.6	334.6	0.0166928548438741	2.85935435067269	0.0499931467794188	0.824981389311678	0.884387282306985	70099	Smc4
70101	93.2	101.6	-0.120667942861104	1.66554147538611	1.48207106681149	0.235372352590881	0.35683942482944	70101	Cyp4f16
70103	254.2	272.2	-0.100108050726326	4.88931212740574	3.86199525480972	0.0611548912623951	0.125126438891951	70103	Znhit1
70110	59.4	48.2	0.283887830780238	1.23292144574358	5.8632614466346	0.0234474595938938	0.0584528425267577	70110	Ifi35
70118	81.8	95.2	-0.221685680001774	2.79037433397444	9.79416802785724	0.00457824290770845	0.0156587607638471	70118	Srrd
70120	1757.2	1653.4	0.0869609867458081	3.85037313750247	2.9960253605655	0.096402620902297	0.178321408052444	70120	Yars2
70122	1539.8	1512.2	0.0262533099597651	5.14562730526461	0.352872180731211	0.558090819767159	0.676051350059883	70122	Mllt3
70123	266.8	272.4	-0.024359825836908	2.9672136065808	0.0566569926702428	0.814087861991133	0.877074087449302	70123	Nbdy
70127	13.8	11	0.334215420243179	0.584181806919325	3.70954500134802	0.0661162850985803	0.132654745254703	70127	Dpf3
70144	291.4	251.4	0.219962320113343	4.70649431741232	16.7778975154697	0.000418176627725117	0.00226718866359296	70144	Lrch3
70152	457.2	278.6	0.718672490116404	4.36009297262352	78.6563963447859	4.68721912298071e-08	1.42031583235981e-06	70152	Mettl7a1
70153	118.4	129.4	-0.1417354769507	3.04048053146314	4.00302039058834	0.0569387621898352	0.118471693205723	70153	2210016F16Rik
70155	4275.6	4159.2	0.039426533506583	7.13645044785349	1.01332842551319	0.324222096634729	0.455511876434523	70155	Ogfrl1
70160	1491	1522.4	-0.0287724193994677	3.9647159197367	0.310001909779304	0.582872092405615	0.696755778461667	70160	Vps36
70178	2079	1843.6	0.174820353922767	4.72269582850555	16.0750577550318	0.000520420120480505	0.00268744280865495	70178	Abhd17c
70186	1535.8	1599	-0.0575953513925275	4.20798234326198	1.13661008490285	0.297055337863613	0.425323214807396	70186	Fam162a
70207	612.6	614.8	-0.00546145667832856	3.55935390129271	0.0072257251295908	0.932968311136213	0.958563517127664	70207	Taco1
70208	1928.2	2035.6	-0.0746803322114101	5.66710371494342	3.81660941305294	0.0625862750629917	0.127339811340158	70208	Med23
70209	429.6	486.4	-0.182014730144281	4.25567803985111	12.8738855978244	0.0014934850606725	0.00629235689609191	70209	Tmem143
70223	9640.8	9921	-0.04202761527926	7.86996238665842	1.71519487086622	0.202802292295567	0.318066876393243	70223	Nars
70225	565.2	612.6	-0.118961534645324	3.81664698936087	3.32586546021016	0.0807690145943096	0.155471479151172	70225	Ppil3
70231	5193.8	5206.6	-0.00831741913045263	6.71847943956643	0.0282187741578624	0.868281806388617	0.914666950626126	70231	Gorasp2
70233	2672	2566.8	0.0586440618336017	6.36261401162583	2.93371477115609	0.0997344492191573	0.183195034821922	70233	Cd2bp2
70235	209.4	236	-0.169275778720366	3.48702625219342	8.31300815326391	0.00821245836634659	0.0251382620133786	70235	Poc1a
70237	3666	3071.6	0.255903340913793	6.17009685778314	49.3603016327002	3.02445411239563e-07	6.23508533016785e-06	70237	Bhlhb9
70238	1478.2	1496.2	-0.0199783169951428	5.18279026943674	0.255941708308517	0.617571361745888	0.726548629551935	70238	Rnf168
70239	808	801.4	0.0104203840716309	4.20423361793828	0.0447151931675903	0.834327076045179	0.890420821317566	70239	Gtf3c5
70240	61.2	71.2	-0.234531846428011	2.71678227213909	7.33509170915528	0.0123153768144777	0.0348417413342064	70240	Ufsp1
70247	4916.6	5137.6	-0.0661444930582488	7.25252039310326	2.7851578480086	0.108305972249766	0.195584457904712	70247	Psmd1
70248	1296.2	1336	-0.0423113783710627	5.3699192003264	0.859477548679717	0.36318232490345	0.496494592277921	70248	Dazap1
70252	51.6	66.4	-0.331153721439405	0.460788527121294	3.3378424329381	0.0802588008625491	0.154695387073914	NA	NA
70257	15321.2	15909.2	-0.0505579633919659	5.57032869661937	0.762831396749508	0.392755022501363	0.525783189333584	70257	2010107E04Rik
70261	0	0	-0.538196998781716	0.0119558703947055	6.04712739747151	0.0215816104012765	0.0545160078189533	70261	Chp2
70266	197.6	184.4	0.0938666859895087	3.50632789284359	1.83542397999104	0.188197208607081	0.300176832179072	70266	Kyat1
70274	82.2	63	0.366889794627571	0.60373581409287	5.03292789032304	0.0344394250922699	0.0796714869212019	70274	Ly6g6e
70285	266.4	250	0.0926271398877865	3.41847407457373	1.72961631831034	0.200978283584235	0.315891704102494	70285	Rpf1
70292	845.2	953.6	-0.174090905785645	4.57955000992471	18.4530259756321	0.000252402507344361	0.00149150688518209	70292	Afap1
70294	962.4	982	-0.0319990599268925	5.92217208527531	0.673831914690166	0.419857226798216	0.552949098509468	70294	Rnf126
70296	2740.8	2464.6	0.155285649110226	5.80235322780437	20.1838686111064	0.000153216764095473	0.000986896215791427	70296	Tbc1d13
70297	3875.4	3735.4	0.0532869509489521	6.48711148666141	2.15234604836528	0.155429967207295	0.259991291055924	70297	Gcc2
70300	191	207.8	-0.118201751259123	3.64805636305034	3.74297363240429	0.0649903582103909	0.130927296106464	70300	Fuz
70310	148.2	183	-0.311392750242202	3.67901397963925	28.4731411843869	1.82067885634203e-05	0.000172791150292631	70310	Plscr3
70312	411.6	396	0.0584255110084462	4.75299956404597	1.8132855149979	0.190786691850589	0.303636957058844	70312	Cactin
70314	275	304	-0.151520079678456	3.71384691881754	5.40036001748751	0.0289911642354585	0.0693198160230468	70314	Rabep2
70315	591.2	499.4	0.241112864202497	3.57158763807025	17.4997841923354	0.000335481949545201	0.0018904702139284	70315	Hdac8
70316	1399	1457	-0.0609616599200214	3.27432320134391	0.419372278025037	0.524035243422665	0.646611354655216	70316	Ndufab1
70317	412.8	413	-0.00362114681734868	4.23835875694293	0.00479033298017156	0.945398346791896	0.9655729016768	70317	Arl16
70325	205.8	190.8	0.0932508061906906	2.28798671657159	1.17953197881783	0.288318601012757	0.415862394874603	70325	Pigw
70333	617	602.8	0.0329825418641961	4.41441262013257	0.447731556460034	0.509847018475654	0.634302703137124	70333	Cd3eap
70335	116.2	147.8	-0.349084928167213	3.12023895780757	23.120301933199	6.88342989698843e-05	0.000505811366197614	70335	Reep6
70348	117.8	123.8	-0.0998699676554866	0.57976031712618	0.320744757861295	0.576457161126551	0.691633751716042	70348	Ube2cbp
70349	3230.6	3072.4	0.0736806190326171	5.99426339790104	3.97088465853448	0.0578697148281247	0.119846725462743	70349	Copb1
70350	27166	28063.8	-0.0499087184151089	8.89100285773953	0.591215879441512	0.45504736192919	0.585394190099311	70350	Basp1
70351	1695.8	1673.2	0.0196939777679419	5.57868669056797	0.190309288650658	0.666587121296721	0.766507935349156	70351	Ppp4r1
70354	3517.6	3553	-0.0152168180929076	7.56052048516581	0.247294484405819	0.623545097625481	0.730939500417429	70354	Secisbp2l
70355	48.2	59.6	-0.320152929844665	1.82588773311013	6.54585917757675	0.0172986204227207	0.0456850465174501	70355	Gprc5c
70356	3272	3047	0.101243637951245	6.8668184285108	6.63574600157434	0.0166317003993217	0.0442634132888594	70356	St13
70357	1125	1106.8	0.0234943701506563	4.81654704598575	0.264261907594651	0.611942757861942	0.722160403505593	70357	Kcnip1
70359	492.4	525.4	-0.0952731091602751	4.39772827710935	3.57448463827661	0.0708972786783079	0.14028764352828	70359	Gtpbp3
70361	847.4	796.4	0.0907472718312668	5.16318444108801	4.81854283782204	0.0381421536455489	0.0862764771193683	70361	Lman1
70362	145	159.2	-0.133554387298974	2.30156967591188	2.04495033433479	0.165696505302251	0.272497131373164	70362	Actl10
70363	37.2	26.2	0.445545712176783	2.65054423816509	19.1208401109576	0.000207646333315857	0.00126850039294192	70363	Fam135b
70369	2567.8	2268.4	0.180025230399666	5.54997256864333	22.5852545036048	7.93143672111446e-05	0.000567810729900884	70369	Bag5
70370	143.4	175.2	-0.315832167368166	0.924705135700117	6.36678406789195	0.0187173231432501	0.0485012887616596	70370	Fbln7
70373	869	827.4	0.0712878099240765	5.42325054926393	2.76278278991402	0.109583661257327	0.197398085719517	70373	Gpatch2l
70375	3224.2	3176.6	0.0223216713328135	5.61790911874452	0.420763969118127	0.522760103006551	0.645368511176691	70375	Ica1l
70377	15	7.4	0.895352164000992	1.03555252415561	42.5900406863995	9.83118217062682e-07	1.60383642318555e-05	70377	Derl3
70380	934.6	916.6	0.0277924660697813	3.37983171885269	0.222054570684613	0.648745740501094	0.751152548293762	70380	Mospd1
70381	2402.2	2193.2	0.130978746714898	6.90678719523054	12.8423468329025	0.00150985738378941	0.00634957190145247	70381	Tecpr1
70382	5968.8	6380.6	-0.0938662853242062	6.09283424761562	3.53665448587277	0.0736861393504302	0.144493210985093	70382	Kctd2
70383	944.4	890.2	0.0826119700788514	4.69025556197914	3.47378358148806	0.0747193342746995	0.14611696136427	70383	Cox10
70387	812	799.2	0.0207745246287523	4.7040594535124	0.21770341210692	0.645033969785294	0.747899967854696	70387	Ttc9c
70394	814.8	921.2	-0.178924919739317	4.26249162316076	11.8546225638627	0.00213635318762509	0.00838188082897204	70394	Kptn
70396	2789.2	2733.2	0.0276019946963808	4.33308318452159	0.282394831249421	0.600056078897559	0.711560469635353	70396	Asnsd1
70397	2160.2	1824.6	0.240844592533318	4.51609762895618	25.8973314304148	3.38788828907838e-05	0.00028771173519588	70397	Tmem70
70408	878.2	917.2	-0.0629680838835585	4.5168314506826	2.14351421904298	0.156244812828519	0.260841132435137	70408	Polr3f
70415	16.4	17.6	-0.118901212404294	1.71814039442781	1.27521067272318	0.270034050212222	0.396291213500605	70415	Stk26
70417	550	533.8	0.0372810239885383	4.58969308012521	0.322964697787237	0.575652003511871	0.690916187707085	70417	Megf10
70420	389.4	462.2	-0.249094981925954	3.58833565848631	16.4346267211772	0.000465077430582998	0.00246868497306157	70420	Arpin
70422	999.4	982.6	0.0192029742316283	4.77815502814275	0.116920556370518	0.735396672198134	0.820755168480243	70422	Ints2
70423	268.4	305.4	-0.183888835842319	3.13836137086066	4.85550478754434	0.0374731486407246	0.0850426896613336	70423	Tspan15
70425	3413.4	3176.8	0.106763423258838	6.04742196871558	8.05532410491921	0.00912327058179372	0.0273925535914513	70425	Csnk1g3
70426	94.6	94.4	-0.0341430531612502	2.5417203190216	0.0819107925769922	0.777469429585828	0.851534000075252	70426	Tekt5
70427	1079	997.8	0.110555908286825	5.26081111440635	6.21104206306982	0.0200564332975177	0.0513999444826811	70427	Mier2
70428	316.2	298	0.0800431829914176	3.99872966074732	1.91218586929053	0.179545708388285	0.289476148248107	70428	Polr3b
70430	2225.4	2436.2	-0.131491203626782	5.78176031267088	14.2177189237322	0.000947727722372006	0.00437650367385462	70430	Tbce
70432	2378.2	2347	0.0190364355038606	6.4289945015368	0.340361795307468	0.565103134192443	0.682030786708214	70432	Rufy2
70435	3583.2	3073	0.221922140976313	7.71983181124334	30.4789879479245	1.31065796565291e-05	0.00013303546513727	70435	Inf2
70439	1849	1797.4	0.0390219719316249	5.67145986874755	1.22283871492361	0.279846475973771	0.406931686491437	70439	Taf15
70441	518.6	596.2	-0.197377529482245	2.70217715885837	4.76536410667524	0.0391282907882048	0.0881072308852956	NA	NA
70445	36.2	51.6	-0.516964365525316	1.90696798499548	26.755838548354	2.74431120991643e-05	0.000241132366128462	70445	Cd248
70450	361	236.4	0.634142189379149	0.721721125057207	15.3881162538967	0.0006471716551406	0.00321119776979136	70450	Unc13d
70451	136.2	128	0.0758269093554421	1.9235795159053	0.516428956963222	0.47935837998456	0.606977312684786	70451	Dhrs13
70454	37.2	34.8	0.0930198433872938	0.302654801556301	0.327748692766473	0.572351373455841	0.688135647307496	70454	Cenpl
70456	9258	9123.4	0.0243502022596631	5.53342274123022	0.260687869420277	0.614346617709748	0.724169467654274	70456	Mpc2
70461	507.6	509.4	-0.00251767789517283	4.22732925041702	0.00227360878131503	0.962366855080948	0.976212402508248	70461	Crtc3
70465	2455.6	2674.2	-0.122805522242608	5.75367676902303	13.5956276782546	0.0011670992753055	0.00517144479621879	70465	Wdr77
70470	1510	1353.8	0.154736523550152	4.93449264133482	14.3803530061091	0.00089809297801389	0.00419402201831427	70470	Rprd1b
70472	378.6	530.4	-0.483495754106599	3.86384389245076	41.6089793729895	1.24613839118636e-06	1.93258415302657e-05	70472	Atad2
70478	1583	1569	0.010691835879925	4.85516396605484	0.0784188428272805	0.781868803840735	0.85434188904187	70478	Mipep
70481	113.8	168.2	-0.572613454751184	1.43552025052333	30.278196080085	1.20073037541911e-05	0.00012352567150397	70481	Pnma1
70494	1762	1717.8	0.045131109862477	4.16229322147638	0.574171712954623	0.456036179440462	0.586227938245504	NA	NA
70495	18375.6	17533.6	0.0681231891642647	7.9461016366714	3.53961913913182	0.0721947239144951	0.142194926217732	70495	Atp6ap2
70497	474.8	467.8	0.0247838840092769	4.14581150825897	0.209543531242799	0.651272999631273	0.753248707185779	70497	Arhgap17
70503	54.4	54.4	-0.00680477448117201	2.19700984862181	0.00607232262880093	0.938538414741512	0.961897060673177	70503	Ddo
70508	318.2	278	0.192385617921154	4.61407564659243	13.3122040018793	0.00128492213882659	0.00558886949181106	70508	Bbx
70510	2899.2	3022	-0.0593701254658289	6.13375683122792	3.35675108610191	0.0794608086336135	0.153519567928646	70510	Rnf167
70511	66.6	66.8	-0.00316990016152327	1.44176236592497	0.00077720644903607	0.984050054593082	0.990200768723377	70511	Eef2kmt
70527	1150.6	1243.6	-0.112576122661178	4.85926472138951	6.48308992149233	0.0177818790892328	0.0467053026268891	70527	Stambp
70530	819.2	632.6	0.370794374781052	4.82722375766563	26.4006663722637	6.40396557031785e-05	0.000478517436769811	70530	Lrfn2
70533	1120.8	1262.4	-0.171826587196513	5.0521200232015	11.4225599750178	0.00249550021804932	0.00949959445659333	70533	Btf3l4
70536	517	515	-0.00568398832318046	3.20567717136377	0.00506873090399746	0.943836834376834	0.96445511517022	70536	Qpct
70544	3531.4	3684.2	-0.0606710519177539	4.81278432827337	1.27095753967692	0.270813911073703	0.397072861702101	70544	Tmem242
70546	2019.8	1996.6	0.0160110922814879	5.70966709600833	0.0632847071595257	0.804306360448597	0.86977735552327	70546	Zdhhc2
70549	7333.6	6832.6	0.104260478941076	7.48990632139431	7.51266926666042	0.0114274947780205	0.0327919415369285	70549	Tln2
70551	228.8	206.8	0.150489457788965	3.55330424874393	5.02505502845308	0.0345680614985556	0.0799051272829238	70551	Tmtc4
70552	142.2	165	-0.218303679158642	2.08750529199724	5.21884394984568	0.0315518970628534	0.0741305461876597	70552	Lrrc56
70556	4191.4	3751.8	0.154134244764509	4.57715422491711	8.01268780567592	0.00928442104601966	0.0277840624842998	70556	Slc25a33
70560	324	336.2	-0.0310155526281739	2.49795587855562	0.107937230755105	0.745375225755067	0.827660252981773	70560	Wars2
70561	3052.4	2988.2	0.0320897918971017	6.05517129583694	0.74365938375215	0.397088884637561	0.530356933889421	70561	Txndc16
70564	1849.6	1863.8	-0.0120635515998711	6.01726460289459	0.0534981441904966	0.819377543159868	0.880737934768553	70564	Fam213a
70567	1351.8	1412.4	-0.06531657118818	3.66417207145437	1.20377858669455	0.28353403043918	0.410555123395566	70567	Fra10ac1
70568	260	252.8	0.04614351379524	3.35169293923905	0.399384640259016	0.533425370831411	0.655066296516331	70568	Cpne3
70571	458.4	379.8	0.277602595124962	3.49085411059358	12.5448551237371	0.00167429994533225	0.00691240542982927	70571	Tcerg1l
70572	8910.8	8466.8	0.0732069917184337	7.59320231048274	5.53108516825729	0.0272905044559839	0.0659847723985488	70572	Ipo5
70573	510.6	522.8	-0.0273633397458411	3.65272298186307	0.20421450188443	0.655427776041055	0.757036365262699	70573	Tbccd1
70574	119.6	79.4	0.578773463720262	2.75575787972608	46.1964301967532	5.1707366493314e-07	9.58177276018411e-06	70574	Cpm
70575	929.8	838.6	0.148828945109053	4.41873619980356	9.07139335222434	0.0060636367081985	0.0195808322118635	70575	Gfod2
70579	5717.4	4642	0.301836677434524	7.10634447167461	77.1873972284515	6.15405384186464e-09	2.84187521502593e-07	70579	Zc3h11a
70584	49.6	48.8	0.015534513020637	2.80870475227898	0.0392021457032684	0.844728465101607	0.898086833731814	70584	Pak4
70591	2275	2433.8	-0.0982467475835474	5.82599067267382	6.87540209913355	0.0149884377764564	0.0407913537226324	70591	5730455P16Rik
70592	455.2	403.4	0.221900797224701	0.356636534702975	1.40554383811598	0.247488232365732	0.370733607633156	NA	NA
70598	11	13.8	-0.288918693886276	2.69559529806916	9.93784972580135	0.00433338279976217	0.0150167142142801	70598	Filip1
70599	1464.4	1399	0.0654363439501117	5.61768049253369	3.38091081616089	0.078454412550343	0.151862709936799	70599	Ssfa2
70601	1437.8	1317	0.125081912870969	5.46016579332954	6.5034332260871	0.0176401717305836	0.0464174480600502	70601	Ecd
70603	48	46.4	0.0678540056042274	1.17139494018704	0.213106859910369	0.648530574315211	0.751050470407183	70603	Mutyh
70604	4.6	4.8	-0.0957687950944337	2.78120315353081	0.50847460290532	0.484986232622012	0.612226288761447	70604	Dnajb14
70605	822.6	832.4	-0.0183077507293024	4.55200338353772	0.181798250027675	0.673660330450771	0.772355549800543	70605	Zdhhc24
70611	3429.8	3141.8	0.125136194723211	5.74647704654275	10.8365293473219	0.00309227509745514	0.0112936406733422	70611	Fbxo33
70612	977.6	931	0.0771693543645941	3.76907560877255	1.70161288887644	0.204538927493468	0.320165221788022	70612	Tmem230
70615	1061.4	1226.8	-0.20745519353532	5.85312495881825	23.8299105364636	5.71906158466649e-05	0.000437835360936279	70615	Ankrd24
70616	723.6	831	-0.202887909765757	5.74415508338461	21.8189145817844	9.746353243458e-05	0.0006753297688444	70616	Sugp1
70617	25	32.2	-0.380092797422232	1.55016460748703	9.37381698949397	0.00538602569046418	0.0177982659647849	70617	Fam241a
70620	554.4	441.2	0.327368196634962	4.57552179276291	9.40580063633856	0.00857430090736559	0.0260691933771692	70620	Ube2v2
70625	764.6	807.2	-0.0817284319229784	3.2974605904512	1.26444900884618	0.272013043652897	0.398426888220406	70625	Med26
70638	6402.8	6568.2	-0.0373230872820225	6.84417013055173	1.32019288755029	0.261962727147168	0.387000128596195	70638	Fam189a1
70640	1875.6	1802.8	0.0612161006893518	6.0842469607647	2.28736790847868	0.143584021995621	0.244275359454414	70640	Dcp2
70646	1943.8	1909	0.0273076748978312	5.43550787121862	0.252059571182435	0.620674905426742	0.728755035842411	70646	Naa30
70650	759.4	680	0.162949687454441	5.03253294364807	13.9951909467493	0.00102054978324089	0.0046416068492649	70650	Zcchc8
70652	244	285.4	-0.223356810165539	3.06103501311462	6.88536216747818	0.0149241415338631	0.0406546441256045	70652	Tmem144
70661	3084.2	2625.6	0.23067584072425	7.26975261519129	44.7724133611502	6.63639021138303e-07	1.17408058892693e-05	70661	Sik3
70673	163.2	165.6	-0.0204267059537496	3.47870928378057	0.0749762414221585	0.786584579321353	0.857606812213233	70673	Prdm16
70675	1426.4	1304.4	0.129424194025899	5.69383983861062	13.8081062152451	0.00108650375979173	0.00488015082163754	70675	Vcpip1
70676	9.8	10.2	-0.0849719567417789	1.55483458847888	0.484150193984741	0.493280872849063	0.618703075009607	70676	Gulp1
70681	103.6	124	-0.251435885289229	2.0506414910657	7.17060829747173	0.0132060494527955	0.0369064653500979	70681	Abraxas1
70683	258	226.2	0.184200482542952	4.66666619341883	14.5496136788551	0.000849428049447725	0.00401157675588207	70683	Utp20
70686	1123.4	1161	-0.0555851895940737	4.12403414095422	0.887550071323128	0.355597928726108	0.488807652097685	70686	Dusp16
70693	647.8	660	-0.0270863380425276	4.45979163029164	0.27604051458022	0.604164274544103	0.714968887201723	70693	Adgra3
70699	902.6	892	0.0194079333671793	5.07479306115616	0.219611012133729	0.643596123082633	0.746818507252773	70699	Nup205
70713	1783	2157.6	-0.287826675982308	4.52919858896188	18.6674102033183	0.000270365836143496	0.00157954772045421	70713	Gpr137c
70717	1261	1150.6	0.133299340159053	5.00897041322619	6.77154595177706	0.0156774198589797	0.0423000609747421	70717	Medag
70719	283	253.8	0.158503195586163	3.20723279175142	5.7786327701203	0.0243659311705362	0.0602644026589545	70719	Arhgap45
70726	38.8	42.2	-0.134292256348891	2.46860833031794	2.18353991174276	0.152592452910006	0.256253202551554	70726	Angptl6
70727	15961.8	14822.8	0.106496425408283	8.32729005087623	12.854115231529	0.00150372540791331	0.00632562486786349	70727	Rasgef1a
70729	4116.6	3812.6	0.107404193436813	7.22462405933166	5.88946558554056	0.0241212645801817	0.05977177408571	70729	Nos1ap
70730	34.8	53.2	-0.638391838271172	0.254878150029335	9.53764418365852	0.0050539793410315	0.0169411450360087	70730	6330409D20Rik
70737	165.4	183	-0.140962331008652	3.23993770070874	3.5248173420787	0.0727537251237804	0.143033506928608	70737	Cgn
70747	867	906.6	-0.0636684010108855	6.14142473413711	0.67345302313954	0.425784404909889	0.558465316566927	70747	Tspan2
70750	1882	1795	0.070627173409183	5.21525927308077	2.56483890022257	0.122441586011043	0.215222021671362	70750	Kdsr
70757	2676	2115.6	0.338887642126078	4.79850956890757	37.0403171612464	2.84529438242537e-06	3.80442969505793e-05	70757	Hacd2
70762	2764.8	3012.2	-0.123461455334997	6.07497413841274	15.8333203534853	0.00056163998694345	0.00285742498109138	70762	Dclk2
70767	845.2	718.2	0.235800413384687	4.86428805228006	29.4314413386526	1.45697445109376e-05	0.000144835685805428	70767	Prpf3
70769	1861.4	1806.2	0.0432712542628036	5.97449954703086	1.30719696870102	0.264261964612978	0.389799207726909	70769	Nolc1
70771	623.8	595.2	0.0673144099670006	3.88786294653321	1.26347363828234	0.272193344969967	0.398569811386476	70771	Gpr173
70772	29.8	33.6	-0.164207297996428	1.47661878302319	1.72316015989439	0.201792327877592	0.316929947532621	70772	Ggnbp1
70779	62	72.4	-0.225788897788797	1.30844993624021	3.37085898178547	0.0788713454055159	0.152570453224214	70779	Prdm5
70784	308.8	305.4	0.01913578962906	1.42972633895225	0.0210527678050685	0.885855861179334	0.927367322190634	70784	Rasl12
70785	52	48.4	0.128657950396748	1.12505456885022	0.826383173040194	0.372425562632291	0.505895119628837	70785	Dennd1c
70790	1614.2	1691.6	-0.0686469745229659	7.327547606573	4.1006416261957	0.0542130820223994	0.114010750407647	70790	Ubr5
70791	1703.4	1618	0.0777691369411455	5.07232436240698	2.92140257531002	0.100408491877822	0.18415230828601	70791	Hars2
70796	1359.4	1461.8	-0.104649907337373	5.40718221889088	8.16500636056748	0.00872267169033564	0.0264479749553412	70796	Zdhhc1
70797	1689.6	1681	0.00691632896081211	5.88477694930568	0.0320054693196758	0.859528362983898	0.908624512438328	70797	Ankib1
70799	110.6	128.2	-0.21585169833897	3.56435522342836	9.12959288877005	0.00592629188200529	0.0191933610925952	70799	Cep192
70802	1040	954.6	0.124104432875534	5.08705304689475	9.72370220126037	0.00470383714671964	0.01600123843697	70802	Pwwp2a
70804	5719.2	5674.6	0.0121913200428404	6.15718525876051	0.141374562829978	0.710245765142679	0.801396743901037	70804	Pgrmc2
70807	491.6	265.6	0.872017488064182	3.83628756270859	63.1870575804411	5.47157003233801e-07	9.93802502998188e-06	70807	Arrdc2
70808	359.6	327.4	0.139249550989548	3.65042210827623	6.37589591597791	0.0186421024742482	0.0483497127512621	NA	NA
70821	16	22	-0.445732313880061	0.579074839976751	8.60649659992193	0.00729497407770861	0.0227988635662228	70821	4921507P07Rik
70823	808	842.2	-0.0627204311266256	4.26400816330106	1.38064990819181	0.251601007219704	0.375259618032567	70823	Hmgxb4
70827	9290.2	8562.4	0.118523315992182	7.95912025888809	15.5371087359781	0.000617064418173047	0.00308839739420849	70827	Trak2
70829	561	516	0.12315255849385	5.10933325202538	7.50271621180977	0.0114753480745301	0.0328770428283962	70829	Ccdc93
70832	33.4	39.4	-0.232941444475357	0.447335686559242	2.16379758711638	0.154381000381806	0.258655729630071	NA	NA
70834	8915.8	9183.2	-0.042539934436242	8.71126017077348	2.27499041993318	0.144623949968744	0.245697528543515	70834	Spag9
70835	290.4	367.8	-0.314761948689513	1.31855382785122	3.33892630134274	0.0814078541885631	0.156430354219821	70835	Prss22
70839	1159.4	1487.8	-0.359561372293402	5.27259560582582	45.4099171541487	6.88918614582673e-07	1.20406646374582e-05	70839	P2ry12
70852	89.8	112	-0.329769340577422	0.405111719747292	4.06576837772299	0.0551694584829218	0.115618290983348	NA	NA
70853	10.8	12	-0.111602834815234	0.804818048328074	0.628027028600631	0.455104089812229	0.585394190099311	NA	NA
70873	225.6	216.8	0.0527803743213237	2.1753394657071	0.205476609876553	0.654461000712366	0.755980125013709	70873	Cnbd2
70884	111.2	78.6	0.517384205411693	0.471269784758476	7.95586742780911	0.00950407092639688	0.0283357758189234	70884	Ccdc81
70885	1344.2	1148.2	0.230650047882075	5.98177109329545	35.1080526878269	4.21814956401926e-06	5.25143271303484e-05	70885	Ints10
70887	61.8	74	-0.257023668555077	2.40055391776379	9.78087595884694	0.00460164988054644	0.0157202191853978	70887	Dmrtc1a
70891	34.8	53.6	-0.644210879246257	0.34837104590271	14.7337750787869	0.00079972151385212	0.00381365053157985	70891	Spdya
70892	7718.8	8956	-0.215069618712697	7.72382557169307	32.3007457057568	7.66013302793839e-06	8.54977318809432e-05	70892	Ttll7
70894	462.6	574.8	-0.333162626377729	0.795045457679686	5.84415688350504	0.0236513879837721	0.0588799796619777	70894	Efcab3
70911	8746	8991.4	-0.0408789757197711	7.37050312453745	1.46134166041494	0.238578082177242	0.360594222554501	70911	Phyhipl
70918	83.2	68	0.289860169086521	2.85385812148442	16.8887450384047	0.000404151831809978	0.00220273784079468	70918	Nsun7
70925	854.8	819.8	0.0658136065293418	4.19299521185916	1.5757542036058	0.221546892957714	0.339976514578065	70925	Cdkn2aip
70930	1241.8	1195	0.0544070612532992	4.75546370025823	1.35225930937746	0.256399567042137	0.380844655433877	70930	Nol8
70942	146.4	157.6	-0.117388694052489	0.829216525315023	0.204638844537939	0.657121070113634	0.758810253848563	NA	NA
70951	36.4	33.4	0.108008146374848	0.739769721225457	0.410981137694754	0.52759140746793	0.649723626441294	70951	Spata1
70967	7.2	8.4	-0.167264258114682	0.535138815081273	0.862001976032077	0.362490869335099	0.495834021145847	70967	Eva1c
70974	18990.6	18286.8	0.0555372637320215	8.55773565890036	3.18951979358898	0.0868478715909741	0.164543077202247	70974	Pgm2l1
70976	20.2	17	0.270878472118104	0.283170111028749	2.80602088112486	0.106989216022029	0.193910152005713	70976	Ccdc105
70984	589.8	670.2	-0.192799292173748	4.37631175985994	9.63582242187051	0.00486578754086505	0.0164668913874183	70984	4931406C07Rik
70997	709.8	555.2	0.36526217801039	3.11166895112307	14.176958640173	0.00107638460403735	0.00484595677976845	70997	Spef1
70998	1635.4	1616.2	0.0123673658183884	5.04150814478443	0.0700240735587136	0.793577643647284	0.862191439674827	70998	Phf6
70999	1399.2	1490.2	-0.0900155436093193	5.42330087921321	5.26266953242226	0.0309112865186204	0.0729813354034857	70999	Naa40
71007	5.4	6	-0.207793580481347	1.16115628419191	1.45695172532885	0.239969786924826	0.362247864251846	71007	D7Ertd443e
71020	51.2	76.6	-0.592412465883323	0.835383716054893	23.0364545853514	7.03720468095797e-05	0.00051475585252311	71020	Spats1
71041	1717	1551.4	0.152271652043583	4.17743268544156	5.26946710266694	0.0308132312063051	0.0727854949919814	71041	Pcgf6
71059	76.4	79	-0.068928454430633	2.34790371350365	0.649201367384012	0.428367674115086	0.560734138893267	71059	Hexim2
71063	1258.2	1125.8	0.167681160133402	4.24425626162588	7.57733947547768	0.0111218724329441	0.0320741309149588	71063	Zfp597
71069	11762.4	10296.8	0.192702907510312	7.43533194288959	40.1723746384147	1.54371063403148e-06	2.3002879901331e-05	71069	Stox2
71085	489.2	484.2	0.00924803269413098	2.55566818936356	0.0134962068549014	0.957661051690934	0.973556958864873	71085	Arhgap19
71086	574.8	714.2	-0.343531342017274	1.52213016667886	7.37029498754347	0.0121334877411173	0.0344022277273104	NA	NA
71091	290	355.2	-0.290991045139428	3.83693652256541	16.4314566381187	0.000465536389033866	0.00246930751086074	71091	Cdkl1
71093	1	0.2	0.756701947723968	0.0946908827422872	17.4358995328363	0.000342028871324333	0.00191987778878521	71093	Atoh8
71096	955.8	1088.8	-0.190192366662612	4.56810036244062	17.7349352303245	0.000312533106734328	0.00177848563966062	71096	Sntg1
71101	63.8	75.8	-0.264325951798408	2.65080164461429	8.1218648130363	0.00887788395631727	0.0268285458299414	71101	Uvssa
71116	732.4	686.4	0.0953558565544014	4.61888347120893	3.24349740879818	0.0843804886477444	0.16088056759194	71116	Stx18
71131	116.2	118.6	-0.028192752360005	2.20022342228839	0.0914546240834136	0.764960512549747	0.842739271981253	71131	Zfp689
71132	980.8	1126.4	-0.197708938390353	4.31121846437818	11.6414799633601	0.00230591187485484	0.00891510760132556	71132	Cabyr
71137	240.2	285	-0.244082166129038	3.6099192120148	14.5836392452736	0.000839996464365741	0.00397814839316593	71137	Rfx4
71141	238.6	300	-0.34568759091073	0.0204762143804296	3.63944117772974	0.0685503752923544	0.136458769381034	NA	NA
71146	6307.8	6670.2	-0.0793170076287508	6.86900042579401	6.07732058659859	0.0212912676558926	0.0539239500084584	71146	Golga7b
71147	989.8	1041.2	-0.0662115628973297	3.39241091273692	1.07810626187605	0.309545620173597	0.43954930680707	71147	Oxsm
71148	952.4	938.6	0.021899601379982	5.19574274245957	0.206738648008227	0.653451727402345	0.75523678777175	71148	Mier1
71151	588.6	540	0.124479945153495	3.21734754419678	3.06229770015092	0.0929995019798731	0.173402322190027	71151	Eri2
71163	66	72.6	-0.11534638261107	1.08156333892625	0.491191871659159	0.490211304950826	0.616185251044373	71163	Zfp626
71166	22.6	33.4	-0.516460040436931	0.826469633567442	11.9481408709271	0.00206629894021354	0.0081870298469974	NA	NA
71169	1257.8	1280.6	-0.0277646440047863	5.41321442104035	0.431062614490502	0.517760129210878	0.640982437206401	71169	Nbas
71175	1029.4	993	0.0515043618577783	5.52062337576933	1.2742034740353	0.270218465846524	0.396494649115698	71175	Nipbl
71177	1013.2	880	0.20277521893878	5.04284289172484	26.5680874542619	2.87277711634281e-05	0.000250592157149179	71177	Ints13
71186	200.6	164.2	0.268018007440066	1.07738761822508	3.55293156164482	0.0716961570452192	0.141551188899276	NA	NA
71198	938.8	791.6	0.243203146293783	4.54929168447386	16.0654918965085	0.000527178786626351	0.00271652127696872	71198	Otud1
71206	113.8	103.4	0.130436998039695	2.24908893279777	1.60559380470849	0.217359273006335	0.335111621884667	71206	Katnal2
71207	9183.4	9840	-0.0993289034618937	7.62636722117157	10.1464079555067	0.00400310997739388	0.0140754007071222	71207	Nudt4
71213	119.4	119.2	0.011554503280555	2.21196613169496	0.0186463464225991	0.892532587253549	0.931808238803479	71213	Cage1
71228	1846.6	1465.2	0.332836709831293	5.61565185753868	74.5121749759133	8.50501135084733e-09	3.69163465661103e-07	71228	Dlg5
71233	74.4	78.6	-0.0696883437444339	1.52329968555549	0.342199136030966	0.564062453051833	0.681030743085813	71233	Enkur
71238	339.8	313	0.11741543774002	2.73984849269854	2.74132684331012	0.110898302962971	0.199096270156102	71238	Sdhaf3
71240	232	234.8	-0.0161301329614955	4.15524539890901	0.0934862129313958	0.762446812436172	0.840674820882785	71240	Osbpl7
71242	49.4	75.8	-0.611032233907128	1.74113552457175	25.6867191066469	3.56969150464166e-05	0.000299630203299016	71242	Spata24
71254	99	81	0.310317057787154	1.69546929066289	5.96114148217181	0.0224328272912571	0.0563706685792472	71254	Naif1
71263	338.2	302	0.162321791591544	2.99949603571344	6.53675982393833	0.0173677663264764	0.0458592792259572	71263	Mro
71268	1618.6	1933.2	-0.257548896019098	5.40316917192381	34.3144032539868	4.97794470995925e-06	5.99593440314592e-05	71268	Lrrfip2
71275	86.2	25	1.75169471487598	0.9981799202885	102.496089370149	5.05980645582609e-10	4.22991257726661e-08	71275	Noxred1
71276	323.6	364.6	-0.17350145250643	3.93325240656689	8.41661231357025	0.00787484648484721	0.0243211604897397	71276	Ccdc57
71279	56.8	46	0.29151018156971	2.44042042357583	13.7419441080589	0.00111092918216108	0.00497286169060275	71279	Slc29a3
71302	13260.8	11046.4	0.263591389686037	7.30799543620613	58.6784816858553	7.08448885454701e-08	1.94675288790157e-06	71302	Arhgap26
71306	757.6	838.2	-0.148607338212197	5.8186631461979	14.1361279986017	0.000973748610110901	0.00447555211790202	71306	Mfap3l
71310	6743.2	7330.6	-0.122346907582223	7.53812198714057	10.554865981103	0.00343327653698763	0.0123999447940078	71310	Tbc1d9
71323	65.6	59.4	0.152290134611221	2.49049899413831	3.0254275236827	0.0948753294551104	0.176104791568533	71323	Rassf8
71330	644.4	673.6	-0.066663857766728	5.07311581616326	2.35143436562192	0.138341400483325	0.237508801827531	71330	Rcbtb1
71336	65.6	78.6	-0.24393425028442	0.501034612652059	2.52518827885258	0.125225548093459	0.219209164604924	71336	Rbks
71340	512.6	541	-0.078808000374792	3.89167575232558	1.73971370713629	0.199713257981721	0.314381989857089	71340	Riok1
71354	173.8	257.4	-0.576471505766908	1.9246950246263	27.7325928339636	2.16925252621675e-05	0.000199075403263091	71354	Wdr31
71355	219.2	288.4	-0.38639461766459	3.71474903689537	31.1727610285849	9.82154145652749e-06	0.000104081873572263	71355	Col24a1
71361	102.2	107.2	-0.0735683468728384	2.80765166871852	0.896461916334962	0.353237450195878	0.486534601213191	71361	Aifm2
71365	570.2	621.6	-0.130665613429363	3.41424513689507	4.1476965913917	0.0529522009421396	0.112093015878396	71365	Pdss2
71371	334.2	298.4	0.16486992002185	4.69838896386298	5.07567094657566	0.0363301869409265	0.082969903941247	71371	Arid5b
71373	456.4	520.4	-0.198334661567142	3.897984139092	4.07965491424523	0.0588072847067321	0.121220834733472	71373	Prr16
71375	91.4	99.4	-0.106240019613896	3.15879726523989	1.64519642421959	0.211953473520485	0.329168959521338	71375	Foxn3
71382	1623.2	1461.4	0.151996712498827	5.04030920892436	9.24800142500482	0.00565727481515294	0.0185084314572704	71382	Pex1
71389	371.4	399.6	-0.108823870080216	6.49556150155424	3.25239605691432	0.0892462679751953	0.16798079957272	71389	Chd6
71393	3166.4	2863.8	0.147096975938251	5.30111049735021	12.1973048150505	0.00189160216898923	0.00762443328236765	71393	Kctd6
71406	15.2	15.8	-0.0821691458121191	0.287306654592005	0.22378283777244	0.64047812077043	0.744434739312753	71406	Spaar
71409	2146.6	2055.4	0.0638068342674612	5.83414647295087	3.11519660330973	0.0903825252742239	0.169660911729043	71409	Fmnl2
71435	4766.8	4685	0.0244518376815982	8.13703253570636	0.456407256861535	0.50581302406568	0.630452418458929	71435	Arhgap21
71436	891.2	777.4	0.196697622687987	5.0823246207091	20.306399914708	0.000148017104646571	0.000955960335371555	71436	Flrt3
71445	173.2	152.8	0.183524591260054	2.71510256337711	5.37851664629955	0.0292866921217565	0.0698300639933799	NA	NA
71446	2495.2	2342.6	0.0963686554613798	5.21635459773709	4.82133799182053	0.0380910967403246	0.0862149565118466	71446	Wrb
71448	1281.2	1366.8	-0.0965640924138522	4.33582329042823	3.25626368228288	0.0838087795619781	0.160065023756452	71448	Tmem80
71449	336	328.6	0.0275115818589774	3.3205591226158	0.137118587601034	0.714434283709668	0.804615329339219	71449	Mettl13
71452	4302.6	4216.8	0.029837840356596	7.14078013369604	0.903949721978559	0.351271325112045	0.484334230007584	71452	Ankrd40
71458	483.8	402.8	0.261791173530973	5.22707433199444	6.5569154577026	0.0239445062110179	0.0594050622681175	71458	Bcor
71461	283.4	304.4	-0.0940896979391037	3.49892274770774	1.78082577757314	0.194663128992125	0.308211290004619	71461	Ptk7
71472	7123.4	6103.4	0.222865946095642	7.52166019621944	49.3580710546736	3.02557229879788e-07	6.23508533016785e-06	71472	Usp19
71474	4878.6	4963	-0.0245824018496245	6.64368439006891	0.5282432041685	0.474427919603427	0.602846694500918	71474	Ppp6r2
71481	102.6	121.4	-0.23129103377447	2.49963205205196	5.53039556393721	0.0272991789889429	0.0659947036471285	71481	Alpk1
71492	588.4	566.4	0.0675519441392582	4.83016374722656	0.147833845475216	0.707758793893084	0.799464333145563	71492	Bbs7
71508	29.6	25.6	0.198836219093897	0.660310384974286	1.6192769185647	0.215472220420256	0.332881089563315	71508	Zfp935
71514	4316.6	3584.8	0.266562066172761	7.06487541717064	60.4559529013193	5.47484701933696e-08	1.57950975683625e-06	71514	Sfpq
71517	1863.6	1969	-0.079439932401586	5.80539191854491	6.34869983301997	0.0188676110527457	0.0488207035725719	71517	9030624J02Rik
71519	551.8	572	-0.0435262153951259	2.48998846457077	0.247626507034197	0.623313322521036	0.730833185489896	71519	Cyp2u1
71520	92.2	94.2	-0.0222506043809555	1.88927507589192	0.0480007637722892	0.917409323597895	0.947904379389804	71520	Grap
71521	1087.8	1088.2	-0.0032296319672284	5.24555747706625	0.00668458457268486	0.935521129530781	0.959738820437366	71521	Pds5a
71523	167.4	188	-0.172178145081325	2.27989228492165	3.27705585991412	0.082887152842001	0.158703259660655	NA	NA
71529	1879.2	1455.2	0.368676761969342	6.44896039345839	102.017292327571	4.37012869803339e-10	3.78238564080088e-08	71529	Kazn
71532	2281.6	2466.4	-0.11583994428055	5.25898163597953	6.36941612189976	0.0186955603809527	0.048470964976913	71532	Fam217b
71538	5996	6371.2	-0.0892764570432982	6.3443121610081	7.02457143953205	0.0140566626551289	0.0387738553468003	71538	Fbxo9
71544	1017.4	1641.6	-0.697354632506025	4.33875591906871	107.710114515098	3.33069356620958e-10	3.16722663197324e-08	71544	Arhgap42
71562	60	57	0.0820991953732601	1.21979298043168	0.560760274092242	0.46128401628765	0.590662577198946	71562	Afmid
71564	603.6	806.4	-0.416737550977716	4.73512964662257	78.3114872343151	5.38571080525037e-09	2.58621475013584e-07	71564	Izumo4
71566	725	658.2	0.137392709103087	4.77962505385103	9.29724362585365	0.00554936778273849	0.018234907663992	71566	Clmp
71567	630	840.2	-0.410584676124415	2.55829360931662	27.1066854217694	2.5206545223392e-05	0.00022517639348511	71567	Mcm9
71584	11.6	12	-0.076384945563875	1.99888593570723	0.760587503944151	0.39184945266079	0.525105876947808	71584	Gdpd2
71586	97.4	111.6	-0.209323601695127	2.19995749819521	5.94012236644135	0.0226465317972463	0.0567793530958193	71586	Ifih1
71591	2110.8	1967.8	0.101825098695092	5.69324083301238	9.80938367636995	0.00455160857456988	0.0155787237359301	71591	Zfp251
71592	1480	1547.4	-0.0642398049448673	5.81623366192391	3.11547093800717	0.090369176938417	0.169660911729043	71592	Pogk
71599	321.6	251	0.358366172982887	2.83014142712625	23.6078796969649	6.05854123752456e-05	0.000458722656087899	71599	Senp8
71602	1244.8	1029	0.27520032599463	4.46182689235415	31.2557351043995	9.64186076649376e-06	0.000102548532390655	71602	Myo1e
71609	152.6	169.4	-0.148811244752551	2.09687776587472	1.9470222969298	0.17577993833434	0.284483622067468	71609	Tradd
71617	748.4	756.6	-0.0189588770580777	4.46574519573779	0.085209480674634	0.772994325426978	0.84835687013831	71617	9130011E15Rik
71640	439.2	419.8	0.0674640136738844	3.54758691843342	1.35116059077103	0.256587637194358	0.38100654489493	71640	Zfp949
71643	68.2	83.2	-0.288829077448879	2.58835561245813	15.3590084208475	0.000653238350204553	0.00323463758611052	71643	Zgrf1
71648	742.6	878.6	-0.243666205794186	4.32097561176637	23.4524260211745	6.30923292320576e-05	0.000472261277431466	71648	Optn
71653	622.8	773	-0.307406733454257	5.2887346387077	47.0890037162818	4.43373028367554e-07	8.43225493687451e-06	71653	Shtn1
71660	3.4	4.2	-0.115120809528266	0.499809113197869	0.629774138153088	0.468709005016002	0.597734247264981	71660	Rarres2
71665	413	434	-0.0744317068214473	4.48972676749939	1.943983690358	0.17610455495034	0.284849511778448	71665	Fuca1
71667	3190.4	3112.2	0.0379462164170617	5.60689491176464	1.21550990187121	0.281256834945435	0.408312489322017	71667	Tmem248
71670	39.8	36.6	0.10920444195928	1.12479667467631	0.457510602849556	0.505345167206645	0.63022079782613	71670	Acy3
71673	618.4	639.4	-0.0495820770556711	4.62699401000712	1.15450897998536	0.293369627305729	0.421675078866051	71673	Rnf215
71675	3092.6	3279.6	-0.0849545859877466	5.67381852700694	5.65393809732834	0.0257929994950037	0.0630815591710294	71675	0610010F05Rik
71678	2020	2115.4	-0.0656052608860498	5.418455235299	2.66443446458706	0.115763406150952	0.205630006716129	71678	Brox
71679	2722	2603.8	0.07005207007578	4.69759012152855	1.19952415752145	0.285231013897454	0.412479147060911	71679	Atp5h
71682	41.6	43.2	-0.0718511685056169	0.637497440374013	0.131046418723408	0.720698283596152	0.809276732540416	71682	Wdr27
71683	45.4	53.2	-0.236788910970457	1.07329935571235	1.83179632748603	0.189049383595274	0.301336545046989	71683	Gypc
71684	1258.2	1288.6	-0.0309276648877528	3.83406754276547	0.207598680707073	0.652781787942453	0.754643522588196	71684	Rbm43
71685	368.2	334.8	0.145820717234983	4.4988715726994	7.0279627152656	0.0140362368586722	0.0387537821148646	71685	Galnt14
71687	2764	2959.2	-0.0986639124040098	5.9996150322753	5.5849242679291	0.0266226417557429	0.0646402929510344	71687	Tmem25
71691	4585.4	4234.6	0.114871330477902	6.82848216215022	8.38612628175748	0.00797257852951587	0.0245547943885835	71691	Pnmal1
71699	87	105	-0.278253285833531	2.23407728098638	11.20139461632	0.00270447084147629	0.0101375933924722	71699	Slc41a3
71701	1316.6	1381	-0.0686402394731493	4.6820606308523	2.30453673149382	0.142156241721865	0.242588703405884	71701	Pnpt1
71702	1970.8	1776	0.148518168790267	5.48984264121338	13.317748948837	0.0012824963252168	0.00558174278945104	71702	Cdc5l
71703	2006.6	2105.6	-0.071304790261539	5.67140636264999	4.81763351521039	0.0381587800652961	0.0862870787020949	71703	Armcx3
71704	3110.2	2904.4	0.0973429172996699	6.42713095779675	6.66139590930671	0.0164466436062468	0.0439408108474475	71704	Arhgef3
71706	335.2	311.8	0.103455606068053	2.72779497334728	1.27960971397923	0.26923052320419	0.395433185895067	71706	Slc46a3
71707	501.2	478.6	0.0631677383529881	3.28952489505114	0.88884010866834	0.355254850528047	0.488507773590347	71707	Ubiad1
71709	168.4	202.4	-0.267081331930561	3.23072802345509	14.0304347980468	0.00100862068206832	0.00459892849798598	71709	Syde1
71710	773.2	1154.4	-0.57821342497155	4.37456451500147	83.3864159665911	3.0030559323157e-09	1.62569926762888e-07	71710	Lrrcc1
71711	645.8	644	0.00373770046344169	4.36121082089663	0.00358675241830886	0.952743195287385	0.970605451415553	71711	Mus81
71712	44.2	29.8	0.543567627909181	0.906424151978939	12.3748393592962	0.00177698645028411	0.00725757619452009	71712	Dram1
71713	1832	1867	-0.0292323486008902	5.54484854622043	0.555858960468456	0.463226529057854	0.592677370186971	71713	Cdc40
71715	507.6	555.6	-0.129571955024932	4.3115248782581	6.2672345354889	0.0195614057269143	0.0503778185864941	71715	Dhx35
71718	816.4	799.4	0.0289476257723454	4.61757426129809	0.309061852977356	0.583440384290138	0.697176530632412	71718	Telo2
71720	1714.6	1679.2	0.0230459036358381	5.96687245385798	0.0570242399092	0.815184453332944	0.877626938236067	71720	Osbpl3
71721	1141.6	1192.2	-0.0626577432187066	5.83783608773496	2.57015569583582	0.122073843370036	0.214732302795484	71721	Fam13c
71722	2827	2998.4	-0.0858635692959073	7.53637590646442	8.86661384577036	0.00657538279433473	0.0209064194697127	71722	Cic
71723	236.4	238.6	-0.00731511240548722	3.7525057155513	0.00549442413660971	0.941729134825458	0.963663923169357	71723	Dhx34
71724	32	35.8	-0.157288927971089	1.47079370395555	1.25507038548112	0.273753231030935	0.400124299860565	71724	Aox3
71726	629	591.6	0.0879343874015745	3.41207084130696	1.54847238976715	0.225464680843031	0.344707689539366	71726	Smug1
71728	1087.4	1050	0.0500179102737152	5.68992774236463	1.34559663947999	0.257542775879889	0.382032356585377	71728	Stk11ip
71729	1165.2	1265	-0.113813608461246	5.48388880664926	4.5899955564382	0.0432723450853551	0.0953013374638685	71729	Rgs12
71732	2719.6	2952.6	-0.120790054259694	6.31800327069278	11.5303000484229	0.00240014955101248	0.00919230567311457	71732	Vps11
71733	526.4	567.4	-0.111953016345901	4.34026515983635	2.31573875030716	0.143283989067662	0.243937194108833	71733	Susd2
71735	221.2	199.8	0.146442214015803	3.62320875012065	6.0961473268406	0.0211124216635141	0.0535836598286975	71735	Lrwd1
71738	199	432.2	-1.11904299512124	0.728950330452909	11.0652862709013	0.00512077696428972	0.0171015966362855	71738	Mamdc2
71740	85.8	117.8	-0.472729263220982	2.32390379369497	18.6919077943696	0.000235290334937604	0.00140788113708462	71740	Nectin4
71742	1082	1275.2	-0.237170575514766	5.07443381660697	29.319536269893	1.49506051016863e-05	0.000147710370207648	71742	Ulk3
71743	1005.6	942.8	0.0929835446349035	4.66200078475341	4.96776348674585	0.0355205117319761	0.0815718901452149	71743	Coasy
71745	3292.2	3196.4	0.040982408834851	6.10465836790546	1.11695924109966	0.301173666031564	0.430027083751874	71745	Cul2
71746	109.6	97	0.174825112970751	1.76728167828207	2.69248846465156	0.113960009432453	0.203330203226352	71746	Rgl3
71750	12183.2	11084.2	0.134900532205477	8.61787477157971	10.0914616997766	0.00465489454610566	0.015860878304906	71750	R3hdm2
71751	632.4	557	0.197433803422987	4.83626833839285	3.56897525068854	0.0806563525993799	0.15531666939401	71751	Map3k13
71752	5036.8	4720.2	0.0941250745297991	6.24240186913392	7.09922604343294	0.0136145056050188	0.0378576498682074	71752	Gtf3c2
71755	83.4	87.4	-0.0701449334768586	1.91650605788549	0.537772148599162	0.470512588518338	0.599241250722007	71755	Dhdh
71760	425.4	206.4	1.02615311478764	3.81570947168168	131.844833974832	3.41425995427017e-10	3.22547146268111e-08	71760	Etnppl
71764	2801.8	2972.6	-0.0848718879532331	7.36644035065463	7.64510830335554	0.0108112393340721	0.0313597538299574	71764	C2cd2l
71765	7381.8	7408	-0.00475717475469585	7.49482083351091	0.0285948542465138	0.867145447046458	0.913975090371258	71765	Klhdc3
71766	563.4	547.8	0.0412359309592979	5.39168349805133	1.26304867480403	0.272271950230217	0.398644526805871	71766	Raver1
71767	567.2	530.6	0.100507167966139	4.00931640633717	4.28514667632126	0.0494547293341536	0.106024719340827	71767	Tysnd1
71769	261.6	278	-0.101554227760335	2.29566777275648	1.42909732389292	0.243676027180804	0.366388567239294	71769	Bbs10
71770	30145.2	27257.2	0.145057938382585	8.94688963209421	20.3567321533431	0.000145937100380888	0.000944637191628011	71770	Ap2b1
71772	2509.8	2771.2	-0.143976100764288	6.28795599772272	16.267996591728	0.000489883417970988	0.0025645689689796	71772	Plbd2
71774	306.2	297.4	0.0440222615914932	3.67695725653877	0.63189221752182	0.434510283862059	0.566577854983025	71774	Shroom1
71776	29.2	32.2	-0.143964323472942	1.70788546474158	1.82056735220957	0.189930150998851	0.302506931409079	71776	Tha1
71777	471.6	398	0.247000978565869	4.26703790047764	20.99528671483	0.000122135295775418	0.000815777987586827	71777	Ing3
71778	724.4	728.6	-0.00700010244983798	5.54411844463152	0.0313567481969908	0.860943681861854	0.909654969125091	71778	Klhl5
71779	3038	3096.6	-0.0253855675951058	5.85002009981525	0.336731989704643	0.567170269664095	0.683669341816765	71779	March8
71780	581	542.2	0.0975272664693123	4.83741623959359	3.14120028898627	0.0891273094184105	0.167827791862129	71780	Isyna1
71781	240.8	197	0.289636447178245	2.60585297065821	17.8358282703553	0.000303215432612428	0.00173296791735075	71781	Slc16a14
71782	1654.4	1539.6	0.106081591468434	5.30043286646553	6.82906642428773	0.0152916049636907	0.0414758600385035	71782	Ankle2
71785	69.6	57.8	0.291725155812008	1.16892696792073	4.50170861632477	0.0444599792782725	0.0974839170815704	71785	Pdgfd
71787	550.8	666.2	-0.272612859464515	3.57913760533678	17.087774090344	0.000380237751784185	0.00210009799934605	71787	Trnau1ap
71790	58.6	63.8	-0.154279270015402	0.52382182078533	0.998852971849706	0.327631739716216	0.458952713821319	71790	Anxa9
71793	663.4	566.8	0.224468069141602	3.68001516270355	17.5102828559679	0.000334419150173881	0.00188595177394197	71793	Ints12
71795	4857.8	4718.8	0.0403493558008607	6.4270746016538	1.46530042442034	0.237961599952991	0.35985530087053	71795	Pitpnc1
71799	507.8	462.4	0.136648359214895	4.64855841679034	8.42038696951308	0.00786283759510318	0.0242892615087885	71799	Ptcd1
71801	462.6	399.4	0.212214557733112	2.57945428065623	6.41510109073156	0.0183222510977257	0.047684334416759	71801	Plekhf2
71803	914.2	1022.2	-0.159113528024377	5.66904554564397	10.8280144230945	0.00314201866152614	0.0114539061119039	71803	Slc25a18
71805	511.2	507.6	0.00452594425819852	4.67890850332608	0.00840729929130756	0.927709921482583	0.955269587882685	71805	Nup93
71807	1006.6	1007	-0.000528648743326757	5.15431826341072	0.00017233845554195	0.989635169853652	0.993001509549787	71807	Tars2
71810	1827.6	1860.6	-0.0261529107700788	6.32105696316502	0.541625641543197	0.468944454230914	0.597928999775373	71810	Ranbp3
71816	261.2	265.6	-0.0344154018874131	3.57145835406844	0.2265146487092	0.63845571194125	0.743193916437049	71816	Rnf180
71817	1921.4	1834.8	0.0658343908542286	5.94147120643794	3.12155822151613	0.0900735716578438	0.169278820015924	71817	Tmem50a
71819	36.6	32	0.178664311105318	1.55225229140484	2.14464624574442	0.156140083305429	0.260726520805992	71819	Kif23
71820	470.2	498	-0.0847207627144297	4.75803129665806	3.8577417021906	0.0612874496324167	0.125278451712665	71820	Wdr34
71833	15612.4	17107	-0.131280501721701	8.09144346255551	22.6731918400336	7.74790621055768e-05	0.000556325068889223	71833	Dcaf7
71834	1114.8	1133.6	-0.0229754616490444	5.22810247013326	0.346457655777515	0.561664844646243	0.679120508675286	71834	Zbtb43
71835	7192.8	8298.4	-0.205249392718085	6.83987615342366	38.4438124841991	2.15486016580374e-06	3.02871871749317e-05	71835	Lancl2
71836	62.8	77.8	-0.321775260330372	0.613882456386953	4.06466430508868	0.055200047149747	0.115665625036597	71836	Shcbp1l
71837	529.6	506.2	0.0644323856549046	4.80406518012338	1.62799540997111	0.214280533017916	0.331536161875504	71837	1700003E16Rik
71838	126	187.2	-0.583784453061599	2.17681561709348	41.2729721339769	1.25437614292485e-06	1.94119408670619e-05	71838	Phf7
71840	0	0	3.38535284503756	0.24687347554353	156.426425415807	1.77102293574409e-11	3.45923858287095e-09	71840	Tekt4
71843	225.2	280.8	-0.320205783242982	3.83794478527894	32.532740986838	7.28310310901911e-06	8.20498615259254e-05	71843	R3hcc1
71844	857.4	779.8	0.135060522227317	5.15611420080402	10.5152914027	0.00348439937410795	0.0125500893479582	71844	Nupl1
71846	106.6	112.2	-0.0685794272791296	0.995010716620595	0.265766080085359	0.610937247953937	0.721150427270412	71846	Syce2
71853	6656	4320.4	0.62700487123281	6.91733120004738	150.820070573606	1.85525711118475e-10	2.12092663765925e-08	71853	Pdia6
71865	244.2	221.8	0.144684740709143	2.71741494853547	3.18806472355289	0.0869155251579155	0.1646496724289	71865	Fbxo30
71870	35.6	23.4	0.588580059251563	1.62346889274308	32.6025365012539	7.17365229125896e-06	8.10062267327008e-05	71870	Cfap45
71872	102.8	119.6	-0.26171403366289	0.121819640395014	1.63647820519143	0.213128960838381	0.33010780110994	71872	Aox4
71876	45.8	43.2	0.102859141548031	1.22429061179337	0.660289301751186	0.424503737353073	0.557413675338335	71876	Cenpu
71877	23.8	22.2	0.0534614922317778	0.425682378421766	0.0499062525880686	0.825483812348545	0.884568578088141	71877	Efhc1
71878	17.2	3.2	2.10157661276919	0.521172318469732	172.216654017699	2.14420468619553e-12	6.4567363613063e-10	71878	Fam83d
71881	2635.2	2878.8	-0.129436919996576	5.82370161880944	9.32452429399767	0.00549055944001559	0.0180899352965547	71881	Apmap
71883	3579.2	3589	-0.00302551297811671	5.61484330911672	0.00698009707544915	0.93411467715825	0.959199598156106	71883	Coq2
71885	580.2	329.6	0.807607936709194	3.93030885193456	103.156274267474	1.18697160565807e-09	7.94281832786193e-08	71885	Faap100
71890	90.2	97.8	-0.127380118298854	2.67523475781758	2.66961876918941	0.115427641318513	0.205138463988416	71890	Mad2l2
71891	3082.8	2805.4	0.139208679260548	5.73848641816714	14.8332597986477	0.000774195692493748	0.00371398092907555	71891	Cdadc1
71893	89.8	112.6	-0.332230263314674	1.28492555004054	7.66308329691145	0.0107304596468894	0.0311692250273593	71893	Noxo1
71897	747.8	854.8	-0.20112328961103	3.14587784584972	9.53041479422818	0.0050681490217955	0.0169706229662527	71897	Lypd6b
71900	5305.2	5011.4	0.0839198420617468	7.22095073487169	3.24395048395079	0.0865136174784248	0.164060328920644	71900	Tmem106b
71901	4564	4650.2	-0.0271548194904924	6.97830596404885	0.81414510513962	0.375930050422354	0.509440553985065	71901	Fam219a
71902	9198.4	9174.2	0.00434304693709491	7.29378769913345	0.0249384159543311	0.875851495216476	0.920014993858363	71902	Cand1
71904	2660.6	2662.2	0.000704169821085586	6.07562657210199	0.000324969227300493	0.985767516170888	0.990909220302803	71904	Paqr7
71907	0	0	0.0927454160065927	0.0838946510528471	0.13041538498697	0.721327434286112	0.8097286995318	71907	Serpina9
71909	42.6	56	-0.407740762938364	2.08838800343447	16.1205844451749	0.000513032180577215	0.00266260938530092	71909	Haus5
71910	289	271.6	0.0872914888250987	4.58435165109497	2.75019901733129	0.110352470123154	0.198431846229874	71910	Plpp5
71911	1013	1121.4	-0.147971370824651	5.60149807145488	17.4075593329599	0.000344977592140732	0.00193492670423055	71911	Bdh1
71912	17.2	23	-0.403827224204306	2.39607611909036	12.1022787497943	0.00203492405531049	0.00808487968539249	71912	Jsrp1
71913	18.2	23.8	-0.365083006599094	0.130806682068459	3.69829923058819	0.0665000379607126	0.133142353560173	71913	Tmem79
71914	26.6	29	-0.142600797046448	0.94172767299602	1.25522286008734	0.273724823028308	0.400123239487374	71914	Antxr2
71916	269.8	330.4	-0.263084083162882	2.071160893103	5.59742277960734	0.0264702156494311	0.0643458622598179	71916	Dus4l
71918	1547.2	1292.4	0.260153034474652	6.1018412539677	41.8504998281284	1.12656431259747e-06	1.7815492969676e-05	71918	Zcchc24
71919	1051	1153.8	-0.132384954401671	4.50244110395382	6.07866009013941	0.0212784875531481	0.0539239500084584	71919	Rpap3
71923	677.6	684.8	-0.0182631744301155	4.50609684160879	0.114308262063156	0.738252827849082	0.822658728990103	71923	Borcs6
71924	45.6	52.8	-0.200145129941129	1.30567551779631	2.64666623630424	0.116922887250558	0.207133645338835	71924	Tube1
71927	16074	17061.8	-0.0871489896466917	7.95223483296377	9.00229780427287	0.00623124777300309	0.0200236672545546	71927	Itfg1
71929	193.8	214	-0.132390985706928	3.61941024751461	3.51757914973984	0.0730288802476018	0.143379439703727	71929	Tmem123
71934	1	0.4	0.547659918947979	0.928579497346491	12.2347989590074	0.00186673988458414	0.0075389377736181	71934	Car13
71941	560.2	489	0.188728362074212	3.57776057397459	8.98642326468168	0.00627047015638299	0.0201362754144323	71941	Cars2
71943	867.6	1005.2	-0.210308919033701	4.5740195058009	16.2917704691028	0.000486257779303916	0.0025525031819887	71943	Tom1l1
71946	5272.4	4476	0.237049425999909	6.5457563460555	49.3223158928309	3.04355765545399e-07	6.25098198563899e-06	71946	Endod1
71947	1925.4	2072	-0.106218359854446	6.67607411496079	9.43995329979833	0.00524918528680145	0.0174217506625553	71947	Tmem94
71949	2601.6	2797	-0.101483406563782	5.49936201622285	4.40022239197818	0.0467261976719028	0.101271624104016	71949	Cers5
71951	9.4	8.2	0.201156405093655	1.33023479956177	2.58408808033746	0.121116333780364	0.213411616294208	71951	Gpc2
71952	1257.2	1160.4	0.11393825430587	3.87063391986342	3.24267718389588	0.0844173736411247	0.160929664812558	71952	Riox1
71954	11288.8	11626.8	-0.0425551889002056	6.86680681168141	1.48059623231826	0.235598613229959	0.356985463671085	71954	Suds3
71955	3867.6	4019.6	-0.0566625334118099	6.30312538268097	2.62885868114347	0.118098611887478	0.208807013605089	71955	Ist1
71956	127.8	152.4	-0.23244965947375	1.25326917062585	4.09644457392438	0.0543271849727157	0.11420086265207	71956	Rnf135
71957	1853.8	1726	0.101992164049916	5.00380506818867	5.96761493704687	0.0223674624491684	0.0562259656070052	71957	Ints11
71960	124.8	140.8	-0.173185120440611	4.76270063828334	11.11331050323	0.00279296224826497	0.0104098701228525	71960	Myh14
71962	50	29.2	0.725360400705639	1.21137593734799	33.0489275372792	6.51449903575189e-06	7.48494189688059e-05	71962	Gatsl3
71963	146.6	162	-0.153659756290251	2.50988404266382	3.69976094786918	0.0664500149398646	0.133065740640178	71963	Cdca4
71966	49.6	49.2	-0.00521552130309275	1.5170605496811	0.00140127211685255	0.970451213073925	0.981794766834921	71966	Nkiras2
71968	637.8	682.4	-0.097230587447392	4.398081807936	4.65050568196743	0.0413573192249449	0.0918980781749227	71968	Wdr73
71970	733	658.4	0.125783489283343	2.41859227207147	1.38566115612844	0.250766063422513	0.374537012456095	71970	Zbed5
71971	433.8	487.2	-0.171284620419135	4.39693942980386	13.8551810691217	0.00106948161848192	0.0048261902321379	71971	Zswim1
71972	113.6	126.2	-0.1586677075354	3.77959878761152	6.02049896084402	0.0218413232957864	0.0550661934270532	71972	Dnmbp
71973	77.8	92	-0.243857036663098	0.567852698949617	2.24832437905543	0.146895039239085	0.248591604866144	71973	Rbpms2
71974	1435.6	1415.4	0.0192062009017669	4.5200423529206	0.156350163651022	0.696057751639309	0.79041124167642	71974	Prmt3
71978	3158	3159.4	-0.00128148842794788	6.3830697590432	0.00170805583579743	0.967378320536862	0.979920544189488	71978	Ppp2r2a
71982	10180.4	11108	-0.12470713087794	6.98628721731482	12.6078106070565	0.00163793461583988	0.00679277779987853	71982	Snx10
71983	1218.6	1063.4	0.197105432566671	3.34345991888762	9.12057281118969	0.00594735295625607	0.0192526404545857	71983	Tmco6
71984	399.4	444	-0.15090393717947	3.61276941285937	6.82199490367806	0.0153384660419371	0.0415567576557248	71984	Sars2
71985	410.8	434.4	-0.0755115976432437	2.18609490596908	0.468168259651828	0.500433321011725	0.625498376159069	71985	Acad12
71986	1525.4	1587.4	-0.0578707435440043	3.46353725262606	0.824577597626642	0.372939611804235	0.506337511649297	71986	Ddx28
71989	277	255	0.119696078200495	2.67092108831228	2.19862496543176	0.151242542039825	0.254637123196695	71989	Rpusd4
71990	1056.6	1017.8	0.0533339332536381	5.63916090144015	2.60758387458049	0.119521481414631	0.211064568401597	71990	Ddx54
71991	239.4	259.8	-0.125035141323311	3.2120807751186	2.74172978576889	0.110873444958594	0.199076369370374	71991	Ercc8
71994	1128.8	1095	0.0445781737637311	5.66052734164852	1.43708916204044	0.242399622069154	0.36503898076553	71994	Cnn3
71997	337.4	364	-0.109574745424463	5.00061798843598	6.07804104581925	0.0212843927503796	0.0539239500084584	71997	Smg9
71998	65.6	81.4	-0.327717849423619	2.81178433290017	12.3511287103603	0.00179184548296331	0.0072996997211814	71998	Slc25a35
71999	1732.6	1706.4	0.0207658280907598	5.22896165555249	0.262199848108046	0.613327138109718	0.72326266249799	71999	Fbxo22
72003	4567.6	4503	0.0220003987553059	6.78410634883274	0.161501753451191	0.69255240662075	0.78776678093148	72003	Synpr
72007	1168	994	0.233578152374862	4.53705463371015	19.692446620903	0.000176157281820327	0.00110799710680201	72007	Fndc3b
72008	235.2	263.2	-0.163680352543405	4.13176830599061	11.2931330680253	0.00261555547824976	0.0098656677668638	72008	Zfyve19
72012	30	27.6	0.0851027871901126	1.14460288694576	0.491907584572931	0.489872514016696	0.616080859444647	NA	NA
72014	469.6	443	0.0920391322227354	3.8209959515889	1.52944743029292	0.228325422223971	0.348344485204273	72014	Btbd17
72016	185.8	186.8	-0.0126692827434853	3.31981572139217	0.0430508664397374	0.837392881474635	0.89253570598292	72016	Tedc2
72017	651.2	750	-0.20650979077709	3.7336650883923	9.99618859202289	0.00423808889847663	0.0147418156492524	72017	Cyb5r1
72018	837.2	850.6	-0.0191296527529782	5.19048826496834	0.174857781687904	0.679575372747369	0.776795764151085	72018	Fundc1
72020	759.2	660.4	0.203039711634249	4.52958443702881	8.26117374202587	0.00925047264717164	0.0277031400868745	72020	Zfp654
72022	173.6	199	-0.197032746014422	2.13797458187525	3.02329467904198	0.094985173172936	0.176227631122619	72022	Slc35f2
72023	2064.4	1855.8	0.155939530536886	5.18232886262611	15.2402896182165	0.000678631368820089	0.00334776034297801	72023	Cyb561d1
72026	515	545.8	-0.086826055331268	4.00581989099453	2.19090120400126	0.151931921184141	0.255500173216472	72026	Trmu
72029	1338.4	1287.4	0.0540797505210292	5.91140837056488	2.44863581196136	0.130814378416916	0.227122045121693	72029	Cnpy3
72033	1903.8	1759	0.112193704840804	5.18804947517023	6.56749002631881	0.0171354674885763	0.0453287055417061	72033	Tsc22d2
72039	287.2	310	-0.10286490270021	4.28117841622581	1.32299118991169	0.265627981687249	0.39126708473897	72039	Mccc1
72041	57.8	59.8	-0.0598603736574272	1.63007797021847	0.312609308582555	0.581301769702291	0.695483468196086	72041	Alkbh4
72042	687.2	527.2	0.378869783991458	5.64231668114808	58.8554530771293	8.9421917872476e-08	2.35428852628191e-06	72042	Cotl1
72043	4363.6	3764	0.210071655572364	7.52574901861993	20.3736588766594	0.000212649301015191	0.00129144243566116	72043	Sulf2
72046	4179.2	4262.4	-0.0267094315326591	6.10521913697032	0.623564022119402	0.437515190264084	0.569100482368347	72046	Urgcp
72047	3877.6	4062.2	-0.0676501363401457	6.74144159609016	3.97040876464894	0.0578836301684936	0.119846725462743	72047	Ddx42
72050	307	297.8	0.0553430902071322	3.24816685583994	0.524210480878417	0.476101312914451	0.604282435622188	72050	Kdelc1
72053	1964	2000.6	-0.0268146667384145	5.99315338547983	0.629284492035315	0.435447674979373	0.567330150906063	72053	Tmub2
72055	1215.6	1212	0.00472685766532833	6.08970333144623	0.0193141643235992	0.890637691367943	0.930755346036602	72055	Slc38a10
72056	322	287.2	0.164508805516481	4.63793255921713	13.6287008656561	0.00115413696484125	0.0051234323371669	72056	1810055G02Rik
72057	898.2	877	0.032482269945984	4.88438455116827	0.563994652365077	0.46000944050633	0.590076007550453	72057	Phf10
72061	681.2	620.6	0.132301645979506	4.2845100780958	5.05462019932461	0.0340877505268584	0.0790477051364049	72061	2010111I01Rik
72065	1239.2	1161	0.0972479739823182	5.30694896646232	2.43557013481753	0.134728838297729	0.232605187381196	72065	Rap2c
72068	3803.8	3533.2	0.102893636515925	6.16064425186343	8.32985284796174	0.00815650051331992	0.0250222282028692	72068	Cnot2
72075	960	917.4	0.0676262178071342	5.11813455809802	2.95597451829696	0.0985290951262503	0.181495230550173	72075	Ogfr
72080	19.4	19.2	0.00741302043606304	0.374814639050416	0.00186252994973186	0.96593602936669	0.979077094562842	72080	Sapcd2
72083	206.8	225.2	-0.132369451835828	3.46333545939564	3.30955200512735	0.0814699603609201	0.156514781624964	72083	Mzt2
72084	377.8	420.4	-0.166299460480826	2.90884131020132	4.6195165632189	0.0419828859075926	0.0930278449959134	72084	Pigx
72085	585.6	708.8	-0.282085526492258	3.73406994828226	21.9431364805023	9.42381896453639e-05	0.00065866479358515	72085	Osgepl1
72091	143.4	160.2	-0.155496993072644	1.88286385111115	2.24373912367379	0.147289830082677	0.249026459704646	NA	NA
72093	36.2	45.4	-0.322762511316508	1.7753536119759	6.67032607332792	0.0163827504520983	0.0437943915359033	NA	NA
72096	410	426.6	-0.0568851870841803	3.84791502393796	1.07998274983193	0.309134090491136	0.439094353769544	72096	Eef1akmt2
72097	11036.4	10347.6	0.0931902062834936	7.93299457383168	9.04639244485806	0.00612370543681653	0.0197527423306731	72097	2010300C02Rik
72098	1793.4	1641.2	0.126725841799603	5.37182477777446	7.17697422461036	0.0131702851150039	0.0368278779362094	72098	Tmem68
72102	3275.4	2766.6	0.246087360649325	6.37325940216274	30.3043927690428	1.36115116949323e-05	0.00013710159584568	72102	Dusp11
72103	335	348	-0.0595097485794834	2.73287513438782	0.677103824663985	0.418746397120464	0.551888431109619	72103	Aplf
72106	381	380.8	-0.00344153858560522	4.45623881466195	0.00456902046689392	0.946672506500972	0.966123307841915	72106	Jmjd8
72108	4894	5064.6	-0.0504681448569076	6.48047825990589	2.71040497367689	0.112825476938379	0.201754230318859	72108	Ddhd2
72113	1219.2	1253.8	-0.0468218042148705	5.05157841511406	0.996147196666405	0.328274561107043	0.459668083866316	72113	Adck1
72114	226.6	232.6	-0.0361535612377181	3.10159251049569	0.213516234826968	0.648217304378663	0.750868161363135	72114	Zbed3
72117	4931	4413.4	0.161289546963	6.21756978753555	21.0596304036516	0.000119981883307913	0.000803150407214832	72117	Naa50
72119	61.4	60.8	-0.00741823920721553	1.61435001536301	0.00536518813579827	0.942220723561033	0.963689381428755	72119	Tpx2
72123	804.4	712	0.177722559036656	4.12841317150718	15.0608459448441	0.000719077139168387	0.00350488600327331	72123	Ccdc71l
72124	1357.6	1417	-0.0613585078627447	5.21975398052885	2.67396915841465	0.115146765116627	0.204790370738984	72124	Seh1l
72125	22.2	21.6	-0.00409608014807987	3.29677785989049	0.00232935234445452	0.961908678986639	0.97597184711539	72125	Amer2
72128	492.6	473.6	0.054938875912379	2.58820870299755	0.549898439710551	0.470106167919839	0.598884561257042	72128	2610008E11Rik
72129	2199.4	2057.2	0.0990958227577991	5.17409957821493	5.11820354565462	0.0330798563658259	0.0770690270650625	72129	Pex13
72133	810.6	1007.4	-0.317711184175852	5.02191967962513	47.8048090871549	3.92493979154558e-07	7.64569807911049e-06	72133	Trub1
72135	12.6	14.4	-0.189967619809636	3.11861641304501	3.84187169956801	0.0624803124667726	0.127199666604559	72135	Pygo1
72136	11	11.8	-0.0831400077119411	0.413533328163914	0.268727866556671	0.61717444363726	0.726318141046487	72136	Chst14
72137	343.2	338.4	0.0203796683024876	3.37643691505282	0.108216879559905	0.745057756266899	0.827498448523264	72137	Wdsub1
72139	139.8	127.4	0.15196732736713	1.0868038112866	0.920028582560311	0.347131358484007	0.479907858013184	72139	2610044O15Rik8
72140	703.8	654.6	0.10818526468835	4.32906676959249	4.27275229485879	0.0497591743418078	0.1065036437045	72140	Cep89
72141	877.6	869	0.0185582175323599	4.0098128764221	0.0897115799493711	0.767141672943842	0.844204794866736	72141	Adpgk
72144	3791	3554.6	0.094390425275715	5.82357375791698	6.89968432720505	0.0148322197690256	0.0404652518953372	72144	Slc37a3
72145	10139.8	9058	0.166280637041817	8.24788479328373	9.7308666314092	0.0063897139055724	0.0204013529470165	72145	Wdfy3
72147	244	219	0.1491410463131	3.28958225945843	3.81773133578078	0.0625504362154616	0.127284809947667	72147	Zbtb46
72148	576.2	585.8	-0.0172728054040423	4.27860183617154	0.0913470936460345	0.765094409112473	0.842822543198817	72148	Tdrp
72149	825.6	913	-0.147760709119414	5.14883199362001	11.8786281000346	0.00211812654158787	0.0083397987012016	72149	Strada
72151	538.4	528.6	0.0328036281837545	3.4392423488511	0.276337315068672	0.603971040325945	0.714912572014676	72151	Rfc5
72154	751.6	777	-0.044544540459213	4.30952715279103	0.833349022333466	0.370451981052021	0.504286394248061	72154	Zfp157
72155	14.8	15.4	-0.0683995456695567	0.708171589635778	0.201391417286236	0.657655449395418	0.759184718917129	72155	Cenpn
72157	1459.8	1525.4	-0.0618024646751619	5.80862172879132	2.55558928176743	0.12308445586027	0.216141747661809	72157	Pgm2
72160	261	253	0.0457822763831147	3.48135968809731	0.430912131959961	0.51783256671227	0.640982437206401	72160	Tmem163
72162	5542.8	5311.8	0.0612654771175947	6.44658551041212	2.75497449558545	0.110059972229682	0.198083282107809	72162	Dhx36
72167	117.2	112	0.0697056026932893	2.277468068111	0.711777289062954	0.407246060288201	0.540328121480233	72167	Thumpd2
72168	6671.6	6318.6	0.0789148877123164	7.18027900634878	2.82801507136136	0.107975091474622	0.195254844510719	72168	Aifm3
72170	2831.4	3003.4	-0.0846137007145215	4.98925972729322	3.94152766407278	0.0587352677962029	0.121106927350402	72170	Chchd4
72171	140.4	115.6	0.28127713608869	1.75227857984043	7.07880675824415	0.0137338974105537	0.0381309552770156	72171	Shq1
72175	1517.4	1387.4	0.131913150154684	4.24650849065544	5.38202597979778	0.0292389872917842	0.0697393271147605	72175	Mfsd8
72179	2435.4	2708.4	-0.153498514326323	6.11667695658318	22.6317414235852	7.83383418558957e-05	0.000561657933127538	72179	Fbxl2
72180	143.2	154.2	-0.109293866626799	1.98521984904676	1.28326414999176	0.268565380866863	0.394777180417944	72180	Zfp661
72181	937.8	920.6	0.0311030730076624	3.54175893539824	0.2365752973827	0.63113495837868	0.737165631386299	72181	Nsun4
72183	3135	2918.2	0.103417673961901	5.14353034524809	4.26627241112049	0.0499191818608772	0.106782870300003	72183	Snx6
72184	73.8	81.2	-0.0861375369295627	0.386419096213845	0.171073797254597	0.682910382708294	0.779744582642047	72184	Klhl35
72185	935.6	878.4	0.0921655831796651	4.42496558619461	3.56508829102707	0.0712443041830089	0.140812959477808	72185	Dbndd1
72190	2421.4	2382.6	0.0224498031524474	6.03992718864291	0.459546235916917	0.50436730996722	0.629361787072158	72190	2510009E07Rik
72193	1685.4	1702.4	-0.0160070211123478	5.87708793234144	0.20620701761907	0.653866697579776	0.75557739212093	72193	Scaf11
72194	4567.8	4420	0.0480828720016407	6.34078343940827	1.90549646129386	0.180280035989978	0.290216945483517	72194	Fbxl20
72195	1112.8	1093.2	0.0277672135788007	3.94071816460563	0.246833211852014	0.623867422562748	0.731056008137361	72195	Supt7l
72198	3263.8	3114.6	0.0657671583106016	6.11934202145904	4.09595788019593	0.0543404340111862	0.114212103126027	72198	Skiv2l2
72199	973.4	1027.8	-0.0809953428682586	5.39460517623172	2.96329049723326	0.0981366324746717	0.181042359385948	72199	Mms19
72201	2112	1794.8	0.235423818106416	5.92724531493099	42.8289885149299	9.41107389244388e-07	1.55282719225324e-05	72201	Otud6b
72203	521	603.4	-0.215102228936142	3.95660044012083	15.8650534765881	0.000556031771308428	0.00283387983867843	NA	NA
72205	2218.6	2853.8	-0.36406780958355	6.88585259595016	89.1382663059337	1.60089442049868e-09	9.84277087064706e-08	72205	Eml2
72225	213.4	183.2	0.215964820212933	3.27354382023458	9.85764642955875	0.0044682436997398	0.0153552055244981	NA	NA
72230	20.6	29.4	-0.512099771702481	0.70289422784781	8.39175679073579	0.00795442835034267	0.0245145644724633	72230	Zfp558
72238	1537.2	1597.4	-0.0555597952583224	5.52214681031805	2.04692008955165	0.165500976427648	0.272268508227319	72238	Tbc1d5
72244	807	676.8	0.252649902273754	4.33104437266663	26.4836096560584	2.93269739284882e-05	0.000254589838535957	72244	1600014C10Rik
72254	272.4	255.2	0.0914992594563077	3.31291169663664	2.29306094684569	0.143108697948174	0.243696173438137	72254	1700030K09Rik
72258	65.8	76.8	-0.216836359683406	1.97851282592559	2.92417568449265	0.10033871605268	0.184047690586985	72258	Kcnk10
72265	1610.4	1620	-0.00857921369783824	4.79377491800807	0.0233456014403323	0.879848485119485	0.923017129040284	72265	Tram1
72269	30	27.8	0.1180492197573	0.382756278731214	0.682371420304155	0.44821818827493	0.578958506999629	72269	Cda
72278	5057.8	4341.8	0.219761487008305	7.06893602722714	31.5893146815466	8.95467839178995e-06	9.65902399066656e-05	72278	Ccpg1
72284	476.8	449.6	0.0958250634434279	3.32117358055637	2.22669997015455	0.148768048007377	0.250997241262826	72284	Oraov1
72287	77.4	25.6	1.49589217132134	1.48886315471941	108.666349243943	2.35412511048015e-10	2.43046602477715e-08	72287	Plekhf1
72289	16479.6	15536.8	0.0812614553729236	9.24279215998626	0.356701768368915	0.562206868542094	0.679499797466965	NA	NA
72290	8484	5736.8	0.570032841356065	5.59103321646084	123.904006339913	1.10043220027147e-10	1.41914435590532e-08	72290	Lsm11
72293	64.2	53.8	0.264777391631213	1.57068456508882	5.14084619513476	0.0327290129006686	0.0764599875035249	72293	Nkd2
72296	6959.2	7971.8	-0.197403909835893	7.63745865048536	39.3293578123898	1.81425474978374e-06	2.62494876410152e-05	72296	Rusc1
72301	3300	3620.8	-0.13478698061275	5.91033129059942	10.4933627395568	0.00351308528705082	0.0126250956586357	72301	1810041L15Rik
72306	534.8	617.2	-0.210799884079682	5.04938919530818	27.588249267692	2.24529076911957e-05	0.000205271554565808	72306	Zfp777
72307	237.4	279.4	-0.232372872010529	3.48227415533021	12.870084215304	0.00149544811689622	0.00629813726154368	72307	2510002D24Rik
72308	1725.6	1797.6	-0.0573203527097197	5.33134008451604	2.40888616126627	0.133832365812721	0.231416798116648	72308	Brf1
72309	1116.2	1037	0.107852178728179	4.86666036568142	2.370284178701	0.14013544051556	0.239961812251145	72309	Tmem158
72313	1267.8	1140.4	0.153738852882669	6.62899661382297	11.9468602382509	0.00217257993184565	0.00848890394770319	72313	Fryl
72315	471.4	557.8	-0.239836860719932	4.27818364830838	19.7133642282689	0.000175108115536326	0.00110333576072815	72315	Ccdc74a
72318	175.2	208.6	-0.254426612592764	3.54728537251877	19.1364139533351	0.000206711478364997	0.00126494822535464	72318	Cyth4
72320	7702.4	7656.8	0.00810944901535213	7.54847353032524	0.0701559132368493	0.793388087942841	0.862171293799635	72320	Kif1bp
72322	1691	1749.4	-0.0480251226543692	6.01194260843524	2.02214195535135	0.167981053438435	0.275107266449771	72322	Xpo5
72323	740.4	676.4	0.12748910977194	4.98317979962955	8.80755601340378	0.00673164288335699	0.0212768786870855	72323	Asb6
72324	2166.8	2634.2	-0.280209878237738	5.0341331344807	43.3091691654115	8.62453472581538e-07	1.44952354566204e-05	72324	Plxdc1
72325	2086.6	2092.8	-0.00484347443823372	6.12918304521047	0.0116480346468234	0.914975265012867	0.946404213574924	72325	Vps9d1
72326	76.4	86.4	-0.164127337721818	2.1068883711639	2.16992223665664	0.153823464701445	0.257871069217663	NA	NA
72330	176.2	205.6	-0.220927183227787	2.78856398234651	8.24205801409934	0.00845283083134941	0.0257666606586245	72330	Klhl40
72333	28.6	35.4	-0.343276834043631	0.844601129592664	4.72537965790354	0.0398885930556837	0.0894951885050225	72333	Palld
72338	31.6	30.8	-0.0185630852485102	0.79156627372991	0.011920434029738	0.913973559125934	0.945827198797301	72338	Wdr89
72341	370.4	354	0.0509110346937416	3.22552231082678	0.485311588730346	0.492768001494667	0.61826985187534	72341	Elp6
72344	1663.6	1746.2	-0.0697828742295411	5.60003241610461	3.64638218353876	0.06830487553984	0.136063763926798	72344	Usp36
72345	89.2	96.6	-0.107897734788758	3.32823946628673	2.8028009538938	0.107179937833791	0.194203157830962	72345	Amer1
72349	14933.4	15461.2	-0.0498495232949301	7.77628444998189	3.6933053615125	0.0666712623499114	0.133360977858514	72349	Dusp3
72350	517.2	534.2	-0.00997920186161946	1.65865283869588	0.00681561154865478	0.934893739180523	0.959590548651845	72350	Zc2hc1c
72354	2114.4	2029	0.0592600265913629	5.86499263038444	1.95070153289734	0.175387856416727	0.28400807491008	72354	Ttc4
72355	419.2	519.8	-0.303173680320256	2.70348931876442	9.59847485247674	0.00493645602032099	0.0166553537156208	72355	Cdpf1
72357	2518.8	2617.6	-0.0557256346042288	6.74384341025053	3.62035461484205	0.0692306595125398	0.137585584022309	72357	2210016L21Rik
72368	271.4	271.2	0.00134142415909698	4.09627199687165	0.000716810233368391	0.978863546028931	0.986565078231504	72368	Borcs8
72371	714.6	964.2	-0.433826860924144	3.24292518252201	28.933940811634	1.6348025695295e-05	0.000159013703499188	72371	2210408I21Rik
723857	11.6	7.8	0.543488294452832	0.154227009723153	10.4540000804951	0.00356522795712439	0.0127997528296761	NA	NA
72386	1446.8	1358.6	0.093568998710262	3.82057582434709	2.53787432833424	0.124326803802879	0.218005534655686	NA	NA
723908	741.6	687.6	0.126657532762989	0.4905623968039	0.733870310635729	0.400166622263368	0.533383286443629	NA	NA
72392	1127.6	1252.4	-0.152695316533981	5.4344464431764	15.4684906559244	0.000630736310685319	0.0031469322176892	72392	Tmem175
72393	30385.6	30368	0.000152886512601141	9.40614366809791	1.95599650783292e-05	0.996508060978212	0.996990898690322	72393	Faim2
723967	190.6	232.8	-0.298738480909457	1.01180067033298	4.57971110288366	0.0428020754515945	0.0945242472998239	NA	NA
72397	936.2	751.2	0.319135733257209	2.89562779173155	15.8048672885154	0.000566720920729723	0.00287820948286276	72397	Rbm12b1
72399	4633.2	4375.8	0.0822977985965149	6.3897395269674	8.09252941935714	0.00898515952637996	0.0270709357761	72399	Brap
72400	105.2	118	-0.168700600803398	2.52263337072898	4.43431602537401	0.0459506847818864	0.0998833417163614	72400	Pinx1
72404	700.6	703.8	-0.00946186662019463	4.20720358355991	0.0349522232551649	0.853278783962303	0.903339305895491	72404	Wdr44
72413	112.8	95	0.248440670678482	1.58397502499626	5.61886284289494	0.026210999612837	0.0638768822127711	72413	Kcnmb2
72416	3897.8	3874.4	0.00629205551008149	6.13307693701401	0.0313738734001295	0.860906126415717	0.909654969125091	72416	Lrpprc
72421	667.2	734.2	-0.135486496908458	3.76469303865089	4.44270479694917	0.0457620973534282	0.0995852687664034	72421	Ttc30b
72425	307.2	315	-0.0376686017521946	3.78545263969202	0.275680992960959	0.604398522605565	0.715184301738915	72425	Katnbl1
72429	186.2	177.2	0.0831058563214524	1.70962470263657	0.590978894081771	0.449595059278484	0.58027029081268	72429	Dnajc25
72440	476.6	495.8	-0.0541478520205378	3.63525792164529	0.80879519824422	0.377477149012513	0.511153711057416	72440	Rhno1
72446	76.8	116	-0.586490043706174	2.63002416531306	24.4950266950437	6.41558386578243e-05	0.000478517436769811	72446	Prr5l
72454	657.4	694.6	-0.0834168968052027	4.71436631174641	3.49265711580145	0.0739854130839635	0.1449412538888	72454	Ccdc71
72459	4403.2	4840	-0.134417237852024	6.21916828914672	17.0723650551192	0.000382033079947478	0.00210759776242781	72459	Htatsf1
72461	284	419.4	-0.573910139434279	3.06371690959545	64.2734022565755	3.20546639129608e-08	1.04350926170706e-06	72461	Prcp
72462	714.2	551.6	0.372646725466778	3.89868066370513	37.273068455975	2.71588326155985e-06	3.67215871492854e-05	72462	Rrp1b
72465	2301.8	2206.8	0.060752680456428	5.65574027543859	2.63455393009687	0.117721088122868	0.208266904250666	72465	Zfp131
72469	471.8	550.4	-0.227783691693912	3.95939334735183	9.90671660389641	0.00443353855043846	0.0152613398923642	72469	Plcd3
72472	216.4	207	0.0629779204700707	1.91438000507846	0.560282475790088	0.490633883051756	0.616505486400264	72472	Slc16a10
72475	5884.6	5294.2	0.150779194907529	7.25445751472331	10.2677283652926	0.00443142778616194	0.0152599775730059	72475	Ssbp3
72477	1859.6	2020.8	-0.115700396681865	5.33993728621115	5.39151298419321	0.0291104568971841	0.0695360343731449	72477	Tmem87b
72479	526.8	502	0.0713637485095397	4.6339357640051	2.79726365292134	0.107508848813049	0.194642382023288	72479	Hsdl2
72480	33315	32588.2	0.0321495934349283	9.1978749306823	1.21764818217967	0.280844375740681	0.408013328671807	72480	Tspyl4
72481	62.4	48.6	0.401923321704297	0.225848973971637	6.02998781697574	0.0217483807343749	0.0548701510097147	NA	NA
72482	1597	1636.6	-0.0356396419873621	4.75360064038149	0.442967251959334	0.512086615941305	0.635939509134429	72482	Acbd6
72486	857.4	854.2	0.00512191174884185	3.87294088938404	0.00792030096887889	0.92982895156899	0.956354659003452	72486	Rnf219
72500	170	143.8	0.238699244896024	3.2101258954336	6.85261022776448	0.0155162004108807	0.0419364893429314	72500	Ier5l
72502	585.2	573.2	0.0284696835174933	3.7222610637371	0.252378774164747	0.620017095036101	0.728240459259857	72502	Cwf19l1
72503	13666.6	13120	0.0605046632066863	8.54624377757566	3.69093919423737	0.0667525661754441	0.13348666180131	72503	2610507B11Rik
72504	58	60.8	-0.0574307993318346	2.4521745062773	0.342157365729725	0.564086070030673	0.681030743085813	72504	Taf4b
72507	1264.6	1044.4	0.278098882213549	4.74234789551302	36.1991675576603	3.37179725564118e-06	4.35531345246091e-05	72507	Dzip1l
72508	1435.6	1400.8	0.0341787114134977	5.98358207467683	1.13724758651472	0.296923002887284	0.425260115312406	72508	Rps6kb1
72511	96.8	126.6	-0.37522544351879	1.47648463064048	8.38424615601488	0.0079786493266489	0.0245682567889611	NA	NA
72512	56.2	54.2	0.0454709143600342	1.46705147043638	0.152191421380445	0.699916017776709	0.793519971836579	72512	Tmem173
72514	106.8	111.2	-0.100373385059848	2.8894046643144	0.438002535860637	0.518056948191037	0.64120526880915	72514	Fgfbp3
72515	816.6	844.4	-0.0471442195875824	4.61225314787412	0.942167876290685	0.341473146299315	0.47417166457972	72515	Wdr43
72519	2816	2493.6	0.177834136711513	5.48758282211562	22.1828394120502	8.83374696224866e-05	0.0006237566125664	72519	Tmem55a
72522	823.2	881.2	-0.0953055205840899	5.08846326088451	4.69823273585573	0.0404142337404369	0.0904392838650371	72522	Atxn7l2
72535	161.4	187.6	-0.220935044085419	3.18281430949297	8.58852332440408	0.00734779911605145	0.0229384640223343	72535	Aldh1b1
72536	54.6	46.8	0.204523894987223	0.875093082270902	2.67466005828203	0.126242195194989	0.220748208244419	72536	Tagap
72542	2458.4	2329.4	0.0786634907554583	5.34339868418327	3.6998399058428	0.0664473140528029	0.133065740640178	72542	Pgam5
72543	4270	4243.8	0.00774316244460984	7.0279986076192	0.0594803149288265	0.809407199346147	0.873594060584619	72543	Mvb12b
72544	294.8	268.6	0.14604919145965	3.00353934380047	3.76304998224053	0.0643246468335888	0.129918037479694	72544	Exosc6
72549	68	65	0.0668487386875513	1.8149795834681	0.575761386676383	0.476705958809559	0.604731255804227	72549	Reep4
72552	2142.4	2230	-0.0583042573622331	5.34396551600794	1.79661990345382	0.192764959281844	0.305976797876101	72552	Hsdl1
72554	329.6	306.2	0.103311691015325	3.98007837560999	3.59466403811677	0.0701585140024079	0.139123495869228	72554	Utp14a
72555	3157.6	2965.2	0.0900002149087373	6.3646444306043	5.53573166615789	0.0272321361161014	0.0658802632333149	72555	Shisa9
72556	219.4	273	-0.313236776069252	1.242618591904	5.55208997445669	0.0270277499572789	0.065469934285656	72556	Zfp566
72560	8.4	7.6	0.142583685022844	0.278997393110822	0.853276839105106	0.364888800260575	0.498167820814806	72560	Naalad2
72562	40.8	40	0.0255122068111376	1.81257321422603	0.0711643414886007	0.796637164751586	0.864437902728413	72562	Pcbd2
72565	69.6	76.4	-0.13512978480388	3.62990627743067	4.81103885852546	0.0382796027637656	0.0865332152560945	72565	Uaca
72567	5186.8	5589.6	-0.108922100523309	7.12138334662972	14.2492756560367	0.000937867792711734	0.00434763985755465	72567	Bclaf1
72568	278.4	242.4	0.203295412030142	2.29575128479611	4.55072183750877	0.0434099749391684	0.0955105648648546	72568	Lin9
72569	905.4	985	-0.121347849503445	4.26221853658696	5.27399507365152	0.0307481076194324	0.0726612539355084	72569	Bbs5
72572	3019.2	3049.2	-0.012786342216538	4.81138300294738	0.082872208714607	0.775931627430778	0.85028929059018	72572	Spats2
72578	115.2	146.6	-0.34561176387143	2.14884491917093	14.8953747026646	0.000758709277135113	0.00365236412415829	NA	NA
72580	262.4	226.4	0.216384595688841	2.85088599351926	8.53212118713083	0.00751631736926025	0.0233586005709068	72580	Zufsp
72584	3536.4	3446	0.0364856612950345	5.88213980048733	1.18919043827725	0.286399957743284	0.413879722977547	72584	Cul4b
72585	869.8	863	0.00913420197958688	3.02818313177953	0.0101993624501218	0.920402028029013	0.949638868808006	72585	Lypd1
72587	2177.8	2146	0.0248547353382536	5.30089163486801	0.269254811640579	0.608618978273525	0.718766133831647	72587	Pan3
72590	15044.2	15783.2	-0.0700246976076842	8.23349693415136	6.49632150177777	0.0176787796170467	0.0464906294536814	72590	Ppme1
72599	72.2	76.4	-0.0782559686236784	2.32785039392472	0.622726528361516	0.437819180365878	0.569342189204535	72599	Pdia5
72603	110.2	123.2	-0.171551540152477	2.3295985299646	3.47360080085098	0.0747264825241929	0.14611696136427	NA	NA
72605	8949	9998.6	-0.160935614430447	7.33558577661594	32.9339791318489	6.6777045198802e-06	7.65420627520606e-05	72605	Car10
72607	892.8	987.2	-0.139993479434867	4.84347911584016	7.91079623996938	0.00968237102967695	0.0288079437758235	72607	Usp13
72611	2823.8	2948.8	-0.0599819482638959	4.90559124179334	1.66748217347531	0.20898521803912	0.325258139500101	72611	Zfp655
72612	2052.6	2180	-0.0884871233887966	5.05227606868668	4.03385152910816	0.0560615159197339	0.117080357044334	72612	Hpf1
72614	205.8	280.4	-0.422310386118247	1.15137178953858	9.78288245949366	0.00459810810012017	0.0157118332101978	72614	Pih1d2
72615	1932.2	1771	0.128035574682003	5.66028464787589	10.1747838962699	0.00396034586096491	0.0139619112150489	72615	Anks3
72621	875.2	958.6	-0.13180975014254	4.93184760031384	9.47476912695947	0.00517868417036333	0.0172312847602283	72621	Pdzd11
72630	192.2	166.6	0.210964131702109	3.13638883022739	6.30412185800521	0.019243815276159	0.0496874072886033	72630	Hspa12b
72632	510.2	557.2	-0.128038466915055	2.46351445105382	2.65285858877628	0.116517262176895	0.206592309556532	72632	Smim18
72634	797.6	777.4	0.0390702280688603	4.68495997218163	0.762262675715899	0.39133657438517	0.524613137280954	72634	Tdrkh
72635	272.2	277.4	-0.0169607215445696	3.34901229457011	0.0630683315702122	0.803863857887482	0.869624145041963	72635	Lins1
72640	90	96.2	-0.0991450651415814	2.5008117729553	1.16318741525217	0.291604572034978	0.41968062174585	72640	Mex3a
72649	1166	1308.6	-0.166975036600586	4.74299907708769	14.2697163826553	0.000931540773456435	0.00432385688488738	72649	Tmem209
72650	395.2	329.8	0.266344712514268	2.87409509407748	11.7058128039974	0.00225323444807934	0.00874550233956466	72650	2810006K23Rik
72654	543.4	564.2	-0.0554055335920219	4.03164819843645	0.895503476174753	0.353490241277733	0.486807370109507	72654	Ccdc12
72655	104.6	107.8	-0.0517741108221245	2.79780879047016	0.399587241619078	0.533322425482175	0.655046580984143	NA	NA
72656	1779.6	1300.2	0.453239287658412	4.7973111045563	70.2108530899279	1.45863701590368e-08	5.59234467582805e-07	72656	Ints8
72657	590	667.2	-0.170186722199054	3.1749879791486	4.52531502432298	0.0439507391101053	0.0965006810113112	72657	Selenoh
72658	203	213	-0.0702098158301216	2.25211233315637	0.673400111823778	0.420004165011662	0.553092219486021	72658	2700097O09Rik
72661	1778.2	1792.2	-0.012652525285739	5.86604078928623	0.104293039057752	0.749554755304726	0.83083316205326	72661	Serp2
72662	389.6	459.2	-0.239895857617155	3.88234655339122	14.9762065237018	0.000739059704721026	0.00358237568890601	72662	Dis3
72665	82.6	86.2	-0.052763210040359	0.468977653865254	0.0955901689701756	0.759874958868486	0.838670789209308	NA	NA
72667	837.4	772.4	0.118682506038984	4.6637016761293	4.97095056676237	0.0354667631475331	0.0815261759755794	72667	Zfp444
72668	348.8	363.6	-0.0590908597723274	3.47303143022721	0.844172424142431	0.367415380124024	0.501002066444589	72668	Skida1
72669	700	618.4	0.178932704173431	3.34461650130924	9.10014272000511	0.00599535967736451	0.0193820015156848	NA	NA
72672	884.8	912.4	-0.0394567163965005	3.64808776859349	0.258447134251955	0.615899203738872	0.725644529739294	72672	Zfp518a
72674	1610.8	1464.6	0.135094521279115	5.68169836454244	10.7364916307058	0.00320894677901644	0.0116625890731465	72674	Adipor1
72685	23266	23097.6	0.00962257309412544	8.79504361191055	0.106074960911109	0.74750111037662	0.82932000686089	72685	Dnajc6
72690	56.8	62.2	-0.145738502130244	0.807490387027725	0.956330649690102	0.33793962462893	0.470032653424418	72690	Grrp1
72691	149.4	95.4	0.64674883567964	2.44242495589756	43.4494678373258	8.40840812619786e-07	1.41814622002408e-05	72691	Calhm2
72692	1601.2	1407.8	0.186262224336929	5.8482651188816	15.0646082230589	0.000757470086309578	0.0036482747842448	72692	Hnrnpll
72693	1224	1317.4	-0.105623303029477	4.32661531256501	3.09475104888036	0.0913837819602489	0.171184705087278	72693	Zcchc12
72699	3038.4	2586.4	0.23545629678462	5.94512963458648	19.5352191964807	0.000258648148959208	0.00151938657629782	72699	Lime1
72701	5.8	6.6	-0.194019373736468	0.41139482803757	1.162511355094	0.291741562018289	0.419835975449259	72701	Zfp618
72709	33.4	40	-0.248113481625218	0.94558286895586	3.00750357427894	0.0958030250229395	0.17737119555291	72709	C1qtnf6
72720	936.6	866	0.114942060374954	3.09063061952337	2.64039976147496	0.117335053177387	0.207685630495463	72720	Zfp248
72722	995.8	1018	-0.031458552950778	5.42748515076396	0.722909577642939	0.403655447522167	0.536549185073147	72722	Fam98a
72723	633	630.2	0.00504414263443043	3.53289253832323	0.007623589059322	0.931152335615747	0.957264396096332	72723	Zfp74
72726	600.6	647.4	-0.111617362871093	3.91978665436312	3.69341639496309	0.0666674499025141	0.133360977858514	72726	Tbcc
72727	1415.4	1412.2	0.00268830182530042	6.90251044811465	0.00749208916021303	0.931747141207163	0.957721033921799	72727	B3gat3
72729	8372.4	8380.2	-0.00120382166020448	7.36320185022888	0.00175764349391491	0.966908462875614	0.979650562344324	72729	Cdc42se2
72736	1899.4	1752.2	0.116696727983855	4.65416315032562	3.05033567413424	0.0952958944437817	0.176681228616011	72736	Tmx1
72739	1454.2	1325.2	0.134945373713854	4.46006148104164	6.47119137044041	0.0178751603272545	0.046835842596945	72739	Zkscan3
72745	1547.4	1741.6	-0.172668370861643	4.65166930059387	14.6929661068853	0.000810456324773014	0.00385974817735392	72745	Tmem161b
72747	981	814.4	0.277659043053653	3.93387923411969	17.4976394387151	0.000335699518777284	0.00189095901964414	72747	Ttc39c
72748	276.4	281.6	-0.0392474842135088	1.93605918920921	0.110863421005898	0.742075625159933	0.825200883679156	72748	Hdhd3
72749	403.4	440.8	-0.13131064199062	3.33765899624708	4.5811287235778	0.0427725944994734	0.0944880148090155	72749	Tonsl
72750	6466.6	6420.6	0.010486842560556	6.3048466161378	0.0944597034787254	0.761252919816457	0.839678701390955	72750	Fam117b
72754	966.4	974.2	-0.0129923023891458	5.6977987314781	0.0908334783547761	0.765735154530554	0.843207064115848	72754	Arhgef10l
72759	5091	4945.4	0.0422248953695672	5.99690258645096	1.71022049157246	0.203436201621075	0.318880556199721	72759	Tmem135
72772	1871	1603.8	0.221249070757852	4.15641805902654	16.5418307742208	0.000449842969641705	0.00240370805293945	72772	Rint1
72774	462.6	633.4	-0.454999849445778	3.30808931591528	39.9397435063561	1.61370127627546e-06	2.38491188622551e-05	72774	Neil1
72775	192	211.4	-0.146727321472772	3.62577312082357	4.54301591493956	0.0435731951057787	0.0957881311116237	NA	NA
72776	313.4	295.8	0.0760078512610107	2.12597682242349	0.553343302543483	0.464228762626264	0.593644389542601	72776	Sass6
72780	579.8	556.4	0.0516131978474793	3.52262512972151	0.566477543375144	0.459034901133854	0.589140677806415	72780	Rspo3
72787	728	695	0.0678336722396001	3.37163579163446	1.04569544039407	0.316772683674104	0.447263101477532	72787	Ndc1
72792	97.8	147.2	-0.586027186144929	3.08942566894194	50.8794040128072	2.35757558059698e-07	5.1077448009547e-06	72792	2810459M11Rik
72795	5205.8	5247.8	-0.0145965143072297	6.58963253890168	0.149593743835449	0.702357065627172	0.795503391605522	72795	Ttc19
72804	77.8	135.2	-0.722276787854108	0.558249264017931	15.4063096060743	0.00064341095661377	0.00319692745510327	NA	NA
72805	377.6	412.8	-0.123337575087002	3.42713502186984	3.10060621981905	0.0910957410039584	0.170689375223129	72805	Zfp839
72807	9.6	8	0.223513829531186	0.245171216494898	1.83810940216104	0.187886043166378	0.299812858017977	72807	Zfp429
72821	16231.6	15395.6	0.0770355793017722	8.31964086764345	7.50314280380183	0.0114732925384433	0.0328770428283962	72821	Scn2b
72823	70.6	69.6	0.0175867853219506	1.66721588411108	0.0221078753043998	0.883051885804218	0.925469209324542	72823	Pard3b
72825	653.6	560.8	0.218684600644778	4.52112412593126	20.8243454822758	0.000128063025723699	0.000848314836760013	72825	Mon1a
72826	630	672.4	-0.0935164336645613	4.39676554542667	1.41329712599163	0.249126445702855	0.372645518595577	72826	Fam76b
72828	1195	1070.2	0.158928547854177	4.63534596894334	8.81176499790785	0.00672037252270606	0.0212505500860191	72828	Ubash3b
72831	7059.6	6930.8	0.0252469788484567	6.89697997431875	0.515142953296183	0.479900261491888	0.607503799229615	72831	Dhx30
72832	1503.2	1491.8	0.0127224510509998	5.47582768942934	0.0931750522016564	0.762829858517916	0.841033011061629	72832	Crtac1
72834	824.2	880	-0.0946060334261109	4.38126707809561	2.96055150526631	0.0982833519779594	0.181221548783161	NA	NA
72836	431.6	367.8	0.241566008673278	2.65905475656339	6.73492220821072	0.0159286724762327	0.0428260848161212	72836	Pot1b
72843	1183.6	1316.6	-0.154912614542932	5.24639242824245	15.519232698863	0.000620594781290099	0.00310383286116508	72843	Prdm4
72844	1959.8	1973.4	-0.00960322940310416	7.13964082278564	0.0909893982301111	0.765540432223439	0.843105420203903	72844	Kctd17
72852	834.4	906	-0.120345721105094	5.12167151562646	5.71712857188593	0.0250585289726072	0.0616293989739772	72852	Mblac2
72865	1644.6	1737.6	-0.0805877661368058	6.60991710300699	5.37317313549398	0.0293594969691764	0.0699690303697404	72865	Rtl8c
72873	253.6	228	0.157248039633761	2.45996887597451	2.16960669312177	0.153949341330459	0.257992322271357	72873	Bbof1
72881	295.8	329.8	-0.159416726772999	4.16844083601203	6.36764741047372	0.0187101816273697	0.0485001731065284	72881	Zdhhc4
72886	82.8	71	0.22120278879531	2.80646494831856	7.45174450710214	0.0117239025747884	0.0334818676888788	72886	Ccdc94
72895	7934.6	8686.4	-0.129526468634541	7.39015237510397	17.6059411274772	0.00032490252482153	0.001839459887885	72895	Setd5
72898	2559.6	2264.8	0.177683071557348	6.42686663951357	21.6398267845336	0.000102326468398208	0.000703628341687775	72898	Asphd2
72899	898.4	875.4	0.0329034760021235	4.48312995792812	0.363517812523743	0.552255849512873	0.671176830813004	72899	Macrod2
72900	7881.8	8397.6	-0.0913460792524845	6.75632517312351	6.15440167635917	0.0205695019710157	0.0524821856114848	72900	Ndufv2
72902	253.2	250.4	0.0158931187491388	5.95316725724142	0.0526727375840304	0.821465690399032	0.882064117749618	72902	Spock3
72925	1286	1379.4	-0.0988711596278015	4.65402709352027	3.65267687811012	0.0680831015989401	0.135678085000838	72925	March1
72927	2515.2	2536	-0.00918962054411036	6.152416763596	0.0438405484452841	0.835934571455452	0.891375750336932	72927	Hepacam
72930	9326.4	10408.2	-0.158001304449849	7.16456175189174	29.7052621888902	1.36815033454199e-05	0.000137423522831619	72930	Ppp2r2b
72931	1994.8	2037.2	-0.0328357456920318	6.7147566960815	0.502026233343348	0.486247475637177	0.613336330644887	72931	Swi5
72935	1213.8	1084.8	0.159657774322326	5.6499808796058	13.6899765242299	0.00113053426121317	0.0050318974336234	72935	Ddx41
72937	45.2	46.8	-0.0602990440053746	2.20439013055407	0.370460179281281	0.54851354700387	0.667639141759489	NA	NA
72938	178	205.8	-0.224955915060452	2.3879782879729	5.36718666498626	0.0294413018716088	0.0700946429339869	72938	Hspb11
72946	1278	1200.6	0.0877479198739515	5.20174457540028	4.25362932371639	0.0502330511689292	0.10734306942574	72946	Lrrc47
72947	152.4	158.6	-0.0630084480348361	2.36637819946872	0.517442754135424	0.478931923305389	0.606827669569724	72947	Phykpl
72948	31425.8	31793.6	-0.0165791101393199	9.65561314209334	0.408475434328662	0.528842008357007	0.650820126759657	72948	Tppp
72949	976.8	876.4	0.159286968465054	5.74888892242367	14.1769780652318	0.000960624714076328	0.00442193299912715	72949	Ccnt2
72960	212.6	239.6	-0.172364629142014	3.58129676101624	8.23003500566909	0.00849432501207641	0.0258750208060174	72960	Top1mt
72961	72970.2	73035.8	-0.00207406903745095	10.6525140661762	0.00638239428432615	0.936992130961373	0.960767803940027	72961	Slc17a7
72962	86.4	108.4	-0.343462534676997	0.903755413210494	5.16262469053311	0.0323954773820157	0.0758413071071679	72962	Tymp
72972	1507.2	1547	-0.0384796725476118	6.85446857829486	1.50687970178358	0.231607376543757	0.352421625493575	72972	Ccser2
72978	4853	5274.2	-0.117922985713959	6.46083538455893	5.9955399663018	0.023077792487319	0.0576805140258877	72978	Cnih3
72981	3341.2	3672.8	-0.135471442847723	6.01317161484727	17.2266348345415	0.000364466903723563	0.00203162538620146	72981	Thap12
72982	372.2	354.8	0.064049425049575	2.68262150984295	0.464691297963006	0.502013282320925	0.626876888351331	72982	Tmem138
72993	4118.4	3675.8	0.164054932446294	6.85485285712796	34.7262035150206	4.56669702456338e-06	5.58908033810661e-05	72993	Appl1
72997	373.2	354.4	0.0648573575614478	2.68473388729789	0.502924472445397	0.48510079130218	0.612317425332434	NA	NA
72999	3209	2736	0.231239554162499	5.54271912878897	38.4563579512027	2.14957631006923e-06	3.02871871749317e-05	72999	Insig2
73001	2.6	3	-0.185221342090428	1.23891092934725	2.03430034138382	0.166758530824027	0.273745349747926	NA	NA
73010	5412	4662.6	0.216685387659556	6.09708392211077	28.8070032267644	1.68385860885677e-05	0.000162690456767485	73010	Gpr22
73024	2923.6	3149.4	-0.107856277299596	5.87880291929239	7.6358783884114	0.0108529787362421	0.0314555754268385	73024	Emc7
73032	5641.6	5851	-0.0503810812151942	6.46801813414711	0.92232110562812	0.348675762080477	0.481567368339611	73032	Ttc9b
73040	662.8	621	0.0997528021444907	2.86424141408011	1.43525595065485	0.242691653834217	0.365440688042481	NA	NA
73047	1657.6	1967	-0.247389244545246	6.08129862092009	16.6638819835844	0.000731056037437493	0.00355421593175968	73047	Camk2n2
73062	1690.6	1639.8	0.0436380377278687	6.22550025566629	1.14974740276191	0.294344122144303	0.422613483805876	73062	Ppp1r16a
73067	298	347.6	-0.213605388435126	3.77229972466287	6.88559967337241	0.0154209776156274	0.0417406012090408	73067	Tmem192
73068	1948	1663.8	0.229246487214485	4.23053352884145	22.96173458348	7.17738834468628e-05	0.000523156687514349	73068	Fut11
73072	1286	1498.2	-0.219044597068938	5.57099015833254	21.6170746138959	0.000102962923556667	0.000706995770588156	73072	Prr36
73075	65.4	51	0.36138640584827	2.0521636842927	14.5463593678312	0.000850336144768261	0.00401396428363176	73075	Ppil6
73078	1336.6	1277.4	0.0617141840269968	5.40549108312939	1.75050641988481	0.198371991789087	0.31284983844184	73078	Pmpcb
73086	219.8	212	0.0524359897372827	4.1411425132794	0.866384906998387	0.361294837396598	0.494619271262043	73086	Rps6ka5
73094	3142.2	3369.4	-0.101237687666663	7.11211041182756	6.86474401398944	0.0150575791966314	0.0409332799902409	73094	Sgip1
73095	746	563.4	0.409532558052016	5.40414154164075	71.226341621187	1.28135871642234e-08	5.07418051703248e-07	73095	Slc25a42
73100	706.4	706.2	0.000606349067224178	4.27838910159382	0.000100021460359416	0.992103709073688	0.994511894788202	NA	NA
73102	3833	4374	-0.189718099770071	6.72047635989373	28.7862416296565	1.6920330761809e-05	0.000163044307220791	73102	Slc22a23
73103	125	149.8	-0.263337430178682	0.187407502279099	2.29588487677965	0.142873617247689	0.243501606687173	73103	3110009E18Rik
73112	308	206.2	0.580881612733684	2.92358677056057	38.9649553238197	1.96605846965534e-06	2.81918741273792e-05	73112	Abracl
73122	2639.8	2736.4	-0.0524287740287725	6.22745510457946	2.87343038726484	0.103085715406102	0.188297855488411	73122	Tgfbrap1
73124	304.2	317.4	-0.0569640362106062	4.78765354105036	0.510119952529156	0.484828384336465	0.612080484513867	73124	Golim4
73130	580.4	487	0.251638764104699	4.90422076685841	7.94023152494744	0.0131070080947991	0.0366722212547863	73130	Tmed5
73132	1634.8	1729	-0.0807329667399646	5.37674763470809	4.52447628991106	0.0439687196089809	0.0965254971488776	73132	Slc25a16
73133	119	112.4	0.0720996433350902	2.90813856179147	0.616765828083306	0.439992453598117	0.571448551020503	NA	NA
73137	575.4	698.4	-0.281448098081196	4.4025668362454	25.7411321146465	3.52172787738355e-05	0.000296120155553821	73137	Prrc1
73139	466.6	425.8	0.132846630991261	4.1729434696955	6.57395607058683	0.0170870278181325	0.0452253982939547	73139	Cenpv
73158	8259.8	7940.2	0.0562378976331908	7.45343937690974	3.1825140005503	0.0871741643368776	0.165117988641754	73158	Larp1
73162	322.4	300	0.105750369948838	4.14022895763822	5.00244949293321	0.0349404150202603	0.0805725524414235	73162	Otud3
73166	476.2	486.2	-0.0325707167433962	4.19753087088533	0.437757396168314	0.51455577905686	0.638125305323953	73166	Tm7sf2
73172	602.8	687.6	-0.182775163982688	3.19748307585494	5.41225302623756	0.0288316576870216	0.0690297797263889	73172	Exo5
73173	174.8	174	0.012320899926216	3.03883138155827	0.0369931650638898	0.849109034751499	0.900970634877269	73173	Pcdh18
73174	1500.8	1475.8	0.023188568306809	5.71546831498717	0.221130908541391	0.642652495301551	0.746043265823745	73174	Tbkbp1
73178	8598.6	7508.8	0.19409222199103	7.28323037150208	37.0766541732483	2.82465755267055e-06	3.78380663538175e-05	73178	Wasl
73181	18.4	22.4	-0.31692420119231	0.963661564999618	6.64127223406936	0.0165916363797802	0.044196658882635	73181	Nfatc4
73182	133.8	131.4	0.0217050075647627	2.94261148418241	0.0713089676949194	0.791738338315784	0.861030868104483	73182	Pear1
73192	2972.2	3031.4	-0.0274612474554515	6.43007972982836	0.807608172425223	0.377821675444687	0.511421838581677	73192	Xpot
73204	113	103.4	0.119378897102576	1.33795754149792	1.15350192433085	0.293575369333474	0.421886894844506	NA	NA
73205	1679.4	1658.6	0.0194698467481985	4.66978496927343	0.139709025919281	0.711876194149281	0.802547267002083	73205	3110043O21Rik
73212	92.4	88.8	0.0599631224059438	3.00791258909148	0.678188415262042	0.418379171369613	0.551505019879287	73212	3110082I17Rik
73218	793.8	706.8	0.16665732268613	5.41242772847459	17.9555643386632	0.000292547879258768	0.00168063873084508	73218	Sppl2b
73225	2155.2	2175.4	-0.0142054283892449	4.38044194571407	0.0634315632816846	0.803312141166203	0.869298036541048	73225	Fam118a
73229	207.2	165.2	0.322643298147176	2.48511868039046	11.5953132860333	0.00234454332352206	0.00902828730254836	73229	Zfp983
73230	214.4	233.4	-0.129261904322092	3.26350771498952	2.56571166714042	0.122381130776673	0.215141919757483	73230	Bmper
73233	1246.4	1341.8	-0.103907105085859	2.43747752633787	1.3033527617848	0.264947110023953	0.390650365019505	73233	Zfp942
73242	1917.8	1995.8	-0.0595503360181889	5.58932040512241	2.11731735163166	0.158692158187375	0.263799477221428	73242	Atat1
73247	258.6	270.2	-0.0584225622407387	3.53244590550929	0.723968018562166	0.403316549284256	0.536276056683944	73247	Mrgbp
73251	11910.8	9850.4	0.275095553355368	8.12092938117413	80.1825512030629	4.32769380857902e-09	2.14956997626121e-07	73251	Setd7
73254	46.4	49.6	-0.103536795323657	0.665330846791893	0.581622984125923	0.484159093418619	0.611514951874653	73254	Ccdc18
73261	82.2	111.8	-0.435370664329109	1.84906544583864	13.2357423186611	0.00131888811407108	0.00569901608394121	73261	1700037C18Rik
73274	8401.6	7887	0.0918699880865966	6.7910029871565	9.61683916119199	0.00490156779614126	0.0165685830040753	73274	Gpbp1
73284	3151	4137.8	-0.398004907537117	4.77031478522628	44.0508848276473	8.5395384422431e-07	1.43858378373172e-05	73284	Ddit4l
73287	14.8	17.8	-0.239810692329012	0.646748302880752	3.18579999432585	0.0886503241048509	0.167278300863122	73287	Cabcoco1
73288	5116	5031.8	0.02249925219822	6.41138414259933	0.437338573485104	0.514755199268275	0.63821167011697	73288	Vps50
73293	67	77.4	-0.213075272705145	1.58695980644504	3.58082714982289	0.0706641279458824	0.139991681103315	73293	Ccdc103
73296	482	561.8	-0.224514403906549	4.14698765250738	14.8718130916603	0.000764543531266654	0.00367255307441948	73296	Rhobtb3
73316	10.8	11.6	-0.13010959693751	0.410189049321561	0.658502206655347	0.425122836371085	0.557901350727044	73316	Calr3
73327	766.4	856.8	-0.168912107688675	3.72909451139589	7.06473161456173	0.0138168678001788	0.0382730945158652	73327	Pradc1
73332	367.6	396	-0.108628467765233	3.67077424653115	4.0823633536839	0.0547119923054566	0.114868409869271	73332	Ccdc30
73338	41.2	35.6	0.201988302585533	0.696953845162682	1.48415619129789	0.235052935737551	0.35657589558675	73338	Itpripl1
73340	81463.8	74446.6	0.156995516889182	4.1491785038098	0.231975693994563	0.639335841818802	0.743918874388099	73340	Nptxr
73341	665	752.2	-0.177665415921434	3.73141412129012	8.32765863852546	0.00816376584721575	0.0250259618957168	73341	Arhgef6
73368	502.2	358.6	0.502302831886662	3.22319628354431	35.2245364496421	4.11765487746821e-06	5.14404352626841e-05	73368	Col20a1
73373	1711.6	1424.4	0.269535782604351	4.44870483869566	38.7980823372715	2.01092215337732e-06	2.86982854218625e-05	73373	Phospho2
73379	2451.4	2282.8	0.10276306099055	5.6118526520718	3.10112277834657	0.0936567622460777	0.174290567980534	73379	Dcbld2
73389	1296	1239.4	0.0623408810138883	5.21014385011826	1.62142043567139	0.215178466677836	0.332640594370208	73389	Hbp1
73390	1248.6	1398.4	-0.163907222203091	3.61279351927759	5.54711945125258	0.0270896721020511	0.0655979427982989	73390	Msl3l2
73419	1359.2	1306.4	0.0528397841769093	4.58054298349638	1.35123295565618	0.256575244846766	0.38100654489493	73419	Armt1
73420	2832.2	3044.6	-0.105008093051736	5.95179110585335	7.0528541663824	0.0138873138242066	0.0384209424894684	73420	Ccsap
73422	178	140.6	0.340059231872912	1.72852286662297	13.068259791974	0.00139676122321796	0.00595406297483019	73422	Prox2
73430	433	416.6	0.0647424543336749	2.53932239068863	0.560989255688657	0.461193591408547	0.59065144162849	73430	Zfp974
73431	195.8	231.6	-0.239487164837382	2.72944250028977	10.5081572166004	0.0034937037068069	0.012567942602834	NA	NA
73442	14044.2	14380	-0.0336968977100537	8.14888032313095	1.4212340309262	0.244940306476949	0.367945041552466	73442	Hspa12a
73447	8471.4	8206.8	0.0470556421605009	7.7987641223565	1.44639105903919	0.241182737543657	0.36366109831588	73447	Wdr13
73451	734.6	744.4	-0.0213372373167202	3.13470776525033	0.0476086141468253	0.829327245214182	0.887210125255405	73451	Zfp763
73467	2488	2268.8	0.1335483534377	5.09340412592915	4.56736379994276	0.0450237155493385	0.0985272951627766	73467	1700066M21Rik
73469	1724.2	1906.6	-0.145852831759942	6.22751677348864	17.0588886936292	0.000383610793887426	0.00211388121038843	73469	Rnf38
73473	305.6	277	0.140298566088648	4.46104420549686	7.85661486845734	0.00990160056955094	0.029297386823396	73473	Iws1
73490	16.6	18.8	-0.169872270636223	1.18836349871211	1.69374123380593	0.205553872768015	0.321267672161525	73490	Mipol1
73516	134.4	164.6	-0.27958249770198	1.45161034255699	6.90858397911747	0.0147754156829222	0.040340736358322	NA	NA
735265	334.8	277.2	0.25357980369118	0.261414696629781	0.572944547669365	0.46078404548248	0.590418848818267	NA	NA
73545	241.4	172.6	0.486525857173976	2.80648816379327	40.0062914151836	1.59333424581385e-06	2.35963659723293e-05	73545	4933434E20Rik
73569	1010	1630.2	-0.714392609375845	1.37568911335628	22.0370158933895	9.2420703502771e-05	0.000648470314771384	73569	Vgll3
73571	25.4	37.8	-0.549453221718762	0.451964523581979	12.1370665481873	0.00193230651381923	0.00774959998633271	NA	NA
73582	162.2	152	0.0876787943613324	3.08513426190029	1.35329974376443	0.256221637799452	0.380658603428233	73582	Camkmt
73588	66.8	67.6	-0.00427490851922606	0.651728360942787	0.000718019370059492	0.978845731184089	0.986565078231504	NA	NA
73598	15	15.6	-0.0481179112249449	2.15667489073355	0.324532813772131	0.619237040778443	0.727874142587375	73598	1700001O22Rik
73635	114.8	106	0.105904491843579	1.71453721977455	1.09459448161616	0.30595483598116	0.435611241229497	73635	Ptges3l
73649	12.8	11.6	0.0709067794023745	0.624392775464712	0.17986324543553	0.675295794935248	0.77355566809273	73649	Cybrd1
73652	303.6	238.2	0.337349523157424	3.11724551539592	20.6030690171113	0.000136205233337107	0.000892839203017932	NA	NA
73656	16.6	9.6	0.767081743636538	-0.133726806366878	16.1294462036333	0.000511607441200822	0.00266009994939924	73656	Ms4a6c
73658	1457	1356.2	0.101804852447084	5.76234344156714	7.04574802976343	0.0139296503960802	0.0385043348297845	73658	Spns1
73666	634.6	664	-0.0718138597250205	4.40497853343295	1.9051297256181	0.180320400118333	0.290216945483517	73666	Thoc3
73668	414.8	398.8	0.0541919908495222	3.89672632784769	0.999128916465235	0.327566280278434	0.458952713821319	73668	Ttc21b
73674	2039	1954.8	0.0597184958300057	4.85911895513924	2.13107892037873	0.157400836956382	0.262334643074738	73674	Wdr75
73680	111.2	118.6	-0.0957051116569323	2.77569215567114	1.481375513654	0.235479025935513	0.356885167334792	73680	Zbtb8a
73681	554.6	579.4	-0.0698786015335572	3.04726372264505	0.95988713079262	0.337060339629538	0.46894505236359	73681	Trmt11
73683	919.6	904.2	0.0263926990111795	4.37784260062749	0.252388328971075	0.620010507226464	0.728240459259857	73683	Atg16l2
73689	1409.6	1403.8	0.0124979309678934	3.59628124013913	0.0410002592397018	0.841256664059874	0.895597246985447	73689	Bloc1s2
73690	5.4	5.6	-0.043104741060297	0.21218246631394	0.0557843248541634	0.815306298962268	0.877626938236067	73690	Glipr1
73692	539.4	533.6	0.0158817326617901	6.08662508589353	0.245538054737502	0.624774468031706	0.731865642347863	73692	2410089E03Rik
73694	1331.4	1257	0.0855208701504064	5.13077488378015	3.1208135873338	0.090109671970682	0.169324648812303	73694	Ndufaf7
73699	1241.4	912.6	0.447938975775964	4.94576973655044	96.4039341405772	7.56354459764657e-10	5.7237420740515e-08	73699	Ppp2r1b
73707	385.2	528	-0.456383820819789	3.56162728964416	46.0117572708442	5.339234660835e-07	9.79356570910014e-06	73707	Gucy2g
73710	1396.8	1532.8	-0.129318364437305	5.24521292506483	8.16339357144617	0.00872842009362504	0.0264598540338205	73710	Tubb2b
73711	557.2	646.4	-0.217466581508771	3.78007002419634	13.9286842127951	0.00104348173311311	0.00472065257290044	73711	Mvb12a
73712	16.4	12.6	0.281762052464123	1.01072008005259	3.17738613378458	0.0874138883069398	0.165506987370777	73712	Dmkn
73713	406.8	542.2	-0.43176124909664	2.35639834848651	28.5348987680672	1.79448683987236e-05	0.000170978990003396	73713	Rbm20
73720	23.2	24.2	-0.0606065575377176	2.24346517428394	0.364970561857114	0.551468698889951	0.670558473437819	73720	Cst6
73721	48.6	31.6	0.603856998276713	0.76696100471808	16.8957405548807	0.000403284074362899	0.00220101313777998	73721	1110017D15Rik
73723	1059.2	1054.4	0.0049490552258168	6.3653557889513	0.00988532281874921	0.921763044267992	0.950500324024367	73723	Sh3bgrl3
73724	1560.8	1550.4	0.0157897755095389	3.80443263766155	0.0833166629072203	0.775348683009256	0.849873828276055	73724	Mcee
73728	12220.6	11949	0.0341921561682687	8.73013803241458	0.803179539756659	0.379461416087454	0.512975618044151	73728	Psd
73729	172.4	144.2	0.265706380864136	2.50648630736047	10.8096262318807	0.00312318852158928	0.01139676013407	73729	Zfp383
73736	269.4	269.4	-0.00707564133883022	2.55504749071167	0.00633644401818714	0.937218853872277	0.960827025626412	73736	Fcf1
73737	4640.2	4633.2	0.000819701560656673	6.79458053786493	0.000393645710908914	0.984336523055093	0.99030214474008	73737	1110008P14Rik
73738	75.8	83.6	-0.152319999896265	1.99104650057747	2.30513974444808	0.142106402410041	0.242532287216288	73738	Haus7
73739	272	286.8	-0.077581534163587	5.0223732080172	3.09170839580658	0.0915338782154168	0.171421440233951	73739	Cby1
73744	1205.8	1241.8	-0.0431217267936829	6.31409280325298	1.44813884630019	0.240648875408555	0.363121290860764	73744	Man2c1
73747	484.6	495	-0.0178617568854927	2.41933984304528	0.0325222128683707	0.858411552339961	0.907711019352254	73747	1110034G24Rik
73750	595.6	568	0.0699209147779054	5.24533620781588	1.97562086795302	0.172760095470512	0.280507124233967	73750	Whrn
73754	610	453.2	0.435852710017164	3.03418591962058	45.0226970425153	6.34916490902606e-07	1.12740576898111e-05	73754	Thap1
73822	525	538.6	-0.044656840212039	3.8533925808399	0.550759343880931	0.465261922245693	0.594597331930968	73822	Mfsd12
73824	863.4	800.6	0.115698163029436	3.05392185811351	2.48642390680631	0.128019621709831	0.223288960081319	NA	NA
73825	2794	2907.6	-0.0586417906640479	6.40478566699261	3.28649104744789	0.0824727773240785	0.158056420504141	73825	Ppp1r21
73826	8898	8264.4	0.106723637387809	6.32957184852311	7.3883223849793	0.0120414919164777	0.0342171944369496	73826	Poldip3
73827	66.8	84.4	-0.344489444494699	2.62595735084136	22.3701319146451	8.40063449176497e-05	0.00059755300661403	73827	Tmem198b
73828	633.6	645.6	-0.0209839114292913	4.20461424389911	0.112268956868789	0.740507979858717	0.824280259275112	73828	Dcaf4
73830	2431.6	2472.8	-0.0251727623977887	6.11151531255964	0.454459903086481	0.506713582919461	0.631219350815987	73830	Eif3k
73833	296.8	301	-0.0276749158765797	3.56410405819619	0.166518099844913	0.68686921322575	0.78301055664759	73833	Fam98c
73834	9421.2	9935.6	-0.077263194943145	8.13313454997686	3.74812150048533	0.065505807078235	0.131846811424111	73834	Atp6v1d
73836	591.2	709.2	-0.259282534782418	4.2261488376396	22.7249960526232	7.64195142955163e-05	0.00054926288395196	73836	Slc35b2
73844	6815	6197.4	0.135929640738716	6.61557881253917	14.0951091263831	0.000987123660267831	0.00452374298843096	73844	Ankrd45
73845	414.2	445.8	-0.108484706524923	4.28192515674456	4.44517791053641	0.0457066658372374	0.099494600604131	73845	Ankrd42
73847	103	99.6	0.0416777727207779	2.14927367852739	0.165178532628393	0.688060644315819	0.784076675570865	73847	Fam110a
73852	107.2	124.4	-0.217465417614182	1.85310039603288	3.96839945513694	0.0579424250521498	0.119865437484439	73852	D3Ertd751e
73873	13	15.2	-0.223972272588032	1.20189320748886	2.70954040750132	0.112879919958001	0.201801652822875	73873	Fam161a
73884	167	131.2	0.34693505676784	4.0828136197428	23.3871717886288	7.07032213187441e-05	0.000516394320839377	73884	Zdbf2
73893	81.2	76	0.103352222852187	0.517801215011451	0.41990005146402	0.523183506487575	0.645774506583594	73893	Tmem202
73910	555.6	587	-0.0756208435327366	3.07673784967824	1.17607134652397	0.289010209181735	0.416652060992698	73910	Arhgap18
73916	943	996.8	-0.083961045809807	5.51367264131516	2.88089695093169	0.102845604058197	0.188001816246007	73916	Ift57
73919	246.2	269.4	-0.130404492947546	3.00727764053537	4.15525193045773	0.0527528530856235	0.111785623588858	73919	Lyrm1
73940	424.4	305.6	0.465789185965152	3.57884181566413	39.8264351642342	1.64903220729016e-06	2.42967497697981e-05	73940	Hapln2
73942	148	138.8	0.0891221344745319	2.64930348412338	1.03724914965152	0.31869381895208	0.449536494499206	73942	Fam151b
73945	1230.6	1310.8	-0.0915728203796489	6.25177591345101	5.51592074102375	0.0274819683492629	0.0663256587944975	73945	Otud4
73951	988.2	1271.8	-0.389401514142885	2.44255846749945	9.65762935796294	0.00525485576384341	0.0174325648865257	NA	NA
73991	3729.8	3675.4	0.0198737607851371	7.20533229546141	0.219895249527151	0.643594943542545	0.746818507252773	73991	Atl1
73998	9313.8	9873.8	-0.0852995306674832	8.02951749058074	5.03174934546563	0.0345771282427289	0.0799133053438445	73998	Herc3
74002	4255	4071.8	0.066462373771871	6.15132745672438	2.14470785523665	0.156483154949385	0.26108825137232	74002	Psd2
74004	1412.2	1394.8	0.0209080382132901	5.76758556122884	0.291378451909403	0.594348618613353	0.706299016150408	NA	NA
74006	10711.8	10340.4	0.0498650572785207	8.11560849417342	3.16545241595294	0.087974726937985	0.166198758745476	74006	Dnm1l
74007	3670.4	3558.6	0.0460602897537175	5.02237542889091	1.12211337241047	0.300086103250849	0.428815967700352	74007	Btbd11
74008	349.6	519.6	-0.577946643800259	3.56290651076412	56.2908172190916	1.01067085693782e-07	2.59933034985396e-06	74008	Arsg
74011	2925.2	2792	0.0696734658085077	5.97038350634756	3.08177013827833	0.0920261267849948	0.172098025171473	74011	Slc25a27
74012	7235.4	7613.2	-0.0730432136475772	6.12244108820473	3.00274204866161	0.0960512308260135	0.177762418739974	74012	Rap2b
74013	447.8	499	-0.155209816160801	4.46756099456541	8.40089000062385	0.00792508357565411	0.0244449760995528	74013	Rftn2
74015	1550	1778.6	-0.199684096354606	6.87081250463852	42.2248253358523	1.0513109387482e-06	1.68279604747136e-05	74015	Fcho1
74018	1950.6	1820.4	0.103861170890041	5.85324269921866	4.58858593726335	0.0431145068948443	0.0950834730940006	74018	Als2
74019	882	838.4	0.0768540303416224	4.52198980573861	2.61858758473363	0.11878305229856	0.209863126503286	74019	Traf3ip1
74020	2355.4	2280.4	0.0450393776729382	6.58152105816928	0.887766325086087	0.356774244098609	0.490144940994326	74020	Cpne4
74022	8205	8552	-0.06072620032097	7.95561107323668	4.59014572861096	0.0425856093872536	0.0941587304250835	74022	Glyr1
74025	220.8	306.2	-0.472642120859299	3.5064857462173	54.5288475915923	1.32287640407647e-07	3.22400066608815e-06	74025	Nphp3
74026	10472.4	8815.8	0.249980071181112	7.42414580273448	44.6311472669485	6.80470600317352e-07	1.19653553004708e-05	74026	Msl1
74030	3781.2	2205.2	0.782639137947478	5.23320409260703	206.095432438692	6.05764404357575e-13	2.135541146484e-10	74030	Rin2
74032	121.2	131.8	-0.113714365079324	2.60610557192892	1.89098183879456	0.181886018602606	0.292206347991782	74032	Sdr42e1
74035	1154.6	1050.2	0.134641258811312	4.73453711662457	10.927611640759	0.00299007483580317	0.011011093420815	74035	Nol9
74039	8	7	0.165932141339168	0.896744706407333	1.37771525538615	0.252091623635083	0.375681238067996	74039	Nfam1
74043	527.2	494	0.0965627851639391	4.16929167658474	3.13954380908525	0.0892066666617279	0.167933467039413	74043	Pex26
74044	104	106.8	-0.0525405092704741	1.12304453747147	0.169252450578917	0.684454568456863	0.7811374917075	74044	Ttf2
74048	682.6	602	0.182936748954898	4.94270682537664	14.6111747367881	0.000832447409379813	0.00394627578064146	74048	Vsir
74051	526.6	461.6	0.190147088913373	3.51570117632769	8.78450962725604	0.00679372305938571	0.0214309194893848	74051	Steap2
74053	458.6	443.8	0.0503624546090917	4.42750965018139	0.947341483811249	0.340176395607855	0.47259800289465	74053	Grip1
74055	111.8	80.6	0.465095839865292	2.80030890886318	40.9368585977299	1.33594100951552e-06	2.04531334480677e-05	74055	Plce1
74076	78.4	107.6	-0.440027746857325	0.999606062933	9.37949616571265	0.00537412290241058	0.0177629939244095	NA	NA
74080	60	62.2	-0.0373790630114703	1.10699650708409	0.0869833609350332	0.78226381075843	0.85463651705989	74080	Nmnat3
74081	496	437.8	0.176377567031878	5.68986964496088	20.8647294995544	0.000126634944359769	0.000839624534759678	74081	Cep350
74090	73.4	37.4	0.938170278222779	2.01313700004195	57.0511230439884	9.8686180983466e-08	2.56548571930758e-06	74090	Paqr5
74091	186.2	166.8	0.162155743342845	1.78830254291459	2.15010802893978	0.155635968719884	0.26018553589563	74091	Npl
74094	286.8	239.8	0.26313147609422	4.49481381607655	29.7827334152184	1.34409946237093e-05	0.000136047714489562	74094	Tjap1
74096	124.2	124.4	-0.00661621720774882	3.28121575309514	0.00696198420427388	0.93420000988558	0.959219076712806	74096	Hvcn1
74097	507.4	493.8	0.0334608709104207	3.56042083453164	0.249031449228767	0.622334727942345	0.730191262089346	74097	Pop7
74098	920	960.8	-0.0588942244229486	4.73426611438406	1.21390508985526	0.281566917761276	0.408652297351288	74098	0610037L13Rik
74100	8980	10036.4	-0.160079844453904	8.9041385644591	27.4306878545317	2.3316097560331e-05	0.000211424638730881	74100	Arpp21
74102	1828	1714	0.0940485314548357	5.49736656335388	5.66079339071641	0.0257121728635323	0.0629691200558279	74102	Slc35a5
74103	635.8	565.6	0.17350029855496	4.6121457350168	9.88992460181631	0.00441342328885369	0.0152174666548405	74103	Nebl
74104	760.2	791.2	-0.0555460487077257	4.57398373388665	1.30253839508928	0.265092549818274	0.390824940337957	74104	Abcb6
74105	749.2	702.8	0.0899591265082876	4.62140108139953	2.58050104355509	0.12136200841445	0.213740278984095	74105	Gga2
74106	6003	5890.8	0.0272918037129495	6.90867272905187	0.819033180807742	0.374524572546358	0.507964546456325	74106	Dcaf6
74108	508.6	657.8	-0.374367905816572	4.6565827381505	78.8159671504967	5.07527836476303e-09	2.46168031826459e-07	74108	Parn
74111	735.2	688	0.0940039015132725	3.89484079153866	3.03919584191637	0.0941697721082652	0.17504242361791	74111	Rbm19
74112	1104.4	1149.4	-0.0592484032023462	5.14201100884144	1.81053050357238	0.191111993021113	0.304020773401625	74112	Usp16
74114	1083.6	772.8	0.487122265478819	4.97671230768608	103.77856869553	3.69790309610261e-10	3.3989555048021e-08	74114	Crot
74117	10033	9688.6	0.0520883516370743	6.93885257104569	1.86086334505269	0.185274649552885	0.29652970707977	74117	Actr3
74120	827.6	765.2	0.111226341794269	4.00816310763518	3.79566375641643	0.0632596685634052	0.128330561321468	74120	Zfp263
74122	1313.4	1353.2	-0.0425441962057302	4.59145709522441	0.994969882246839	0.328554804666231	0.45985241193718	74122	Tmem43
74123	524.4	626.2	-0.256509069381223	5.32095919278914	27.1695960932417	2.48268467843065e-05	0.000222748133718415	74123	Foxp4
74125	3319.2	3621	-0.127861120704259	6.43941957496127	18.3688109019941	0.000258754182879127	0.00151938657629782	74125	Armc8
74126	1460.2	1202.6	0.281033672683299	5.87793042331799	58.1843277247749	7.61842824997575e-08	2.05158686452241e-06	74126	Syvn1
74127	148.8	94.4	0.602001759289182	2.98568846992256	24.9700951364934	8.63019020667803e-05	0.000611174763583167	74127	Krt80
74129	54.6	69.4	-0.321116057245091	0.202441565428257	3.36791121601339	0.0789940949326834	0.152767012062752	74129	Dmgdh
74131	47	42.4	0.168349550944842	1.09470102611161	1.85408731007748	0.186047636166411	0.297580484225413	74131	Sash3
74132	2115.6	1793.8	0.238203097396045	6.22846663684951	52.2227359503556	1.89960486735407e-07	4.31034360325521e-06	74132	Rnf6
74133	853.6	853.6	-0.00188379257027787	4.10056078147093	0.00132759969077593	0.971238101939767	0.982343577926772	74133	Smg8
74134	89.6	89.6	0.00135955233172495	1.67445511176346	0.000112291910111422	0.99163338365804	0.994109372131593	74134	Cyp2s1
74136	5340	5473.2	-0.0357926736182553	8.07427024567401	1.41304797826209	0.24626541916874	0.369244851521263	74136	Sec14l1
74140	1193.8	1182.8	0.00948727660204224	4.98975227332202	0.0529579653781422	0.819958379861214	0.880969183268712	74140	Tm9sf1
74142	1427.4	1454.4	-0.0277685279561404	6.3541201030077	0.693146417441275	0.4133646245351	0.545940449838299	74142	Lonp1
74143	6696.2	7054.8	-0.0745696119850681	7.40971596011785	7.50400051364612	0.0114691608865331	0.0328723480971545	74143	Opa1
74144	309	256.4	0.270967554224475	3.11796860529743	14.2190391893058	0.000947312946882133	0.00437650367385462	74144	Robo4
74145	21.4	13.2	0.643636871331966	1.75361501449893	27.5154667088494	2.28472507671851e-05	0.000207956021781419	74145	F13a1
74147	92.8	120.2	-0.385397771192556	1.84465810045191	13.4723416852439	0.00121683604210434	0.00535244922476449	74147	Ehhadh
74148	4124.6	4310.8	-0.0653045999245716	6.76895145686661	3.36334056343746	0.0791848573404856	0.153115441872827	74148	Cluh
74149	358.8	334.8	0.104914907012898	2.5742333974061	1.15116014573032	0.294054542119758	0.422365532326244	74149	Zfp946
74150	2286	2585	-0.176466976274722	4.32141516769601	11.4233877008581	0.00249475208267434	0.00949959445659333	74150	Slc35f5
74153	93.2	112	-0.264385419573483	1.97543676572503	6.65093090511767	0.016521869150264	0.044080081794854	74153	Uba7
74154	561.4	544.6	0.0440953721215686	5.03020351214616	1.25654511497192	0.273478631911545	0.399844238888274	74154	Unkl
74155	1579.8	1185.8	0.413790529383817	4.9769399608137	64.1139928738244	3.27636339417428e-08	1.05943079416991e-06	74155	Errfi1
74157	3365.2	3500.2	-0.0581810092539065	6.72199575560705	3.5488759116308	0.0718476285405783	0.14177278128676	74157	Cmtr1
74158	7679.4	6931	0.147952703645437	6.52363047527097	23.2026403548104	6.73596926782536e-05	0.000497243271137169	74158	Josd1
74159	1402.8	1304	0.105625732482976	6.26304340086675	8.01927795917188	0.00925930920831738	0.0277203925635914	74159	Acbd5
74164	2457.6	2588	-0.0755515645870897	6.41863429087596	5.13872572924822	0.0327616920391634	0.0764756939170005	74164	Nfx1
74166	4080.8	4001.2	0.0284597023264251	7.00230503240843	1.07269569936822	0.3107363730494	0.440936926767723	74166	Tmem38a
74167	1109.6	1113.4	-0.00522644690121313	5.39562266766437	0.0198325720716695	0.889189668043602	0.929779893069682	74167	Nudt9
74168	1423.2	1490.2	-0.0665669078478627	4.52574559740727	2.67055863383955	0.115366892539534	0.205055713817809	74168	Zdhhc16
74173	246.6	219.4	0.165787823737255	3.78102522498078	4.01280948674872	0.0579365260191895	0.119865437484439	NA	NA
74178	1331.4	1071.6	0.313003710406954	5.44531614460291	54.4699727844652	1.33497141967789e-07	3.24297090756709e-06	74178	Stk40
74182	3406.2	4058.6	-0.253134890790321	6.76057466852753	42.9746458038196	9.1645667193883e-07	1.51734991250903e-05	74182	Gpcpd1
74183	485.2	371.6	0.391204832959449	2.23009774361969	17.7492670258555	0.000311190758886283	0.00177224240699068	74183	Perm1
74185	371.2	410	-0.146249597703286	3.3982114560244	4.03866847818813	0.0559258449286436	0.116864560155937	74185	Gbe1
74186	2093.2	1560.6	0.429778158192085	4.64378731459768	12.278638622694	0.00412460151661306	0.0144246286767784	74186	Ccdc3
74187	2633.8	2703.2	-0.03783391205604	5.64447626209901	1.1691398185638	0.290402131360841	0.418408334000159	74187	Katnb1
74189	3769	3743	0.011144736108008	7.42996043493525	0.105606169620032	0.748039520472446	0.829726285696319	74189	Phactr3
74190	154.2	271.4	-0.902859020439409	-0.151529983926431	19.0024617204729	0.000214904406058184	0.00130240179671488	74190	Exoc3l4
74191	265.6	376	-0.510982781809534	3.7071753895925	45.6401192949967	5.696658159465e-07	1.0305318778086e-05	74191	P2ry13
74192	5750.8	5502.6	0.0656487208178168	6.16152954708848	2.79212152476127	0.107815340584331	0.195039165557686	74192	Arpc5l
74194	619.6	555.2	0.171740217681022	3.78439995262868	4.04759401682237	0.0572113806125646	0.118880577253308	74194	Rnd3
74195	5024.4	5423.6	-0.109803214858265	6.43506582785811	13.1313783888796	0.00136683959411795	0.00586066434096138	74195	Elp3
74196	1173	1084.6	0.115118526566044	4.27512729786215	4.97706744926681	0.035363859602097	0.0813284370228657	74196	Ttc27
74197	1287	1321	-0.0375920827181808	4.16807005691773	0.457531188990284	0.505294540232732	0.630212035941316	74197	Gtf2e1
74198	137.6	137.8	0.00567757341514407	2.88988697263403	0.00471614922277107	0.945822083359875	0.965800946159211	74198	Dtx2
74200	3102	2965.8	0.0649069559275892	6.14861467003071	3.20785224075982	0.0860006767954853	0.163323319196156	74200	2810403A07Rik
74201	384.4	353.6	0.121531526475924	4.05412102807089	2.68290644608803	0.115333446548446	0.20503014949582	74201	Cep97
74203	2956.4	2853.6	0.048078695317185	6.1727859163242	1.69532409196109	0.205349282747173	0.321120689476105	74203	Eif4enif1
74204	3774	3783.8	-0.00405752387643593	6.78817738429912	0.019417361143582	0.890347874578091	0.930635397021121	74204	Xpo6
74205	3841.2	3171	0.277166290273868	7.61502020833716	46.0084990005787	6.90459783418854e-07	1.20530262192465e-05	74205	Acsl3
74206	638.8	452.8	0.497954304608713	6.08871067445257	69.3638544612053	1.77668973728948e-07	4.06977392437119e-06	74206	Sipa1l3
74211	234.6	177.6	0.401012584223016	3.46090973721142	35.8992883822656	3.58433112216032e-06	4.58883277588178e-05	74211	1700017B05Rik
74213	695.6	638.4	0.122548215400952	5.1533880587033	8.18566934816067	0.00864939061158098	0.0262533162326316	74213	Rbm26
74229	8670.2	5233.4	0.733204141320601	6.9322966125848	249.7357007667	3.77197129001554e-13	1.47351548718607e-10	74229	Paqr8
74230	30	57.8	-0.940293363358613	1.65452135773774	52.1468560004055	1.92272178301876e-07	4.34234697683642e-06	74230	1700016K19Rik
74237	792.4	913.6	-0.20685783705163	5.53186855542785	36.3199331042465	3.29010381566645e-06	4.27041780070548e-05	74237	Tubgcp2
74238	448.2	429.2	0.0655084585533746	3.87936132248186	1.29843699718239	0.265826611912358	0.391467941781072	74238	Mterf2
74239	1271.6	1236.4	0.0416756661149391	5.57978426657699	1.06253978402323	0.312988343769737	0.443339306895656	74239	Iqce
74241	1930.8	1841.6	0.0675930901880895	6.26821121401869	5.02362119501395	0.034591547013265	0.0799320677329473	74241	Chpf
74243	195.2	172.8	0.16905561328229	2.8847913689779	5.79012256540472	0.0242389186339776	0.0599913236190947	74243	Slx4ip
74244	1162.2	1233.6	-0.0918651524303567	4.80006385859511	4.09040588315915	0.0544918323559539	0.114480369894325	74244	Atg7
74245	86.4	93.2	-0.116020594407253	2.44089770311788	1.95605315445866	0.174819451422471	0.283341595745727	74245	Ctbs
74246	169.4	211.6	-0.331286749179142	3.61175147429166	28.0964983517474	1.98967981771274e-05	0.000186141307994951	74246	Gale
74249	75.8	70.2	0.100054467951177	0.274011216673626	0.309883424273573	0.582943657737439	0.696755778461667	74249	Lrrc2
74251	290.6	270.2	0.105768811517488	3.33857340795152	2.12104721393035	0.158340911235437	0.2633541716396	74251	Ankrd9
74252	6574	6168.2	0.0933949044513791	6.46606670943185	5.72861158294309	0.0249275742671366	0.0613882772928938	74252	Armc1
74254	1697	1917.6	-0.172698395996024	4.57032050942433	15.6149407692962	0.000601946192609663	0.00302732437995131	74254	Gpn1
74255	2215.2	2275	-0.040678279202237	5.84472952497673	1.12099132745731	0.300322413287687	0.428981140592966	74255	Smu1
74256	4599.6	4037.2	0.191097408728668	7.27417134455113	26.0094631739267	3.29521744572947e-05	0.000281828834086235	74256	Cyld
74257	2059.2	1864	0.143265013116938	5.37857994882713	9.86902544158574	0.00444883320953902	0.0152957743127205	74257	Tspan17
74268	475.6	446.2	0.0898502113424409	3.00365209824019	2.01929655213768	0.168268721878044	0.275317648406752	74268	Aven
74270	3473.4	3550.8	-0.031828727490043	6.51211405798732	0.759144705824973	0.392291987408042	0.525309281637562	74270	Usp20
74277	232	198.4	0.219365663665926	2.29102616530578	6.06879113542466	0.0213728465665612	0.0540831800197962	74277	Chic2
74284	735.8	715	0.0378681417683822	4.40689918201112	0.46375388645537	0.502440742518746	0.627139766180134	NA	NA
74287	3854.6	3737.2	0.0454930731630088	5.92069258383559	1.67211476239843	0.208374716514811	0.324447716525378	74287	Kcmf1
74302	7542.8	7613.6	-0.0126956705497154	6.97721315520521	0.172643008569751	0.681492065530379	0.778432615392452	74302	Mtmr3
74309	3282	3608.6	-0.136697166387857	6.95514099716169	16.2912130760801	0.0004863424493702	0.0025525031819887	74309	Osbp2
74315	4641	5042.4	-0.119099102991721	6.96123216304776	10.3899689687651	0.00365186707507531	0.0130492179735819	74315	Rnf145
74316	593.4	626.8	-0.0790482905876183	4.48654360764864	3.41733158754482	0.0769647537065681	0.14944451236303	74316	Isca2
74318	1446.2	1604.8	-0.14045228780847	4.53058222451217	4.50274073982839	0.0451560254023893	0.09869729187451	74318	Hopx
74319	3481.6	3148.6	0.147094861453589	3.38438680807701	5.09776370993589	0.0334001798721742	0.0777276122802135	74319	Mettl23
74320	4164.8	3980.4	0.0660503437546505	6.09217725974492	4.13135439634932	0.0533863092751636	0.112731294998278	74320	Wdr33
74322	856	800.6	0.0987986950338223	5.71728125690103	6.31594631257425	0.0191432224299384	0.049445342566535	74322	Cxxc1
74325	2702.2	2712.4	-0.00692723873715004	7.08755528630997	0.0355851831139166	0.85197241475388	0.902551252041379	74325	Cltb
74326	1910.4	2525	-0.403030054771296	6.145537180827	134.138402784631	2.85263636957946e-11	5.14294936839098e-09	74326	Hnrnpr
74330	1827.6	1780.2	0.037615869677076	5.8375202840721	1.05934242671358	0.313701920731172	0.44401170801492	74330	Dnajc14
74333	41.6	63	-0.617372180550829	1.43782825631041	27.7392569780944	2.16581013460252e-05	0.00019888576674425	NA	NA
74334	1859	1693.4	0.13169948628646	5.69912236005489	12.4901100358216	0.00170663972183992	0.00702785485455107	74334	Ranbp10
74335	108.6	119.4	-0.133568962617255	3.06763531286136	2.52827454396524	0.125006199222718	0.218878207579063	74335	Xrcc3
74337	379	513.2	-0.43117879657979	2.02100894259629	15.2022590858515	0.000686991660275057	0.00338092524944354	74337	Palm3
74340	11340	10818.8	0.0704724238957946	7.25546188205407	4.67563063373241	0.0408578078158011	0.0911356102113563	74340	Ahcyl2
74342	2052.8	1717.8	0.261337333833866	5.60286719013988	21.9138550301527	0.000135907837598353	0.000891293958551084	74342	Lrrtm1
74343	589.6	592.2	-0.00680133227525704	5.10385417859229	0.0283857437013297	0.867627328102458	0.91419686962975	74343	Crtc2
74347	347.6	291.6	0.249962904202501	3.59617303363359	13.3488256531682	0.00126899295824294	0.00553773334648121	74347	Tldc1
74349	2538	2578	-0.0226246221721023	6.35740281450286	0.466442001709616	0.501216660550927	0.626105902606769	74349	Fam160a2
74351	2284.6	2177.6	0.0696015605566115	6.27969427817215	3.40690889768316	0.0773877202190533	0.150122414178794	74351	Ddx23
74352	318	296.6	0.103577051784575	4.02537648954509	3.9451942090759	0.0586263666247496	0.120899629504085	74352	Zfp84
74354	0.2	1.2	-0.660056105189548	0.45339361943316	6.60951811712347	0.0183853613737407	0.0478039239604332	74354	Lrguk
74355	1520.4	1425.2	0.0917043812833093	5.35895269619126	5.2417886559052	0.0312146789699144	0.0734457056537755	74355	Smchd1
74356	466	437.8	0.0880235193974337	4.36122009645757	3.25025392056996	0.0840773566811815	0.160408409908896	74356	4931428F04Rik
74359	91.6	81.6	0.15848143556248	2.20711542475586	2.59357428717772	0.120469437501807	0.212478981043456	74359	4931414P19Rik
74360	885.2	953.6	-0.108140030991815	4.08554269160656	4.07202854064987	0.0549963810038718	0.115332452625672	74360	Cep57
74365	1794.6	1175.2	0.612886370961322	4.19334057860069	113.87734483606	1.48123731123513e-10	1.78415034138272e-08	74365	Lonrf3
74366	807.2	899	-0.152833316385443	4.51387716821173	8.53604222199431	0.00750446579358644	0.0233318022328454	NA	NA
74369	603.6	689.4	-0.187918643572439	3.32419911570584	4.8133879816889	0.0384221888666039	0.0867876727422868	74369	Mei1
74370	4152	3761	0.141156145137865	6.58795076121288	14.5111880625183	0.000860218275481035	0.00404808583526463	74370	Rptor
74374	8157.2	7056.8	0.209115401489626	7.16621033215836	32.7588939697156	6.93488192968246e-06	7.88645030776005e-05	74374	Clec16a
74375	476.8	399.6	0.255800235830963	4.61010760192065	28.2009676849722	1.94115942440396e-05	0.000182428597661475	74375	Gcc1
74376	183.8	247	-0.413371159746817	1.81569711708472	13.3536753244248	0.00126689971746167	0.00553058547755691	74376	Myo18b
74383	4553.8	4460.8	0.0272061838640389	7.29574252872699	0.490160301063491	0.490636682583523	0.616505486400264	74383	Ubap2l
74385	477	429.8	0.150170483311505	3.91645899570225	7.08448863278113	0.0137005597730882	0.038060328841095	74385	Ap5m1
74386	530.2	555.6	-0.0606996121090723	2.98905190140837	0.589170890590674	0.450280887175942	0.580957914972473	74386	Rmi1
74388	5775.4	5608.6	0.0420507161713898	7.91486142851846	2.17120365620895	0.153707120795826	0.257735814847201	74388	Dpp8
74392	1390	1345.6	0.048942725719735	6.06249218499376	1.7854595460782	0.194103856238483	0.307585259995665	74392	Specc1l
74393	200.8	195.6	0.0385111278019356	2.04938994237889	0.18015917686352	0.675044999931809	0.773390966155229	74393	Map10
74396	16.2	14.4	0.189693367925747	1.27645524081829	2.35853091873309	0.137774789866687	0.236750740053432	NA	NA
74405	23.2	32.6	-0.472903529922789	0.597513659581455	9.2449540817808	0.00566402783299531	0.0185179503049342	74405	Efhc2
74407	36.2	41.6	-0.183592843531773	1.20194675901237	1.88761399367479	0.182261150470967	0.292711407656374	74407	Ttc25
74410	2205	2266.8	-0.0420299629558235	5.5147878550095	1.13335466165603	0.297732345400902	0.425954995587908	74410	Ttll11
74411	5333	4588.2	0.215789038656413	5.9819558576513	25.6317887491163	3.6188316419925e-05	0.000302875463540009	74411	Plpp6
74412	2535.2	2547.6	-0.00869289591516084	5.86385991356898	0.0656809808853405	0.799932385252781	0.866798312950273	74412	Gle1
74414	685.4	640.4	0.0967498844286061	4.36001204456073	3.80848961810626	0.062846351403988	0.127689227325449	74414	Polr3c
74427	756.4	638.6	0.242024427470662	4.46123527686231	25.5564695048571	3.6874096082196e-05	0.000307661724699577	74427	Eaf1
74430	379.4	446.4	-0.235112016526903	3.87398302690658	16.3605534220825	0.000475931555854615	0.0025110449074932	74430	4930452B06Rik
74438	398.6	355.2	0.155772869262478	4.39156946470669	5.28325045075715	0.031283548471797	0.0735837932646629	74438	Clvs1
74440	16398.6	15003.2	0.126950478670439	8.60382594110875	11.3235740255845	0.00266637853087793	0.0100233641834355	74440	Cmip
74442	63.2	54.4	0.215334297853055	1.80499208457247	5.24892997212943	0.0311105455488392	0.0732841957892638	74442	Sgms2
74443	2265.4	2255.6	0.00469578374090388	6.13459999992179	0.0158053224827086	0.901009101342362	0.937391891657849	74443	P4htm
74450	3552	3169.6	0.165000019266124	5.82871772252792	25.8294574777525	3.44535497998521e-05	0.000290882949069546	74450	Pank2
74451	5832.8	5796	0.00805743033684757	6.24641949227174	0.0420704350625111	0.839227954387154	0.894044660631888	74451	Pgs1
74455	177.2	193.2	-0.125626866793537	2.94399986497405	3.24874047041654	0.0841451488826269	0.160516560901345	74455	Nsun6
74464	391.4	429.8	-0.134318944542152	4.01283406664782	5.52614628825926	0.0273526984328801	0.0660688340823612	74464	Zswim5
74467	942.8	920.4	0.0397363843870633	4.03303475880622	0.407246464359175	0.52945737949214	0.651355601598382	74467	Pus10
74470	19.8	24.6	-0.251399711501979	0.411293741883369	3.25705793884401	0.106680040922895	0.193456211654359	74470	Cep72
74476	574.2	685.6	-0.263655223232293	4.18863219424574	20.8016226844746	0.000128874250724746	0.000852516439348043	NA	NA
74477	1706.2	1606.8	0.0906244783403364	5.84410734345841	5.99800965341704	0.0220633699246472	0.0555581792492771	74477	4933427D14Rik
74478	174.8	176	-0.0229026086206757	2.94155402854375	0.0715099944995993	0.791452186067949	0.861030400227769	74478	Snx29
74479	2662.4	2513.8	0.0848601593824186	5.21430492367491	3.85200295851123	0.0614668099824691	0.125610246216119	74479	Snx11
74480	1903.2	1989	-0.0651964662436029	5.57616132126222	2.32015819721539	0.140871799725524	0.240965798015706	74480	Samd4
74486	1091.2	1101.4	-0.0134312711463871	5.51115443354222	0.127279665987384	0.724409927982474	0.811990779298851	74486	Osbpl10
74487	5.8	6.8	-0.247128385446405	0.830223985790268	2.47485721629044	0.128867526383928	0.224478600065261	NA	NA
74490	15.2	23.4	-0.603470482467313	1.30932310019653	15.560927576344	0.000612394351708656	0.00307132129063044	74490	Mamstr
74493	6755.2	5918.8	0.191736656245018	7.429607072074	33.8390864881736	5.5032429416604e-06	6.51998962940651e-05	74493	Tnks2
74498	1460.6	1324.2	0.139145645472645	4.79782441535994	8.7713553010444	0.00682943854649281	0.0215201013191644	74498	Gorasp1
74504	1021	1031.8	-0.0166442059108457	4.33757323231127	0.13124259175801	0.720340979129094	0.809061194524199	74504	Fam53a
74513	2559.4	2360.8	0.117345839697002	6.18987502602216	6.95397676982674	0.0146186990683307	0.0400030748986804	74513	Neto2
74519	464	390.8	0.250645036458234	4.35625056734298	19.3752949984998	0.000192931226726008	0.00119274078318978	74519	Cyp2j9
74521	1739.6	1775	-0.0291515535760275	5.63420584141301	0.779458655759433	0.386128816798064	0.519462576135445	74521	Ppp4r4
74522	2970.4	3021	-0.022353892111381	6.17500069483651	0.412689336005659	0.526741944252447	0.649064625935624	74522	Morc2a
74525	20025.6	18218.4	0.13628506515293	8.22690251342897	24.3807400862076	4.96282309682142e-05	0.000387953731971102	74525	Fam234b
74528	303.2	255.4	0.247886739199159	2.65818143346449	11.3454636987535	0.00256627023738732	0.00970255558754808	74528	Mgme1
74530	7.2	7.6	-0.144293732334951	1.06113793845413	0.881009539193646	0.357344630246968	0.490835245233268	NA	NA
74533	1840	1752.4	0.0701827120023872	5.39708324411244	2.53723012446955	0.12437225908295	0.218058786121417	74533	Gzf1
74549	4923.2	4602.8	0.100655145862385	6.68031145706974	6.51613588293538	0.0175256226543586	0.0461748723744257	74549	Mau2
74551	1279.8	1096.6	0.222282190050947	4.4117589907983	17.0888559000747	0.000380112054045266	0.00210009799934605	74551	Pck2
74552	4740	4584.8	0.0485200706288132	6.77186834817947	1.5605827307452	0.223714904261765	0.342467191929629	74552	Nipal3
74559	181	218.8	-0.255990054393017	3.52194481731143	9.04735902835817	0.00633160804745962	0.0202650714610233	74559	Elovl7
74563	1521.8	1910.4	-0.330662595575655	5.52614433325676	34.1700325620631	8.7634783514198e-06	9.48865574804971e-05	74563	Rasgef1c
74569	808.2	813.2	-0.0100709189816045	5.51098804244338	0.0719558347484374	0.790819091420981	0.860693273173166	74569	Ttc17
74570	16987.8	17041.8	-0.000701088230405888	5.75400552279795	2.79235403305119e-05	0.995875378336107	0.996596630006368	74570	Zkscan1
74577	270.4	315	-0.220841231415786	3.49813964107545	11.5311813630113	0.00239938619078347	0.00919181765215592	74577	Glb1l
74580	12.4	13	-0.0629482132296872	1.04829724675508	0.309973407529398	0.658829126544514	0.759993311657973	74580	Pyroxd2
74585	6031.4	6369	-0.0775962164533968	6.13824641959447	4.80343930783765	0.0384193684971314	0.0867876727422868	74585	Sppl3
74596	15504.4	15716	-0.0199532209428331	7.19528923384976	0.396551488330333	0.53486881361445	0.656225603258065	74596	Cds1
74600	1157	1096.6	0.086103786880384	3.5156468950369	1.34002005973148	0.258504704641243	0.383105403556294	74600	Mrpl47
74610	2198.8	2304.8	-0.0685785196560834	5.4065523792094	2.79274800513469	0.107777945380479	0.194995922209218	74610	Abcb8
74616	842	805.6	0.0629317263274415	4.70105369430137	1.50494004518346	0.23189897481231	0.35271680331865	74616	Scrn3
74617	834.8	918	-0.136017589702397	3.34861825584551	3.76289269234439	0.0643298321739431	0.129918037479694	74617	Scpep1
74626	240.4	228.4	0.0714980836323044	1.93481755561187	0.452195575243208	0.507764287454163	0.632255772817236	74626	Tmem81
74637	298.2	356.6	-0.259279445248202	2.10049494163338	8.78285200528282	0.00679821237670195	0.0214404018531202	74637	Shpk
74646	214.2	170.8	0.315045237104588	4.03275753402059	18.8083288552487	0.000244809690955276	0.00145317423945279	74646	Spsb1
74648	464.6	450.4	0.0345817962486933	4.11913136121442	0.356232677334847	0.556236057377764	0.674256623057548	74648	S100pbp
74653	888.4	827	0.103980548873468	4.57427011617926	5.20517534151674	0.031754716548124	0.0745343736581007	74653	Pomk
74665	664	674.6	-0.014119046827248	3.93514561177855	0.0504233106808003	0.824243054434488	0.88386446389169	74665	Drc3
74666	364.2	483.8	-0.415064207906861	1.8105338902915	12.5645744110493	0.00166281547629391	0.00687477273062861	74666	4930432K21Rik
74670	201.4	195.2	0.0416184934846261	2.74481371673159	0.14437597081375	0.707681222108149	0.799464333145563	74670	Zfp943
74682	2490.2	2452.2	0.0183057531156425	5.79527533298649	0.20217721875339	0.657033493441785	0.758769743864458	74682	Wdr35
74684	80	93.8	-0.258092849544049	1.92543461045744	4.92184998829844	0.0363050246024364	0.0829359002034259	NA	NA
74694	7463.4	8425.6	-0.17447564655855	7.20393705118724	18.8634418052674	0.000226928686692596	0.00136667801560616	74694	Tbc1d30
74711	169.2	203	-0.231174418119643	0.629757247125002	2.0847260620906	0.161801562248158	0.267860629251618	74711	Ttll9
74718	1816.2	1489.6	0.286349437007078	5.24165862514683	46.3211949927667	5.06016857079877e-07	9.41308578150907e-06	74718	Snx16
74720	36.2	25.4	0.526631147244311	0.888643968383482	14.9361506010728	0.000748726766290457	0.00361701092244728	74720	Tmem114
74729	510.4	546.2	-0.0989139714133208	2.70411694212918	1.41739179600719	0.245561125349119	0.368609461605168	74729	Setmar
74737	639.2	556.4	0.202656129295049	5.34759969005743	21.9951915762957	9.29212636426265e-05	0.000651350118666597	74737	Pcf11
74741	3491.8	3224.6	0.115121413056205	6.54232028353763	10.9228402609856	0.00299533594586389	0.0110248499520032	74741	C2cd5
74747	1213.6	676.4	0.836350982885949	4.93293310669677	33.3662706991776	0.000102396147780246	0.000703772667625146	74747	Ddit4
74753	244.8	243.2	0.0195616107339007	1.51260917550857	0.0250537096468025	0.875567329656771	0.919928049927961	74753	Trmo
74754	5865	6765.2	-0.203679293276308	6.88103285474551	31.5395169518583	9.05379674536815e-06	9.73726394501604e-05	74754	Dhcr24
74760	85.6	102	-0.26310911800335	3.23642137451766	12.2260293418744	0.00187252286169868	0.00755595908514594	74760	Rab3il1
74761	29.4	31.2	-0.0809710369554231	1.7390589496387	0.708301091073004	0.425266419059435	0.558039112218345	74761	Mxra8
74762	767.4	315	1.2988831267244	4.84012094136671	223.105143729833	1.24943782601729e-10	1.55684261528051e-08	74762	Mdga1
74763	3143.8	3250.8	-0.0491391717484961	6.79993851921505	2.29480830641174	0.142963183092708	0.243534454734473	74763	Naa60
74764	290	286.2	0.0217933088493501	4.62780048598453	0.232198989145963	0.634295248866179	0.739601768886073	74764	Klc4
74766	415.8	431.4	-0.0564019274084054	3.91450551513323	1.07431770374491	0.310378751633649	0.440559213995164	74766	Yipf2
74769	1928.8	1707	0.177432615172734	5.23936223322195	19.4704510407937	0.000187723052857492	0.00116625223573148	74769	Pik3cb
74770	326.4	410.8	-0.335734682222618	3.53467785913174	25.8511889808289	3.42684123490027e-05	0.000290507702107029	74770	Hhatl
74772	4691.2	4705.8	-0.00381091095682553	7.3715291530673	0.0168753174763771	0.897732161111012	0.935519062758109	74772	Atp13a2
74775	613	614.4	-0.00401397617726908	3.27390080027972	0.00264398927070573	0.959419764312219	0.974729277426216	74775	Lmbr1l
74776	2644.8	2648.4	-0.00377926199313599	5.29007280078206	0.00857243535702391	0.927005503961915	0.954748293734182	74776	Ppa2
74777	956	1018	-0.0931077618836026	4.81283340379593	3.89209419787411	0.060226127748253	0.123493892817882	74777	Selenon
74778	1309	1237.6	0.0788984058137383	5.78457747405893	4.89755224472641	0.0367280299358473	0.0836593148757741	74778	Rrp7a
74781	7092.2	6823	0.0565459061824258	6.89328164721855	3.82116295101262	0.0624409608805278	0.127166711369683	74781	Wipi2
74782	1112.6	944	0.242649988232995	4.40842983023652	17.1780325787937	0.00036990431523911	0.00205322464380419	74782	Glt8d2
74838	4443.2	4291.8	0.0493028438202992	5.91377396160479	1.74530001906737	0.199017623123295	0.313594322972213	74838	Naa15
74840	2279	1472	0.635128199858899	5.36914532257829	129.460728596598	1.39660027878967e-10	1.6963412125736e-08	74840	Manf
74841	758	707.4	0.0979601258948194	4.97828447923706	5.69132674631838	0.0253555787380166	0.0622223319319681	74841	Usp38
74843	75.4	58	0.388723797177751	0.0651147302872493	4.61883321492442	0.0419967996601609	0.0930444117547463	74843	Mss51
74855	105.4	117.2	-0.140051868292302	2.0012351969142	1.80957631629361	0.191224818740586	0.304166780023817	74855	Fam228a
74868	4824	5022.6	-0.0572511037681419	6.85727737927298	1.80557252924135	0.192120573340052	0.305121499511824	74868	Tmem65
74895	1318	1313.4	0.00616773865170914	4.80590447817211	0.0194820978516405	0.890166469626418	0.930581402128409	74895	Ccdc181
74901	9326.4	8791.4	0.0865002822280692	6.99507661401212	6.55490438673441	0.0172301877835812	0.0455375999677972	74901	Kbtbd11
74918	6.4	3.4	0.812239398553592	-0.0280424358205921	20.7006260279038	0.000132548137191719	0.000872824954427841	74918	Iqca
74919	1538.6	1371	0.167568465948903	5.19701090892411	17.7006779755982	0.000315767316153325	0.00179335983798827	74919	Slc35f6
74925	45	33.2	0.457682346743956	0.324181524424636	7.98161886400699	0.00940382332512794	0.0281006537815587	NA	NA
74931	53.4	43.8	0.300404184882325	0.617989957088993	3.28267282085573	0.0826401792401062	0.158314267824585	NA	NA
74978	2	2.8	-0.312234413807157	1.01344781520752	5.38650338948514	0.0291782484597539	0.0696174320299245	74978	Lrriq1
74996	4753.8	4685.6	0.0200379226990323	6.85883235351715	0.437767261183112	0.514551083547295	0.638125305323953	74996	Usp47
74998	3263.4	3388.8	-0.0559869359356866	6.40066889693863	2.82806027049942	0.1056943455139	0.192067647731695	74998	Rab11fip2
75007	478	437.8	0.123263592897	4.47630542415203	6.13019534541476	0.0207931970409645	0.0529314670711696	75007	Mindy1
75029	2646.8	2441.6	0.11732494605191	4.58770184861225	6.97613769394848	0.0143519918175627	0.039415483513405	75029	Purg
75030	21.6	23	-0.12230283559027	2.1391943648413	1.48173323573686	0.235424156300923	0.35683942482944	NA	NA
75040	142	210.2	-0.555872587696616	0.471874875887115	9.5997287076167	0.00493406532897344	0.0166511744723283	75040	Efcab10
75050	40	37.8	0.0626534418403233	1.97282871997172	0.299117350700632	0.589522937837428	0.702527025713783	75050	Kif27
75051	634.4	672.6	-0.0852848904973553	1.99520188865217	0.992388558421135	0.329170412712574	0.460494497226824	75051	Ccdc173
75062	1046.8	991.6	0.0764392008460721	4.99464654138259	3.08401423145111	0.0919147086744047	0.171956406831458	75062	Sf3a3
75079	255.6	250.4	0.0346268864150048	3.31909136769184	0.231491406116367	0.634809681460085	0.740005843961873	75079	Zbtb49
75089	4135.8	4010.8	0.0427291817494175	6.95302201559474	1.80711601472468	0.191516109584178	0.304458521747119	75089	Uhrf1bp1l
75099	1066.2	1120.2	-0.0719927141882729	4.78060880487753	3.25348727570038	0.0839327347994943	0.160259411993645	75099	Lysmd4
75104	10509.2	9693.6	0.117630615761598	6.89757427630984	10.3253612804908	0.00374162761344695	0.0133071722393117	75104	Mmd2
75135	118.6	151.4	-0.378484635333586	2.28339389366843	11.2804118960643	0.00262769205487828	0.00990627568106695	NA	NA
75136	269	277.6	-0.0512649438319479	3.46943427384659	0.469751466836738	0.499716769663052	0.62486877812456	NA	NA
75137	4199	3864.8	0.119538454430123	6.04038893765422	12.0248191478038	0.00201073033544144	0.00800636260839411	75137	Rprd2
75141	681	533	0.349024126365321	6.13706425338711	11.0029948636701	0.00629084395705851	0.0201827913540555	75141	Rasd2
75146	314.8	330.6	-0.0748365861784544	4.63732787023659	2.44526657753544	0.131067043591688	0.227451440517981	75146	Mfsd13a
751556	1048.4	1079.2	-0.0417219957418666	5.41276363447523	0.6648680944159	0.423115808058298	0.556075276384309	NA	NA
75180	198.2	176.6	0.182841984531446	1.27134022009948	2.84460369766244	0.104734356144264	0.190610725725156	75180	Tmem269
75202	459.2	534.6	-0.223938570344989	4.59544075710381	20.3215179466014	0.00014738897825576	0.000952755049959192	75202	Spaca6
75209	15.6	15.4	0.0140029798893555	3.61011952052434	0.0158739675086888	0.901215142129789	0.937538769565565	75209	Sv2c
75210	765.2	741.8	0.0474168449533524	4.76338730773613	0.974146450135963	0.33356679240717	0.465024538720412	75210	Prr3
75212	1774.4	1656.8	0.103985078787081	4.56004346460224	4.62240379873024	0.0419241556133536	0.0929119511247182	75212	Rnf121
75216	63.2	78.2	-0.297958231067292	2.64814510433646	10.8638148587121	0.00306126379340542	0.0112042674070439	75216	Cep128
75219	1863	1514.6	0.306438325523426	4.93089815695396	27.8912397459319	2.37540375099008e-05	0.000214588036355067	75219	Dusp18
75221	874	899.4	-0.0424871156568178	5.19128246660636	0.890670503357561	0.354768875211922	0.487947483664602	75221	Dpp3
75234	1264.2	1242	0.023585363358626	5.67776188923992	0.462215305407848	0.503143718589646	0.627962983204796	75234	Rnf19b
75273	708.6	752.4	-0.0867798235386056	4.93686838764823	3.79926844378505	0.0631431952015052	0.1281302461663	75273	Pelp1
75284	110.6	107.2	0.0477529377039475	1.91050521523525	0.190819014996795	0.666169555600144	0.766198357336236	75284	Bcdin3d
75288	1286.4	1519.6	-0.239383223469946	3.73712297647663	12.3431308087424	0.00179688817628965	0.00731405849059154	75288	Slc35f4
75291	308.6	249.2	0.313522029413708	1.92927908522234	13.9721530932803	0.00102843057337121	0.00466716970408396	75291	Zbtb3
75292	258.6	292.4	-0.174512340480728	4.00166054947263	8.95080663693236	0.00635946038144753	0.0203227150903035	75292	Prkd3
75296	763.4	760.6	0.00374724693404155	4.29787035667652	0.00542589064173805	0.941895393393049	0.963689381428755	75296	Fgfr1op
75302	250.6	256.8	-0.0476398514883852	4.85579161074774	0.630199792628291	0.43557043885854	0.56741157213085	75302	Asxl2
75304	281.2	376.2	-0.414996686106998	1.56121979766902	9.21054563235308	0.00574089478789634	0.0187015761244656	NA	NA
75305	113	68	0.742681163524896	0.939453938941811	21.5483045771312	0.000104912953168408	0.000716979586333885	75305	Ankrd53
75316	545.4	566.8	-0.0545802774303688	3.88561849152363	0.723933314930136	0.403327654105715	0.536276056683944	75316	Taf1d
75320	20478	19453.4	0.0741885176251918	8.74562873062715	8.57786939824852	0.00737931021997748	0.0230225517708266	75320	Etnk1
75339	1838.6	1639.6	0.161886893487583	5.98949431224276	10.3571879104571	0.00407354253630974	0.0142771541755143	75339	Mphosph8
75387	838.8	794.8	0.0789212211676318	4.20553948049851	2.10490103330125	0.159868194491487	0.265388179990807	75387	Sirt4
75394	68.8	88.4	-0.357487002575587	0.067105981450173	4.13592796906041	0.0532644145203863	0.112506772976423	NA	NA
75398	430.2	415.6	0.0464633189457432	3.88122124023186	0.505254178188766	0.484101860199504	0.611514951874653	75398	Mrpl32
75406	1168.4	1132.4	0.0460177497671485	5.66910901230955	1.4656692189812	0.23790427243973	0.359843904755531	75406	Ndufs7
75409	5036.4	4982.4	0.0156964331887097	6.59941984042873	0.225767033023161	0.639007684440381	0.743716649561258	75409	Slitrk5
75410	1649.8	1809.6	-0.134304045216985	6.55854776711483	15.5672869346891	0.000611154018251305	0.00306616458861658	75410	Kmt2b
75415	1742	1778.2	-0.0296590236385313	5.08026200019117	0.455658696241737	0.506158864088401	0.630691398408082	75415	Arhgap12
75416	552.6	651.6	-0.241766224125245	4.57968456956272	24.5317446325644	4.77500354426171e-05	0.000376735268715932	75416	Nop14
75420	765.4	662.8	0.207278653053087	4.49317118528873	27.3675709275563	2.36719308753235e-05	0.000214083267761066	75420	Secisbp2
75422	345.4	356.4	-0.0596091807270338	2.62967063114983	0.412776387224138	0.526698721898662	0.649064625935624	75422	Mettl5
75423	3856.2	3464.2	0.15581516238091	6.35285519666367	19.455667777821	0.000188522053266554	0.00117048872762662	75423	Arl5a
75425	1089	1143.8	-0.0677869407374129	4.60461297731513	1.88038868670649	0.183069145664287	0.29365014220748	75425	Tti1
75429	15.6	13.2	0.217623703639143	0.415606512778374	1.55533119009456	0.224471570185895	0.343367667765019	75429	Fam183b
75430	422.6	443.8	-0.0674695477694607	2.95024074651318	0.91748144247537	0.347757321725891	0.480543434820844	75430	Anapc15
75452	777.2	675.4	0.200946201737553	4.78800015503456	15.5958212922244	0.000605622241522715	0.00304157883216446	75452	Ascc2
75453	42	34.8	0.298924143790103	0.315091619591484	3.52091445559821	0.0729019433397419	0.143199539529948	75453	Ccdc7b
75454	898	910.8	-0.023345034284428	4.6645584084791	0.220617833509358	0.642840321549398	0.746134586659841	75454	Phpt1
75458	261.6	235.6	0.164061787710411	0.552211146999053	1.01066102252901	0.324846704877508	0.456079093958184	75458	Cklf
75475	612.8	540.8	0.178764884616871	4.53286132771816	10.9316118490766	0.00298567183735118	0.0109976811256559	75475	Oplah
75480	99	91.8	0.101613032277374	1.87494568454296	0.858558648656686	0.363434487245414	0.496698381112445	75480	1700003F12Rik
75516	71	69.4	-0.00466211047469601	0.638071992859249	0.000817071511291736	0.977434108112406	0.985892016654342	75516	Ttc32
75530	149.8	157.8	-0.0660112728793142	3.07110104686874	0.754170276830019	0.393823457186617	0.526823160590039	75530	Lyrm7
75533	330	377.6	-0.198029076853109	2.94978247831431	7.38811621837596	0.0120425396499767	0.0342171944369496	75533	Nme5
75538	4.8	7.2	-0.54115496616225	1.58334871025337	17.7653595503302	0.000309690969633743	0.00176509198544405	75538	Fam71e1
75540	1447.4	1217.2	0.260142069891097	4.50170027666504	19.8280925815969	0.000169473192454532	0.00107295905551371	75540	Fpgt
75541	48.2	47.4	0.0220321069711635	2.5604847286183	0.0604699560370022	0.807860887716939	0.872641900535135	75541	Nat8f4
75547	1168.6	1060.8	0.143444804238961	6.2282004783404	10.4097534473511	0.00366776999243816	0.0130866323057766	75547	Akap13
75552	313.4	277.2	0.18120996895858	4.55704679597764	12.1194084747154	0.00194441903709987	0.00778521683164586	75552	Paqr9
75553	3768.4	4107.6	-0.126490580537149	6.23525364485739	14.1000104946182	0.000985514982195131	0.00451780321999633	75553	Zc3h14
75555	49.8	57	-0.145542252672925	1.28729252115348	0.832817694564176	0.370732522716424	0.504591687684345	75555	1700020D05Rik
75560	3509.6	3690	-0.0677646016040065	6.89907864909197	2.26024454502612	0.147048525949545	0.248768701379307	75560	Ep400
75564	838	930.4	-0.154249699504944	3.17538527188397	4.96859705693489	0.0355064451714873	0.081552543859634	75564	Rsph9
75565	402.2	363.2	0.146550471391189	3.5569372202772	6.69758973583589	0.0161893778501464	0.0434139642756988	75565	Sgf29
75570	21	20.2	0.0397995799623286	0.667598998766956	0.0598627480277723	0.808808040406272	0.873338668461994	NA	NA
75571	171.6	167.6	0.041492733924046	0.997445722484939	0.0962934108956072	0.759022268524642	0.838055875678113	75571	Spata9
75572	273.8	261.8	0.0651721071696277	3.79759399390216	1.3516941050186	0.256496292081981	0.380949178560723	75572	Acyp2
75578	647.8	616.8	0.066529342379353	3.41136006113553	0.930277307399819	0.344479888826008	0.477337965016885	75578	Fggy
75580	4055.6	4142	-0.030276505283154	7.46218908328214	0.900339064627672	0.3522174571111	0.485453525801835	75580	Zbtb4
75593	467.2	531.2	-0.184385422518682	2.59770377756113	4.8974137903389	0.0367304560814766	0.0836593148757741	75593	Malsu1
75597	290.8	302.8	-0.0547765572308249	3.84639859729716	0.602291344853955	0.44534171252579	0.576450878358834	75597	Ndufaf2
75599	1897.2	1580.6	0.261495150472407	7.21867198985052	26.3553361656824	6.50981045810678e-05	0.000483270674686571	75599	Pcdh1
75605	3766.2	3481.4	0.115953081315198	6.18584047583409	11.5805431204555	0.00235705161756583	0.00906085746816397	75605	Kdm5b
75607	3161.2	2687.4	0.232610588187288	7.64670019532509	46.4377561136063	4.95918483329829e-07	9.26472421728574e-06	75607	Wnk2
75608	3871.6	4030.4	-0.0587689817430538	7.39112709174919	3.66619992054585	0.0676094285309541	0.134882909590947	75608	Chmp4b
75612	7003.8	7260.8	-0.0514027505404616	6.86175865371979	3.51848294548227	0.072994458162717	0.143331327032185	75612	Gns
75613	584.6	600.4	-0.0391491589940618	5.95470141109219	1.13618311998958	0.297144013059547	0.425323783398959	75613	Med25
75614	115.6	107	0.132432148427577	0.813298197816555	0.729783211704552	0.401462230296406	0.534321830267427	NA	NA
75616	1598	1452.4	0.140195280305691	5.1312373920867	9.58419400369752	0.00496377468868136	0.0167124154088517	75616	Smim15
75617	1695	1787.2	-0.0752982058492523	4.85024151073825	1.51546626966122	0.231192418133763	0.351901349168641	75617	Rps25
75619	1415.8	1253.4	0.176121673469377	4.11397272633292	11.7147949908441	0.00224598479772773	0.00872544920426507	75619	Fastkd2
75620	1096.6	1310.8	-0.256936648574124	4.57392321671467	35.2603005100915	4.08732356251134e-06	5.11063260879555e-05	75620	Kxd1
75623	171.6	167.8	0.0517266731339416	1.80212462609777	0.180813437837834	0.67449139503187	0.77312439522527	75623	Tex30
75624	2415.2	2289.4	0.0792966686827371	5.42773467863964	5.90012456289063	0.0230594685808855	0.0576446833047594	75624	Metap1
75625	544.6	503.2	0.115045182145655	4.48678292693041	6.2880322573757	0.0193816345350506	0.0499985981741248	75625	Mageh1
75627	1018.2	913.4	0.159149624606845	4.76310704000059	8.08811189404453	0.00900143699328317	0.0270886467418103	75627	Snapc1
75646	551.4	632.4	-0.194914081172792	4.33942086327868	12.3190159749372	0.00181218665328684	0.00736388695153443	75646	Rai14
75659	215.4	241.6	-0.164307598426923	3.54744259797033	6.81312084494326	0.0153974967621938	0.0416848507587093	75659	Wdr54
75660	457	427	0.0997325070094144	4.28749416467624	3.64255137276444	0.0684402451714569	0.136295853362943	75660	Lin37
75665	1065	939.6	0.180375851430947	5.56982686931273	21.0401213802151	0.000120630406075547	0.000806471734234949	75665	Bicdl1
75668	1041	865	0.269228091159771	5.17562604922998	7.98748479431563	0.0139114449080502	0.0384687248327832	75668	Rasl10a
75669	1146.2	1141.6	0.00206931308533022	5.35953044624154	0.0017861072479441	0.966641757174649	0.979448998121442	75669	Pik3r4
75678	493.6	400.2	0.305214465301902	4.26679396862758	39.5582908130516	1.7360313378026e-06	2.54230972204648e-05	75678	Ippk
75686	1313.8	1755	-0.427530388077578	3.42347728179419	47.5894462479938	4.07101292523385e-07	7.90892752974866e-06	75686	Nudt16
75687	2887.2	2411.2	0.259993325253829	6.94454236114023	65.5583706033418	2.69116375263947e-08	9.04606532108159e-07	75687	Ripor1
75689	176	135.2	0.371413731190542	1.10063359221134	7.89721680607238	0.0097368101148188	0.0289282329701112	75689	Higd1b
75690	7.4	7	0.022547120013847	1.35851861644664	0.027888498380431	0.868780586673162	0.914797577505249	75690	Vsig10l
75691	409	384.6	0.0872863814017122	4.10834182076788	1.78729210531435	0.193883221866219	0.307313092318711	75691	Anks6
75692	189.8	188.6	0.0550487253709482	0.935413125180678	0.150624916833409	0.701385157910915	0.794686922665546	75692	Nr2c2ap
75693	134.8	142.4	-0.0757614566353731	0.814738545271944	0.224146524044341	0.640208002898885	0.744274629928455	NA	NA
75694	55.6	47.6	0.25329901138221	0.763507465424986	1.50517617344161	0.233600283496591	0.354632758918152	NA	NA
75695	2024.2	1465.4	0.467339057968955	6.35565648019261	109.961750727896	3.22059368339594e-10	3.10336407332033e-08	75695	Rilpl1
75698	76.4	75.6	0.0119140810202222	2.17171559829407	0.0224228875625647	0.956197556603064	0.972547989806536	75698	Fam35a
75705	10452.6	11306.8	-0.113751510264119	7.76853920578458	14.4486255346578	0.000878107328945855	0.00411548746192717	75705	Eif4b
75710	345.6	380.8	-0.142231266887406	4.05996744425477	5.13673605524636	0.0327923886589783	0.0765102801738293	75710	Rbm12
75712	856.8	869.6	-0.0231831152756908	5.15001423431296	0.301873169200542	0.587824217421204	0.701294082923436	75712	Tmem14a
75717	3128.4	3023	0.0503110530871534	6.00780874315425	2.00077863144999	0.170155513554038	0.277431223114502	75717	Cul5
75718	277.2	245	0.172227390442377	2.36445692376443	3.25357243533409	0.0839289296370232	0.160259411993645	75718	Vwa5b1
75723	1072.8	969	0.14768395581371	4.93242348285672	8.38725079620829	0.007968949975976	0.0245520306327145	75723	Amotl1
75725	954.8	1007.4	-0.078112821434394	5.02049486014065	3.94738785815776	0.0585613218298532	0.120782726274072	75725	Phf14
75729	477.4	470.6	0.0245524071842248	3.44728324184127	0.155572353047387	0.696774797417939	0.790800593186739	75729	Fam227a
75731	474.2	418.4	0.187566850474913	3.23643570562032	6.13035355958523	0.0207917262234029	0.0529314670711696	75731	Idnk
75732	24.2	19.2	0.340746190188996	0.57134076577893	4.66696089713028	0.041029402283281	0.0913914286642848	75732	Iqcd
75734	13662	13449.6	0.0212798714603808	7.5596958726506	0.450616525021225	0.508499285467896	0.632952865324919	75734	Mff
75735	1001.8	917.8	0.126721932787485	4.06138179697165	5.51303926945211	0.0275185182842717	0.066374345284855	75735	Pank1
75736	403.8	397.8	-0.00376939990512948	0.277522175095692	0.000405404193736446	0.984103642086019	0.990200768723377	75736	Bcl2l12
75739	157.2	149.2	0.0721358081357399	2.29917765005185	0.577350334202485	0.454806621878285	0.585219880052411	75739	Mpp7
75740	332.4	345.6	-0.0534855096811694	2.16798061468165	0.326413282572763	0.573129658843421	0.68867325114717	75740	Egfem1
75744	2661	2695.4	-0.0149726510343834	5.73098997021091	0.155735462186558	0.696624258635047	0.790718315871758	75744	Svip
75745	11494.2	10551.2	0.123054602199141	8.53550362173938	16.6788351649935	0.000431159334430368	0.00232103427182739	NA	NA
75746	136.2	136.6	-0.00935904672765274	2.23426864634505	0.0104183132695294	0.919555249206856	0.949307304623663	75746	Morc4
75747	12.6	11.8	0.0849107674653214	4.43921168928472	0.767636209763086	0.394022990864154	0.527041302049831	75747	Sesn3
75751	3814	3921.6	-0.041121008436175	6.59371794597626	1.64803652676822	0.211572287912817	0.328753585195857	75751	Ipo4
75758	922.8	875.4	0.0797489024155914	4.58290508710449	3.13282872167415	0.0895292031803777	0.168365222842724	75758	9130401M01Rik
75763	225.2	263.2	-0.219190197866792	3.40953442473262	12.6072147034354	0.00163827476202965	0.00679277779987853	75763	Dcaf17
75764	284	304.8	-0.100715825495274	3.80545771453178	2.63700722206597	0.117558901673482	0.208005430871404	75764	Slx1b
75767	126.6	109	0.216017286278537	1.30048501321912	3.2405948371492	0.0845110987744571	0.161065852015559	75767	Rab11fip1
75769	2446.6	2176.4	0.175515294064074	5.34697890402207	9.41343857080653	0.00580909146711205	0.0188684757647464	75769	Plppr5
75770	8973	8864	0.0170764692284668	7.96079831095293	0.419917242191977	0.523175075290903	0.645774506583594	75770	Brsk2
75778	754.4	791.2	-0.0708346091592066	4.21835758724632	1.61526919733312	0.216022797740517	0.333517786641897	75778	Them4
75782	350	401.6	-0.209015675087684	3.71392005342023	10.1713114963556	0.00396555199872963	0.013966395855175	75782	Lca5
75785	1325	1162.2	0.188290155883316	5.73779710353168	23.0740447600531	6.9678081623358e-05	0.00051019604447012	75785	Klhl24
75786	5737	5884.4	-0.037672276354637	7.57907668867841	1.5611666278634	0.223630972287115	0.342434403338879	75786	Ckap5
75788	2327	2223	0.0656809215614552	6.46857802385448	4.02184185720313	0.0564013978466883	0.117569340132107	75788	Smurf1
75796	2022	1556.4	0.380701851187155	5.36587001672004	10.348239394154	0.00749673796836249	0.0233127905754543	75796	Cdyl2
75801	318.4	324.8	-0.0409320027620353	4.21797880212512	0.0957352558850947	0.762052698978069	0.840368483331732	75801	4930447C04Rik
75805	1082.4	1435.8	-0.413193082069131	5.08407965029402	59.6014636477472	6.1959225304411e-08	1.7457283480506e-06	75805	Nln
75812	589	583.8	0.0118853888486237	4.47046941290983	0.0789885688396158	0.781099239376158	0.853810456292463	75812	Tasp1
75826	9677.4	9243.4	0.0669177986397534	6.96401348396066	4.23034312972663	0.0508169849775323	0.108381255311591	75826	Senp2
75841	1949.8	1879	0.0529763205393497	5.13300310435134	1.60854204688188	0.216950933783645	0.334629046730211	75841	Rnf139
75847	381.4	441.4	-0.216386500756168	2.81871092430019	8.14739684830021	0.00878566276987373	0.0266054828568521	75847	Ispd
75869	59.8	54.4	0.131754707343664	2.88286579762014	2.98741286491014	0.0968553721831862	0.17904432146512	75869	Arl5b
75871	989	1071.4	-0.115796762409081	5.30462402706461	7.62168589754602	0.0109175066254436	0.0315919200729052	75871	Zfp821
75894	1467	1260.8	0.220367079115836	3.96060435579216	12.9244390535128	0.00146764459411844	0.00619910431425716	75894	Adal
75901	1645.2	1509.4	0.126481698117348	4.97582111269936	9.2451144824443	0.00566367215922094	0.0185179503049342	75901	Dcp1a
75906	219.6	195.2	0.169634834029096	4.78228380728471	10.2922306532909	0.00378859104398862	0.0134480095652779	75906	Fam184a
75909	8056.6	8328.4	-0.0493744419001819	6.57749422429075	1.98461619211798	0.171823292374236	0.279299805215611	75909	Vmp1
75913	92.6	84.8	0.13245666361531	3.39067386402526	4.45060830984561	0.0455852156806284	0.0993050048903999	NA	NA
75914	7313	5826	0.32864194558133	7.03191249878837	79.6193972391596	4.62021375969614e-09	2.27144794838939e-07	75914	Exoc6b
75939	444.8	456.4	-0.0718269847002778	0.375687561003553	0.16471924672001	0.688470442093772	0.784358143771056	75939	4930579G24Rik
75956	32844.6	36595.6	-0.156330029371588	10.0706088489485	22.7923148465747	7.50661055125023e-05	0.000542412050444688	75956	Srrm2
75964	3050.6	2846.6	0.0967328954563843	6.13947609455655	5.85841030407181	0.023499056584156	0.0585511746022049	75964	Trappc8
75965	1423.4	1321.2	0.106161343612955	5.55406695049735	6.05732253705832	0.0214830838250787	0.0542955925175185	75965	Zdhhc20
75974	572	524.6	0.129747059289828	2.90207439034921	2.59515850399892	0.120361800271098	0.212315042850678	75974	Dock11
75985	208.2	234.4	-0.154497220353915	2.56589464862163	2.70690299110185	0.113046191837441	0.201998968576879	75985	Rab30
75986	882	1457.2	-0.633413654783724	0.596918882295316	6.16097834719432	0.0232479682705441	0.0580297770848713	75986	Agmat
75991	615.6	623.6	-0.0187998402814643	4.9120521874937	0.176764234027242	0.677936951558188	0.775413523607031	75991	Slain2
76000	58.6	55.2	0.0700680900071174	1.52019444698678	0.333073394413858	0.569269031522172	0.685398965566137	NA	NA
76007	5173	5222	-0.0142903694932571	6.66919797865982	0.252940002853252	0.619630407528046	0.728082099862643	76007	Zmym2
76014	1007	975.2	0.0452311640200564	5.34204834183205	1.00527172686624	0.326113750292909	0.457369313674918	76014	Zc3h18
76022	3078.6	3203	-0.0569329681773549	6.48907168155416	2.86009652801059	0.103844518506813	0.189325008892215	76022	Gon4l
76025	1887	1796.6	0.0707293763399809	5.57850017248447	3.00961230245265	0.0956933398210966	0.177236229340611	76025	Cant1
76044	143.6	139.8	0.0435523551813152	2.56880621620861	0.265809432217242	0.610908321685124	0.721150427270412	76044	Ncapg2
76051	315.8	318.8	-0.0185404833235456	3.16165587575487	0.0678459924907658	0.796737355759508	0.864437902728413	76051	Ganc
76055	15293	14323.6	0.0959180691939438	7.9928266804276	11.4074358487194	0.0025092133381481	0.00953672616081847	76055	Mgea5
76071	1200.8	1261.8	-0.0703299841577134	6.54362658914649	4.79398904457367	0.0385939698267089	0.0870940265222874	76071	Jakmip1
76073	167	164.2	0.0229975504696843	2.72184528476987	0.0988122476182216	0.83112068578685	0.888274060364029	76073	Pcgf5
76080	9668.4	9211	0.0694366943164711	6.35979880101363	4.1161069254696	0.0537949682594518	0.113395431124707	76080	Ttpal
76088	57.2	59.4	-0.0618176268156765	2.38766274881359	0.437670288383436	0.514597243590425	0.638125305323953	76088	Dock8
76089	5030.8	4443.8	0.177389822454837	7.49119819024698	32.0718257125663	8.05301536910229e-06	8.86506352970331e-05	76089	Rapgef2
76108	9089.8	7591.6	0.260812108031844	7.29135771112826	69.165448377219	1.66928601754001e-08	6.26697664870736e-07	76108	Rap2a
76117	1252.2	1459.8	-0.217959974007229	4.19129706537944	13.8201564892609	0.00108211845991972	0.00486347643646755	76117	Arhgap15
76123	666.6	689.6	-0.0525263763778252	3.96991002640205	1.08321994440022	0.308425888721014	0.438260695593151	76123	Gpsm2
76130	1241.2	1279.4	-0.0433236343133965	5.68566843610766	2.03157372344818	0.167031753053173	0.274069356184648	76130	Las1l
76132	5817.6	5918.4	-0.0237044336764666	7.22113575700454	0.530222864296114	0.473610044600406	0.601976413062945	76132	Faxc
76133	83.2	80.4	0.0378502983128806	0.955911021833573	0.0652268168215851	0.800609730940393	0.86742655156553	NA	NA
76137	1407.4	1537.6	-0.125160367813048	4.46069932803963	6.09336675256287	0.0211387307100073	0.0536221856234548	76137	Mcur1
76138	202.6	190.8	0.0914438443263546	2.05190278836171	1.16038069513735	0.292173859476811	0.420317560796884	76138	Ccdc138
76142	430.2	455.2	-0.0891371692391128	3.94575225322398	1.61859013350256	0.215566445556791	0.332991065948259	76142	Ppp1r14c
76156	12677.6	13019.2	-0.0386189152951857	7.78507569980062	1.89700352549793	0.181217632679859	0.291359250584503	76156	Fam131b
76157	0	0	-0.185496441264889	0.585981326282118	0.853114760292728	0.364933559907807	0.498181873338443	76157	Slc35d3
76161	6196.2	6002	0.0422076978269202	8.12148695555967	0.289272476745836	0.600206143891515	0.711680033126166	76161	Lamp5
76167	251.8	254.2	-0.0174028772664006	2.96108024060568	0.0536908832897432	0.818739678765692	0.880183214345803	76167	Snrnp35
76178	3093	2979.6	0.0535201895144964	6.13983558950769	2.75288652938701	0.110187748627743	0.198270725492731	76178	Coa5
76179	4480.4	3782	0.245042232016292	7.1686416705991	72.6763336880557	1.06749313394342e-08	4.43377751667188e-07	76179	Usp31
76183	795.6	686.4	0.212853790171141	4.36560752832755	16.1281690646392	0.000511812505830862	0.00266009994939924	76183	Celf6
76184	28.4	30	-0.0237966593238461	1.01090809328363	0.0209224286177915	0.886207180197042	0.927511868576268	76184	Abca6
76187	239	251.4	-0.0747352480994259	3.81238905323128	1.512810089096	0.230718708334923	0.351328298595972	76187	Adhfe1
76192	17865.4	18285	-0.0339088569862939	8.17781230872446	1.63999258728023	0.212654135803127	0.329836101810158	76192	Abhd12
76199	4382	3538.2	0.309755356247192	7.37705719201836	83.8646895372433	2.84634079157035e-09	1.56429695062197e-07	76199	Med13l
76205	4208.6	4046.8	0.0573760526999872	4.9147708888242	1.75741800549343	0.197518898564395	0.311708500911646	76205	Stard3nl
76206	223.8	275.2	-0.274792843483216	2.33780218963121	7.40036334599167	0.0119804740627582	0.0340944619222499	76206	Gpr165
76217	1234.4	1357.4	-0.137131157760533	6.09458757905912	11.1232217795704	0.00278284884207867	0.0103828851738268	76217	Jakmip2
76219	817.2	824	-0.00670071020906309	3.47144305039227	0.00988281034733384	0.921642683206078	0.950500324024367	76219	Arxes1
76220	338.6	369	-0.12977312287885	4.12617980860375	5.26550087264607	0.0308704020319094	0.0729086259753626	NA	NA
76223	255.8	328	-0.354197060185058	2.60983173865407	17.2518054449023	0.000361685165069046	0.0020192342124017	76223	Agbl3
76229	72.8	75.4	-0.0552005752933161	2.64839549569754	0.372320207876824	0.547519113479068	0.666990414346941	76229	Vmn2r29
76233	775	758	0.032782153692147	4.46330653697949	0.344055824910102	0.563014641701275	0.680191711062373	76233	Dnttip1
76238	484	501.6	-0.0559136756663316	4.13266969938572	1.1461620640508	0.295080748932977	0.423334704226029	76238	Grhpr
76246	4659	4824.2	-0.0518070850634762	6.92076051939733	1.84040272149761	0.187620810943517	0.299521891029114	76246	Rtf1
76251	761.8	842	-0.144097987038928	4.43315118688337	7.13735776410441	0.0133946044217252	0.0373467616341852	76251	Ercc6l2
76252	16468.6	16648.8	-0.0162631204502535	8.5372589537799	0.317914502407737	0.578133220052854	0.69304682635352	76252	Atp6v0e2
76257	903	1061.2	-0.230786521107842	5.98650274409529	28.4296657700336	1.8393660489047e-05	0.000174221473596779	76257	Slc38a3
76260	638	674	-0.0769366677848048	4.57900416376767	2.92709941502203	0.100095958174057	0.183742313874502	76260	Ttc8
76261	55.6	72.2	-0.359809521539053	1.90069440756913	12.1628984172708	0.00191473537659195	0.00769621388577867	76261	0610040J01Rik
76263	298.4	303.6	-0.0292744362676092	2.56785137591013	0.12510975137843	0.726668338348276	0.813604821401057	76263	Gstk1
76265	345.2	330.4	0.0709671687978697	2.86424092817922	0.660610936317134	0.424392462778516	0.557347688261009	76265	Tsen54
76267	12670.8	12690.6	-0.00110770039732984	7.88972331415373	0.00100465846122932	0.974978257739194	0.984789359703865	76267	Fads1
76273	7763	7393.2	0.0716108028726651	6.63362856772678	4.97422428431941	0.0354116481966352	0.0814253838743503	76273	Ndfip2
76281	50	42.2	0.228598576733661	0.741295396742499	2.25344390088795	0.146455739298175	0.248022408414273	76281	Tax1bp3
76282	272	192	0.505481599204179	3.78467790980932	66.4092214275078	2.40025761792182e-08	8.31974187276788e-07	76282	Gpt
76293	84	96.2	-0.184150223964598	1.05951670740293	1.78279894994212	0.194424734500481	0.307901294233587	76293	Mfap4
76295	2918.8	4378	-0.586576938910197	6.92997868186538	254.628924113828	3.21980816866092e-14	3.10260715132166e-11	76295	Atp11b
76299	1268	1125.2	0.170846289300213	5.02671381303216	12.5637702144801	0.00166328215296861	0.00687477273062861	76299	Erp44
76302	5270.2	5572.8	-0.078698358568136	6.16976331022027	3.72438737039419	0.0656136541180836	0.131957667541781	76302	Pcnp
76303	4164.4	4542.2	-0.125735162359423	6.39057434194876	13.0793815322579	0.00139143746616879	0.00593970382043817	76303	Osbp
76306	1137.6	1046.8	0.120825438508216	4.38955840827925	6.57670918542704	0.017066449164898	0.0451957596609447	76306	Slc18b1
76308	2574.6	2625.4	-0.0284821541051877	7.09138696951952	0.940280879332791	0.341947841479959	0.474648429919459	76308	Rab1b
76332	825.6	905.2	-0.129317001622204	4.8621108514944	8.38067919199437	0.0079901807776407	0.0245985245921232	76332	Cog2
76338	1860.2	2000.2	-0.104670916940113	5.29930109466295	7.61979619229431	0.0109261302404222	0.0316105457356009	76338	Rab2b
76355	225.8	240.8	-0.0870913228637289	2.5756136666531	0.859865301456334	0.363075994100184	0.496396180356041	76355	Tgds
76357	1152.8	1195.8	-0.0580739224231222	3.59129083207678	0.854438751711243	0.364568157901661	0.497907617087914	76357	Trmt5
76365	50.8	57	-0.170152453497182	1.90473147741188	2.21864336544491	0.149473160926517	0.252039788617811	76365	Tbx18
76366	796.6	724.2	0.134250533687589	3.86857730751579	5.6668564506061	0.0256409217642476	0.0628159124034636	76366	Mtif3
76367	70.4	68	0.0308950726075676	1.00152593203804	0.0472538131706609	0.829763615938641	0.88758888029063	76367	Trp53rkb
76373	49.4	40.2	0.325204846841037	0.11613847126519	4.21485770933702	0.0528533782578567	0.11194940347876	76373	Zfp773
76375	41.8	34.6	0.262663886845959	1.96030451790441	7.39933325534001	0.0119856807135124	0.0340958529882125	76375	Det1
76376	11033.6	10863.4	0.0241560554046974	8.97660566646718	0.153274885445509	0.701264395172384	0.794674681914671	76376	Slc24a2
76380	27.8	30	-0.0971439185897821	1.57028651171057	0.811936671508838	0.395236017265588	0.528321593781264	76380	Cep112
76408	33.4	31.6	0.0841973679143715	1.9394357236511	0.785268363693544	0.395081400867587	0.528212613832218	76408	Abcc3
76411	314.6	316.8	-0.0165842658861056	2.85180399177374	0.0385586417028029	0.84599103042777	0.898783855479822	76411	Ift43
76416	156.4	168.4	-0.106933212562561	1.57345158894125	1.12529752071256	0.29941686046448	0.428096775189851	76416	Znrd1as
76421	189.8	178.8	0.0903820589160336	1.56797258569021	0.593570638074248	0.448614859853047	0.579306213048637	76421	1700028K03Rik
76425	973.6	1001.2	-0.0429176170517154	5.41799629243119	1.13962163153401	0.296430884204156	0.424681534372769	76425	Gid8
76429	571.2	602.6	-0.0812910015299151	3.71296806014012	2.03082304766341	0.167107069935004	0.27409959019979	76429	Lhpp
76438	110.8	116.6	-0.0794916884374764	2.79814733608081	0.581254432138291	0.453737998948596	0.584052812966694	76438	Rftn1
76441	3280	2396.8	0.456357108130502	6.78217944980292	60.0305135836741	6.66807612785921e-07	1.1780637781328e-05	76441	Daam2
76448	150.4	147.2	0.0229551732385011	3.20213622072086	0.105060365523177	0.748668053537193	0.830146265361912	76448	Ppp1r18
76453	1359.2	866	0.649662241726199	5.27173668998117	150.615696076561	1.35400991365998e-11	2.92102377493155e-09	76453	Prss23
76454	3587.2	3435	0.06293673517519	7.08157125562205	4.19784414186967	0.051644794968611	0.10982402037315	76454	Fbxo31
76457	313.4	226.8	0.469430477548165	3.21820519753343	52.8839713866044	1.710455378378e-07	3.96200673703134e-06	76457	Ccdc134
76459	196.4	134	0.545113911433266	4.31922196570772	17.0129312624158	0.00128761567845091	0.00559230679577209	76459	Car12
76467	1702.6	1659.4	0.0404842424562313	4.46985175564313	0.742824059129243	0.397350129023834	0.530528697081952	76467	Msrb2
76469	125.8	119.2	0.0737063416154455	3.31417437585229	1.13346006494529	0.297710393017744	0.425954995587908	76469	Cmya5
76477	197.8	195.2	0.00550719329235417	2.21024432831889	0.00243372362556951	0.961065356576764	0.975617752949156	76477	Pcolce2
76478	127.6	110.6	0.204089021411692	2.63826535386898	7.68633607900002	0.0106269462991201	0.0309370166034237	76478	Haus8
76479	1521.4	1380	0.139388481639738	4.68821958576124	9.77791191832283	0.00460688733571767	0.0157343926158939	76479	Smndc1
76482	559.8	597.6	-0.098899840947616	4.86069924039273	4.98401625656857	0.0352473657984663	0.0811638402502839	76482	3110002H16Rik
76483	586.8	561.6	0.0613030609898692	4.01158546314851	1.23706200063698	0.277135852648937	0.403769752685953	76483	Lmf1
76484	4160.8	3738.4	0.153897137981842	7.23974436392727	15.4597599932201	0.00063249939194955	0.00315137752886549	76484	Kndc1
76485	2619.8	2357	0.151236406439263	5.17592403583869	14.9007208759232	0.000757392237555773	0.0036482747842448	76485	Glt8d1
76487	1243.2	723.2	0.790587469484845	3.19279940612888	97.6927090543736	6.65349063352217e-10	5.3427529787183e-08	76487	Ppp1r3g
76491	626.2	792.6	-0.343235237638588	4.10169016074568	49.4947495945648	2.95787613410474e-07	6.16928450827561e-06	76491	Abhd14b
76497	1604.2	1562.6	0.0371244362871498	5.97529339925887	0.73315202756356	0.400393862090987	0.53354101403903	76497	Ppp1r11
76498	1085.8	1144.8	-0.0766749968598567	5.56950669419781	2.63395413948046	0.117760780009531	0.208311628228829	76498	Paqr4
76499	11226.4	11477.4	-0.0312707936208282	8.20900997139183	1.18111505451487	0.288002956685297	0.415614490408275	76499	Clasp2
76500	2720	2232.8	0.284060047962384	6.08930215621525	60.5863797991469	5.37345240152946e-08	1.55941866974513e-06	76500	Ip6k2
76501	556.6	579.2	-0.0530588481003773	4.14713623215626	0.978270418454039	0.332565812688696	0.463942308329544	76501	Commd9
76505	1088.2	1060.6	0.0363171234209056	6.25349294597249	1.21186241669622	0.281962258303725	0.409066116225205	NA	NA
76508	273.4	282.4	-0.0453420827780539	3.91562748610868	0.646159599570548	0.429437249607447	0.561727240346248	NA	NA
76510	4355	4592.4	-0.0780383305952694	6.14080781227418	4.43095711498522	0.046026441369155	0.100024986250153	76510	Trappc9
76522	435	437.6	-0.00810573498808857	3.80902501136571	0.0192086761749294	0.890934760589989	0.930796604956104	76522	Lsm8
76524	400.8	586.2	-0.549814247212349	3.24685447803876	54.5188015824338	1.32493178058417e-07	3.22400066608815e-06	76524	Cln6
76527	2744	2399.6	0.19297876693263	6.17369863786258	31.1177601231467	9.94264749376013e-06	0.000105047358060947	76527	Il34
76539	315	401	-0.348309611493347	3.59783729927635	41.5137309098945	1.19927726325364e-06	1.86994105318965e-05	76539	Fam204a
76547	599.8	540.4	0.15420347916046	3.92419614980588	7.55152027891993	0.0112427966302968	0.0323389815909076	76547	Tmem101
76551	4223.2	3425.4	0.302378758469847	5.87279361614995	46.1353161210416	5.22585050191881e-07	9.65913595329085e-06	76551	Ccdc6
76559	3764.8	3444	0.133694442096761	6.26881253710224	11.2183585406363	0.00268778305049511	0.0100884658825582	76559	Atg2b
76561	1096	1396	-0.355133273898783	4.03213190120099	40.4831407890846	1.45530210308551e-06	2.19342404567236e-05	76561	Snx7
76563	689.2	698.4	-0.0207654832771472	3.72189475493669	0.113073864648213	0.739615165938895	0.823541915760018	76563	Qrsl1
76566	698.8	1030.6	-0.562822390515531	3.94474869774827	85.0965132427033	2.48208019583280e-09	1.40690145688499e-07	76566	Rflnb
76568	875.2	981.6	-0.169224282735161	5.09596479499221	14.88635620859	0.000760936658609845	0.00366009266673767	76568	Ift46
76574	1122.2	411	1.44210812770721	4.8538877467401	287.622981139225	1.3760060525969e-11	2.92482227709347e-09	76574	Mfsd2a
76577	2287.4	2218.8	0.0446012378446873	5.66676506368283	1.6939637350381	0.205525098406644	0.321267672161525	76577	Faf2
76580	1864.2	1744.4	0.0969079644482918	6.94742810822752	10.1947548405301	0.00393054851820732	0.0138701533892013	76580	Mib2
76582	2979.4	3033.4	-0.025369227180813	6.11343990316236	0.63666043374364	0.432804450507698	0.565006821499121	76582	Ipo11
76594	6077	6349.8	-0.0640872752332353	6.39757101012111	3.935734468554	0.0589078010270336	0.121358802172854	76594	Dnajc18
76608	1529	1553.8	-0.0241574964276408	6.12429893323714	0.523825318012721	0.476261654184391	0.604379802421527	76608	Hectd3
76612	383.8	409.2	-0.0969758255760966	2.92708795915912	1.70978714342732	0.203491541562584	0.318905642604965	76612	Lrrc27
76614	5313.8	5459.2	-0.0395961767817804	7.23081393972508	1.70261958009386	0.20440957721226	0.320094179381303	76614	Immt
76626	3327.2	3262	0.0288786262749648	6.7106467031272	0.793202968412644	0.382039618531968	0.515400470996926	76626	Msi2
76630	554.8	534.2	0.0559049635605244	4.0653175321905	0.888751573891673	0.355278380792979	0.488507773590347	76630	Stambpl1
76642	13866.8	12948.4	0.101117662265086	4.69049694861313	2.44057681149385	0.132773280402156	0.229943085901362	NA	NA
76645	88	73.4	0.291685738251858	0.45003011885893	4.7907037339401	0.0464501587798107	0.100779134644759	76645	Pkd1l2
76650	5577.4	4414.6	0.337692056217836	6.41781590170454	61.6950310925587	5.05765131731802e-08	1.49801828156792e-06	76650	Srxn1
76654	272.2	295.2	-0.112539965587221	2.73791559411749	1.85013759802326	0.186500028241911	0.298094814575758	76654	Upp2
76668	11	13.2	-0.244215602069752	0.156153590185084	2.18911736207463	0.152091671171942	0.255649844763257	76668	Mdh1b
76670	24.4	29.4	-0.275106082161111	0.87599663528228	3.96080224680181	0.0581653412773117	0.12020615424968	76670	Cfap70
76681	20.6	22.8	-0.166606996461408	1.08411586153842	1.64227517488875	0.212346444982649	0.329460660774926	76681	Trim12a
76686	31759	32577.2	-0.0375586785425862	9.25948699414421	1.09271231625223	0.306428823058625	0.436042049226975	76686	Clip3
76687	7257.4	7420.2	-0.0323659786975431	6.66682970524544	0.7647226850389	0.390585211594184	0.524043316474736	76687	Spcs3
76688	1051.8	1031.6	0.0303162322600479	5.001390575648	0.531272471828003	0.473177364206832	0.601627869655661	76688	Arfrp1
76707	3379.8	3601	-0.0913238267111178	7.17040373875084	7.07412195341159	0.0137614522428014	0.0381707984489449	76707	Clasp1
76709	8928	7973.2	0.161248490946235	7.61231345513372	17.8652051904307	0.000300559557010707	0.0017198289141064	76709	Arpc2
76719	4646.4	4236.6	0.132901856384633	6.80641257019507	17.5711448493688	0.00032832971280483	0.00185522973763918	76719	Kansl1
76737	296.4	191	0.639890872580599	3.88933412702834	97.2589733351723	6.94576740518336e-10	5.50948490372154e-08	76737	Creld2
76740	8439	7149.6	0.236817529467892	7.3049979747286	29.1950830716925	2.14319251529041e-05	0.000197059189669259	76740	Efr3a
76742	10437	9175	0.187109215546969	7.18708580704782	36.8870592012106	2.93415172453835e-06	3.89084669967682e-05	76742	Snx27
76763	263	266	-0.00487626249094761	3.167127909508	0.00384563909377857	0.951069641025548	0.969310435156062	76763	Mospd2
76773	1189.6	1194.6	-0.00125449661110416	3.88838166418876	0.000462057340476418	0.983029400726731	0.989626893570436	76773	Wdyhv1
76775	104.2	86.4	0.277350712530988	2.72362305372051	14.3300196386759	0.000913144641884077	0.00425486545899176	76775	Slc10a7
76779	1345.6	1468	-0.125046281878631	4.90493710503876	8.40415773167215	0.00791461335530648	0.0244231044913749	76779	Cluap1
76781	78	75	0.0607989967604866	2.53308998352218	0.623982969117058	0.437363247649703	0.569005254863079	76781	Mettl4
767812	95.4	75	0.361931351545492	0.563648685920499	4.67718210841657	0.0408271855369937	0.0910813612828689	NA	NA
76784	2042	2073.6	-0.0223038263601487	5.01307085819805	0.302886505924197	0.587202138954737	0.70080255275797	76784	Mtif2
76787	5029.2	5350.4	-0.089280340435862	7.96640211843549	8.38693073797316	0.00796998254660968	0.0245520306327145	76787	Ppfia3
76788	7321.8	7029	0.0591902430776773	7.09010302277881	4.49900980772883	0.0445186197767739	0.0975719568297031	76788	Klhdc10
76789	2753	2639.8	0.0622974027912864	5.97669061127205	0.755111174997123	0.398516533640714	0.531723250922448	76789	Mzt1
76792	954.4	759	0.332412288316598	4.37141481076352	36.9033874603068	2.92454299568993e-06	3.88830174703072e-05	76792	2410131K14Rik
76793	680	628.8	0.112578320803891	3.71360541091681	3.95527325503956	0.0583281832817378	0.120439365879177	76793	Snip1
76795	6521	6516.2	0.00152823184215326	8.04100672935267	0.00231222055389799	0.962048900587314	0.976026869452448	76795	Tbc1d9b
76798	0	0	-0.418873203830025	1.38041302187975	3.07098548089745	0.099048832742862	0.182120827943688	NA	NA
76799	1850	1730.4	0.0939415046646801	4.96571599786355	4.47353165669782	0.0450765246838876	0.0985980762380313	76799	Tmem234
76800	831.8	843.8	-0.0217644258970966	5.03690889996147	0.271977965649509	0.606822731936798	0.71728948048859	76800	Usp42
76804	986.2	971.4	0.0200439750610142	4.97306504382321	0.217295886430705	0.64534214041821	0.748077255401781	76804	Kdm4c
76808	992.4	1034.4	-0.0618978296068004	5.29182742007377	1.68125071465382	0.207177234844639	0.322896242446022	76808	Rpl18a
76809	9342.2	9230.4	0.0188438889391566	6.45037360298436	0.376033583090436	0.545544044821151	0.665650314354628	76809	Bri3bp
76813	857	825.4	0.0571505395348264	4.54441447121323	1.40520388684887	0.247543812285045	0.370777022048502	76813	Armc6
76816	2022.4	1871	0.111980830500035	5.1225744970843	8.82072828484089	0.00669644058037844	0.0211980622314476	76816	Sdccag8
76820	16915.2	15972.6	0.0836355306387298	7.96524598805134	9.96704764028562	0.00428539921516289	0.0148789719567534	76820	Fam49a
76824	1902.2	2049.2	-0.107547955576474	5.69591351687195	10.6634519093464	0.00329717143080448	0.0119591758747423	76824	Mtfr1l
76826	174.2	214.2	-0.314669787516235	1.66022249520873	9.96415815347337	0.00429012172579246	0.0148917914084064	76826	Nubpl
76829	482.2	544	-0.178295378402876	4.49157089156137	13.4862580631994	0.00121110774663717	0.00532887408520356	76829	Dok5
76832	603.6	547	0.146949997398124	2.76479909650714	3.63308483800512	0.0687760783033217	0.13683268214676	76832	Hyls1
76843	1289.2	1452.8	-0.162594991607947	3.93528615874261	5.52779680213374	0.027331896415217	0.0660406604455945	76843	Dtl
76846	782.8	768.8	0.025599665037827	5.71145907543491	0.290609372903944	0.594891863528797	0.706770261009801	76846	Rps9
76850	378.2	403.2	-0.0896776390666842	4.13110549104526	2.54355550073692	0.123926783398278	0.217462392526249	76850	Ago4
76854	283.2	290.4	-0.0282561444617702	1.77329362773151	0.0624867336047378	0.804750790427053	0.870062676702268	76854	Gper1
76857	763.4	814	-0.087345180072567	2.99400955900753	1.59857336605726	0.218335507062959	0.336298105188406	76857	Spopl
76863	4034	3890.2	0.0531737632724103	4.90596946847556	1.70592812669169	0.203985174844331	0.319540665134926	76863	Dcun1d5
76866	113.4	132.2	-0.216453644615287	2.58795687592211	7.29082803803076	0.0125483602437239	0.0353624486182074	76866	Morn1
76867	282.2	293.6	-0.0557354569197296	2.7429068514873	0.528890432872318	0.474160264943062	0.602559562993407	76867	Rhbdd1
76872	111.2	167.4	-0.603118861224311	1.69963716772742	22.4169330977965	8.2960479881694e-05	0.000591277503062133	76872	Ccdc116
76877	466.6	453.8	0.0375833101260714	5.05639834978086	0.528082088754319	0.474494586413554	0.602878406471651	76877	Rab36
76884	61244.6	62749.4	-0.0351813931724351	10.5467112020049	2.02044794997279	0.168152244542383	0.275251703580476	76884	Cyfip2
76886	9547	9085.4	0.0706742281223533	7.79913858145389	4.9381937143481	0.0360235615723387	0.0824389738705801	76886	Fam81a
76889	541.2	485	0.163958467387532	4.35128252707904	9.76701037036326	0.00462620661696771	0.0157929122441312	76889	Coq8b
76890	1680.2	1729.2	-0.0362876262518961	4.47546232683169	0.471232901318842	0.499047896740284	0.624342559531037	76890	Memo1
76892	1005.2	822	0.293648274911843	4.31131229389465	25.62211990988	3.6275570819364e-05	0.000303430035082805	76892	Rnft1
76893	813.4	851.2	-0.0663817437254055	5.55246056267884	2.078145886171	0.162438224164332	0.268452102912332	76893	Cers2
76894	111.2	122	-0.153106120549154	1.93688080944665	2.17710012439942	0.153173120257757	0.257029093051815	76894	Mettl15
76895	3585.4	2925.8	0.294891645050929	7.06387445870456	58.4365639277253	7.34062948290244e-08	1.98634420546816e-06	76895	Bicd2
76897	3348.6	3462.4	-0.0455629479981167	6.11968519965277	1.30876339779935	0.263983444463908	0.389428118624345	76897	Ralyl
76898	10122.4	9399.2	0.106619688071311	8.28229419943411	14.0466852953411	0.0010031716043744	0.00458710609605426	76898	B3gat1
76899	1525.2	1489.4	0.0333986578122843	5.60589386114303	0.861640970825258	0.36258963493883	0.495871944687846	76899	Golga1
76900	1244	1144.8	0.120715269312974	6.467283336615	5.75976759347376	0.0261982027524672	0.0638664815111273	76900	Ssbp4
76901	4749.8	3820.2	0.313681772051369	6.51231520276894	44.8233404527807	1.10559444237012e-06	1.75483500596338e-05	76901	Jade2
76905	140.8	77.8	0.851602315465846	1.11170885273048	19.3291929139697	0.00027555576383006	0.00160092814356755	76905	Lrg1
76916	622.4	559.4	0.153635201264991	3.95412954675634	7.27872018451939	0.0126129341700961	0.0355029750558376	76916	Timmdc1
76917	75.8	94.2	-0.317778713004558	2.0712047233296	11.6801198693074	0.00227411312071816	0.00881470395464208	76917	Flywch2
76927	26	31.6	-0.292414806633703	0.502013221487245	3.358836045395	0.0793733765200003	0.153418398531704	76927	Tsacc
76932	1956	1826.4	0.0976870998335144	6.62220986359188	10.4229852510378	0.00360690917842375	0.0129205118376547	76932	Arfip2
76936	2278.4	1912.4	0.253067637353475	6.92086624576802	61.2161677974247	4.91168663039583e-08	1.47595672673059e-06	76936	Hnrnpm
76938	1794.8	1777.8	0.0123869308046548	5.31572653364912	0.0713794563722874	0.791637951716035	0.861030868104483	76938	Rbm17
76947	280	277.4	0.0088938172569859	2.45541905395343	0.0133141610284823	0.969330908817672	0.981142083757047	76947	Ndufaf6
76952	2129.8	2019.8	0.0764580776086395	6.09011447042589	5.64309077634443	0.0259214719272214	0.0633144033127196	76952	Nt5c2
76954	927.8	838.6	0.150188894405998	4.14191281174156	6.28635913345023	0.019396028741839	0.0500259720599223	76954	St5
76959	2266.4	2101	0.111035460285838	6.05173422291251	10.8651818292182	0.00305971913854844	0.0112042674070439	76959	Chmp5
76960	506	492.8	0.037997825003679	6.48571268329652	0.228657730779539	0.64029764469071	0.744318976705768	76960	Bcas1
76965	3605.4	4703.4	-0.382374127578209	6.98330445214337	59.4032597047203	2.18812368711303e-07	4.82857095779111e-06	76965	Slitrk1
76967	309.2	292.8	0.079863924437508	3.4980687265772	1.52711796347469	0.228592375220817	0.348678154436649	76967	2700049A03Rik
76969	10808.6	8953	0.272180948156061	7.94414342159554	88.8608842629395	1.64896359992249e-09	1.00143360812099e-07	76969	Chst1
76972	1105.6	1234.8	-0.161940949060079	3.12187210573414	3.96621885059766	0.0580063088276008	0.119951892592873	NA	NA
76976	1532.6	1534	-0.00225438736227614	4.7932971127154	0.000882948330959683	0.976626128990518	0.985283316006767	76976	Arxes2
76980	12557.8	12040.2	0.0593616219149923	7.80095993312153	3.09592513741675	0.0913259393295414	0.171098525867685	76980	Ube2ql1
76982	48192	41101.8	0.229607877649088	8.85523050174558	51.6306349001708	2.08832313977623e-07	4.65812078122309e-06	76982	3110035E14Rik
76983	1575	1684.8	-0.101846325825695	4.93578259675021	5.95892299553734	0.0224552769375602	0.0563976668732397	76983	Scfd1
76987	2508.6	2449.8	0.0363751430808604	5.99666402019495	1.07617307315783	0.30997036259998	0.440039088212141	76987	Hdhd2
76992	4310.8	4306.2	0.00122481515999026	6.03255621214657	0.00155749958649762	0.968848382164685	0.980792243368745	NA	NA
77006	1031.6	1100.8	-0.0954310406829777	5.55626330991376	5.74682050566405	0.0247214731982275	0.0609768214346724	77006	Ddrgk1
77015	954.6	991.4	-0.0556562163911549	5.06405018438858	1.40068157794694	0.248284708297684	0.37154023954185	77015	Mpped2
77018	986.6	948	0.0553183399983252	6.23147434819849	2.289882341817	0.14337385508721	0.244003968142062	77018	Col25a1
77022	76.8	76.4	0.00479886218834938	1.79096774902334	0.00255214238272556	0.980216780133147	0.987389597884487	NA	NA
77031	1733.4	1944.4	-0.16751319786057	5.36475208969591	11.5121532031908	0.00241592678056347	0.0092453814366599	77031	Slc9a8
77032	1774.2	1859.6	-0.0670668384251457	3.93351364476623	1.60687270726842	0.217182023504199	0.334914004878875	77032	Tstd3
77034	199.6	182.6	0.132593510452356	4.25381617777217	7.31351426984458	0.0124283488826963	0.0350676205648079	77034	2510039O18Rik
77035	52.8	50.6	0.0598841395333758	1.89221423400265	0.399290524527057	0.533887623901372	0.655500189451929	77035	Kdm8
77036	37.8	40.8	-0.0802337449603875	0.542959434056374	0.239793002545659	0.628834457126918	0.735221867245422	77036	1700109H08Rik
77038	2419	2330	0.0539809560243607	5.7123949639177	2.55087511051378	0.123413628400891	0.21658822060545	77038	Arfgap2
77040	3653.8	3577.6	0.028523954677174	6.22593845399762	0.773780827858071	0.387836932349919	0.521333230528412	77040	Atg16l1
77041	280.2	249.8	0.165276160904105	2.90731081313502	3.92797346824493	0.059139840800821	0.121750072487547	77041	Arsk
77044	1460.6	1422.2	0.0422179869108292	5.54364819056385	1.03044544229626	0.32025296143999	0.451207359845367	77044	Arid2
77045	4011.6	4184.8	-0.0601683913131734	6.87182851743155	4.14385909419903	0.0530537793247879	0.112148103886208	77045	Bcl7a
77048	1498.6	1414.2	0.0836846539917582	5.48596763612144	3.70804989117845	0.0661671589337394	0.132719971583163	77048	Cep83
77053	6015.4	7499.4	-0.317818957434535	7.22551735968456	72.2708607087417	1.12310241437499e-08	4.58252760679608e-07	77053	Sun1
77056	43.2	41.8	0.0509673378975949	1.55208075440977	0.221052311758924	0.64251482096244	0.746043265823745	77056	Tmco4
77057	29	18.2	0.598378040169912	1.83365903689153	24.8267258468276	4.42999507033082e-05	0.000354708081956873	77057	Ston1
77058	143.8	157.4	-0.111440811471144	0.942685327767779	0.666998096558728	0.422192048171253	0.555265137785923	77058	Ccdc183
77059	83.4	46.4	0.754542032282141	0.6863695980679	7.36071029919183	0.0153386814787112	0.0415567576557248	NA	NA
77065	1164.2	1103.8	0.0787952982021749	5.60468843555662	3.71703169292849	0.0658622055796563	0.132328651577475	77065	Ints7
77087	6076.8	6123.6	-0.0110448309677763	8.1798156847174	0.132797994244625	0.718763041226366	0.807961575836137	77087	Ankrd11
77090	279.2	286.4	-0.0448924369952447	2.14772889698869	0.216868620528578	0.645665618770132	0.748392209599317	77090	Ocel1
77097	3753.6	4049.2	-0.110138046209427	8.02182469533898	8.41662817394075	0.00790247891647318	0.0243908670208634	77097	Tanc2
77106	587.6	562	0.0656276440318224	4.90314440376077	1.14855482829997	0.295613092620228	0.423846011381091	77106	Tmem181a
77110	2410	2236	0.11028197071905	5.03837227360348	7.53790111121348	0.0113071651238655	0.0324918021273067	77110	Gpbp1l1
77113	5242.6	4312.6	0.281593283450983	7.83806671739219	51.9785272377749	2.30522024877829e-07	5.03318028335973e-06	77113	Klhl2
77116	1818.2	1710.6	0.0875807024969499	5.65141190304445	6.30134492742063	0.0192675239835111	0.0497397377491819	77116	Mtmr2
77124	264.8	266.6	-0.00350163757984995	1.85379093109166	0.000958071294026131	0.975565089637225	0.985087955150863	NA	NA
77125	442.6	596	-0.430291312391946	4.34272987641018	24.6377660129971	0.000109541198993244	0.000744035944665579	77125	Il33
77128	1448.2	1383	0.068813100514118	5.58028783635407	1.92089995331789	0.178964241861253	0.288699682127518	77128	Crebrf
77134	3539.8	3597	-0.0238478102819795	6.3913576194581	0.250328822518872	0.621933900880681	0.72978020809623	77134	Hnrnpa0
77209	269.2	234.2	0.212440354190643	1.83282821278843	4.66122711787943	0.041143331643585	0.0915323557913464	NA	NA
77219	930.4	1041	-0.159218314524063	4.67282632602335	10.1193299141046	0.00404438994362942	0.0141956319196745	77219	Ptgr2
77220	1136.6	891.4	0.359282491259741	4.54074889710967	31.1412344599248	1.17564626158699e-05	0.00012137707903556	77220	Tmem200a
77252	57.4	58.6	-0.0639021731087772	0.0926794691605071	0.116586825908452	0.735759551641006	0.820956350117269	77252	9430038I01Rik
77254	353	388.4	-0.144909255419501	4.29043904807693	6.17596083684342	0.0203725154332208	0.0520530914038844	77254	Yif1b
77264	1133.4	1039.4	0.123688800660401	5.59949537078761	7.56012030529508	0.0112023582443204	0.0322419127963774	77264	Zfp142
77286	1837.4	1560.8	0.232145830286469	5.42318555843206	29.2660763500893	1.51363552622458e-05	0.000148998671425322	77286	Nkrf
77288	262	348	-0.413176746795859	3.0982220359122	35.4046403790859	3.96735050513868e-06	4.99078191481936e-05	NA	NA
77300	4915.8	4901.8	0.00366909132717835	6.62129333689162	0.0106333861809378	0.91873218093537	0.948859434393603	77300	Raph1
77305	13076.2	12319.6	0.085302183597646	7.22429576578774	8.79000475787549	0.00677886393054843	0.0213980561808576	77305	Wdr82
77318	41	40.2	0.0339972946119743	1.58674356030671	0.0763175593607885	0.784733581679859	0.856428510238651	77318	Ankrd55
77323	15.2	17.6	-0.16253261911168	1.95260821334129	2.71323380228101	0.112647555781834	0.201510862781019	NA	NA
77371	224.2	238.4	-0.0919050956343726	4.43501136469764	2.26878198380119	0.145148947627832	0.24627102817381	77371	Sec24a
77382	12.2	12.6	-0.0509619653983586	0.64800499456656	0.0740251140059102	0.787920966910185	0.858545771256677	NA	NA
77383	28	43.2	-0.578683052797288	0.561888926011186	7.77122671357234	0.010543434157251	0.0307495555506267	NA	NA
77407	2606.4	2644.4	-0.0215871191479735	6.53556399870753	0.413526954219166	0.526326321871832	0.648829053845242	77407	Rab35
77422	549.2	498.4	0.13950450357276	2.99451919854379	3.63892693793983	0.0685686036649831	0.136476259621821	77422	C330018D20Rik
77428	20	29	-0.5535971370002	1.23054637717051	19.6209659659177	0.000179794454201234	0.00112474251346524	NA	NA
77446	182.6	201.8	-0.137436009247453	4.44951738551278	4.30967422216736	0.0494150738215278	0.105986864077217	77446	Heg1
77462	281.2	319	-0.183610673449018	1.34018297894949	2.49577812775453	0.127338714167	0.222315952961689	77462	Tmem116
77480	8919.8	8500.4	0.0695057703762782	8.8333889458528	4.5945546961237	0.0424945153376426	0.0939886342295771	77480	Kidins220
77481	0	0	-0.5390867539477	0.852727086655745	11.4376553087431	0.00248189483932462	0.0094552735918814	NA	NA
77519	669.4	627.6	0.0956732698260783	4.42024062504557	3.11579500715057	0.0903534115983874	0.169660911729043	77519	Zfp266
77521	1669.4	1720.4	-0.0442151715241894	6.06378121720868	0.909822665167488	0.350071530389505	0.483048582362759	77521	Mtus2
77531	10413.4	9773.4	0.0903657584069068	8.47198725312779	9.28418950468275	0.00557775234688807	0.0183021185974847	77531	Anks1b
77532	201.6	187.4	0.108605657801059	2.80086801276697	1.82767969334679	0.189098102992528	0.301380966000001	77532	Jrkl
77533	165	154.6	0.0848068428384696	1.9718845354972	0.517077921141597	0.479085317797874	0.606827669569724	NA	NA
77552	3269.8	3934.4	-0.268249878004131	6.81740442152996	72.2830892621195	1.12138011390922e-08	4.58252760679608e-07	77552	Shisa4
77558	7.4	14.6	-0.95108547367011	0.352657996970733	33.996414035897	5.32299937550776e-06	6.34283866229095e-05	NA	NA
77559	771.2	829	-0.0979363092947956	5.35180190809544	4.89938754198609	0.0366958868467447	0.0836201085421484	77559	Agl
77569	2693.4	2633.8	0.0336692177382886	6.90965578993692	1.21184697612275	0.281965249477772	0.409066116225205	77569	Limch1
77573	5510.4	5531.2	-0.00574984750166952	7.26133005321445	0.0420303546373788	0.839303445420928	0.894044660631888	77573	Vps33a
77574	8895.6	8279.4	0.103243197747449	7.8953093464111	7.78136125827592	0.0102152115335626	0.0299737449261293	77574	Tcaf1
77578	1044.6	1110.6	-0.0899000641408785	5.71310056097998	4.54093836862305	0.0436173178794188	0.0958559696866534	77578	Bcl9
77579	7945.8	8893.2	-0.162381260787558	8.98026785967122	22.5788884457103	7.94490525112214e-05	0.000568493368810492	77579	Myh10
77582	5897	5762	0.0324088414784293	7.19241946253468	0.763504390552677	0.390957048425314	0.524396174641748	77582	Mboat7
77583	40.4	42	-0.0485729438586461	1.85929652036366	0.162299461672571	0.690640610146964	0.786148950942213	77583	Notum
77590	1870.2	1836.2	0.0273726910057471	5.75136144410319	0.51768353960745	0.478830729997327	0.606827669569724	77590	Chst15
77591	526	548.8	-0.0604105155461421	4.58818351243775	1.73192381309723	0.200688322815145	0.315508160197142	77591	Ddx10
77593	1471.2	1261.4	0.223456256665645	5.7009411641284	28.4916137777755	1.81280120112925e-05	0.000172383082638962	77593	Usp45
77595	36.2	20.2	0.849166929603598	0.324207473371765	27.7776521258494	2.14609213370511e-05	0.000197200354104092	77595	Nup210l
77604	422.6	335.2	0.347066204113321	3.5214169266054	22.472718401933	8.17322938092102e-05	0.000583675185137512	77604	Rbm12b2
77605	704	636.6	0.147064104246418	4.36728358362352	9.7443574873156	0.00466663564571845	0.0158964423757239	77605	H2afv
77609	217.2	174	0.323546836037766	3.18903096500497	23.6519137864861	5.98951212241871e-05	0.000454687017948739	77609	Ccdc151
77613	143.6	155.6	-0.114624556051273	2.85415743995393	2.84576548352498	0.10466732165621	0.19053670871774	77613	Prss36
77622	124.2	86.4	0.521288302680865	1.86041460157547	25.3228028217665	3.90930028506593e-05	0.000320686869014432	77622	Apex2
77626	3660.2	3319.8	0.143213617429347	7.09125293829519	14.5927501537504	0.000837490415946889	0.00396757996463335	77626	Smpd4
77627	576.8	582.6	-0.0117673543676999	4.29672384873555	0.0393036444307802	0.844530310203014	0.897958003801263	77627	Efcab6
77629	11639.8	10642.8	0.129548963081135	8.09497630861537	11.0925610429936	0.00289998573159342	0.0107395320944021	77629	Sphkap
77630	1715.8	1572.4	0.125726789238105	5.01242757248361	7.46195535763086	0.0116736397012019	0.0333657876688101	77630	Prdm8
77634	963.8	930.6	0.0525212043032054	4.116182076236	0.650806914111856	0.427804790618035	0.560251014188011	77634	Snapc3
77644	984	943.2	0.0588388169644588	5.19226069977746	1.78907940700919	0.193668333860562	0.307006152404098	77644	C330007P06Rik
77652	297.6	294.4	0.0130268856468981	2.29351500818516	0.0228567644773131	0.907918525586372	0.941631690481762	77652	Zfp955a
77683	1681.2	1657	0.0196813784591643	5.50939837538997	0.338212931838064	0.566325084327004	0.683220329593733	77683	Ehmt1
77697	869	891	-0.0347106577663176	5.1530692930686	0.660156335345515	0.424549752407488	0.557413675338335	77697	Mmab
77721	371.4	382	-0.0417117810398296	4.32101204440958	0.75226402858645	0.394412691280412	0.527416138381633	77721	Mrps5
77733	2315.2	2661	-0.199442076619414	4.76192313822979	22.8140529315352	7.46346533999396e-05	0.00053992456468605	77733	Rnf170
77739	182.2	250	-0.467072436826049	2.86255375547533	24.1973302895186	5.20181365857045e-05	0.000403147531479771	77739	Adamtsl1
77744	114.2	121.6	-0.0955048316226211	2.24905722216728	0.75630164057399	0.393166189879517	0.526211413268866	77744	Bora
77766	356.8	380	-0.095489730079465	3.44269219884358	2.30837052839662	0.141839730391424	0.242220163407094	77766	Elp4
77767	541.8	543.2	-0.00827515367686866	5.01563220683383	0.00933238585982268	0.924314462182852	0.952383891958293	77767	Ermn
77771	4110.8	3998.4	0.0394793191064634	6.60953623164217	1.24320105749324	0.275976575546807	0.402478601851836	77771	Csrnp3
77772	134.2	193.6	-0.536209252072937	2.17792353722016	33.6865521596109	5.68433456264656e-06	6.7015800789962e-05	77772	Dcst1
77781	7710	7208.8	0.0966257714076219	6.9910471276416	4.9417985667116	0.0366302691563652	0.083496910642817	77781	Epm2aip1
77782	63.4	61.2	0.0620891958255117	2.89515503645138	0.616314185809674	0.440157818396757	0.571526849158872	77782	Polq
77794	218.6	278.4	-0.345292039340106	3.37616228488262	25.8725119939184	3.40878046692157e-05	0.000289315988660507	77794	Adamtsl2
77799	17.8	12.8	0.446674987272924	0.666649009999978	7.61267907665356	0.0109586764133945	0.031685678911623	77799	Sla2
77805	1548	1476	0.0684849742149389	4.27506886701499	1.60983886881276	0.216771624946886	0.334423851743226	77805	Esco1
77809	1169	1307.6	-0.164079371819293	4.0920698782395	8.69324826795285	0.00704580124940682	0.0221006968877878	77809	Lrrc42
77810	214.6	183.2	0.242899796144052	1.81925273486426	4.22389000440686	0.0509801590568212	0.108655458079086	NA	NA
77827	1696	1978	-0.222467561855358	5.80147852238745	27.8783804223962	2.09528304622904e-05	0.000193392216795623	77827	Krba1
77832	270.2	254.4	0.08559489439583	3.8193159396749	1.86479581237324	0.184827850448625	0.296052666166469	77832	Tchp
77853	2154.4	2011.2	0.0961381241626904	5.830065647103	6.2032188635547	0.0201264464498967	0.0515336859144033	77853	Msl2
77862	604.6	567.6	0.0882111824057149	3.64154585297143	1.67689621096328	0.207746924094902	0.323679426632286	77862	Thyn1
77864	1918.6	1932.8	-0.00998738203341993	6.00717898662059	0.0368698017202759	0.849610277802449	0.901105588153552	77864	Ypel2
77866	364.2	366.8	-0.0115940708168586	2.72668584434262	0.0135182067309566	0.908418563629922	0.941837937259844	NA	NA
77877	1418.4	1339	0.0844636748788215	5.37473953097547	5.28505793727176	0.0305896409620389	0.0723519342931288	77877	6030458C11Rik
77889	1669.4	1785.4	-0.0964424576211449	5.23251397611004	5.46939499648277	0.0280787962240362	0.0674843566049584	77889	Lbh
77891	955.4	1212.8	-0.404895081767937	1.44672122302806	8.55162487778815	0.00745756875034866	0.0232079801284855	77891	Ube2s
77920	99.4	97	0.0619794970078099	1.68000000291744	0.255845099592466	0.61763739317239	0.72656717513744	NA	NA
77929	2306.2	2011.8	0.196003567870861	5.48024283892013	29.7512356527382	1.35382209068258e-05	0.000136587281836907	77929	Yipf6
77938	1303.4	1013.2	0.372912360746692	5.59824026777345	8.19179060805659	0.0148994124437189	0.0406025843630303	77938	Fam53b
77940	41	55.8	-0.468653257460924	1.20378193634453	12.4836802786441	0.00171048252488242	0.00704167314572785	NA	NA
77951	341.6	376.8	-0.148311917269281	3.05733711786766	3.27401571650913	0.0830211793587235	0.158864474268847	77951	Cyp20a1
77963	1695.2	1701.2	-0.00499554351355394	5.92596837250444	0.0183723830580338	0.893319936656175	0.93226413979603	77963	Hook1
77974	54	35.6	0.614227839410666	1.01840333051039	22.4432158773103	8.23793499223971e-05	0.000587425320068243	77974	Rdh12
77975	4782.8	4255	0.168910383615796	6.70129494713458	27.8081770112701	2.13055501345352e-05	0.000196215643971893	77975	Tmem50b
77976	7183.6	5647.4	0.348925987989526	6.87472022734827	20.0917424501684	0.00060042716795388	0.0030217877039016	77976	Nuak1
77980	6348.4	6011.4	0.0785820740141388	7.78813949752502	7.01219421391052	0.0141314901887997	0.0389356765514508	77980	Sbf1
77987	1006.8	930.2	0.112437232744717	4.63330421620548	4.81951914767908	0.0381243114415341	0.0862496161489957	77987	Ascc3
77994	8.8	10.2	-0.25776762246101	0.683898504711755	2.39897372624897	0.134597754085838	0.23246217440037	NA	NA
78004	132.2	144.8	-0.10826693198591	0.463742899396317	0.376088943143593	0.545514702292024	0.665650314354628	78004	Prr15
78038	386.8	463.6	-0.262125030832865	4.07259991941082	25.4738654651574	3.76424698184704e-05	0.000311261017595063	78038	Mccc2
78070	3838.4	3716	0.046667749850733	6.9008141914567	2.14217520037038	0.156368801137641	0.260927574652906	78070	Cpt1c
78088	2642.6	2247.4	0.235604960014128	4.7446121632798	10.0569765839856	0.00516855521969614	0.0172094672069772	78088	Sowahb
78100	3664.2	3171	0.213003998428695	5.88101940049277	28.1539899347683	1.96281722014604e-05	0.00018410486761837	78100	Msantd4
78108	1386.6	1623	-0.234970058916135	3.49626943895346	10.6085504097074	0.0033652338085566	0.0121815901499818	NA	NA
78177	435.4	646.6	-0.569164072509955	3.69086178296274	58.4502532179354	7.32587043273533e-08	1.98634420546816e-06	78177	Ninl
78217	61.4	28.8	1.08870611361849	1.32227552422379	49.1679940867639	3.37765297795032e-07	6.76185542150886e-06	78217	Tmem210
78232	2533.8	2654.8	-0.0665389399796921	6.0306647234232	3.64780714334112	0.0682545995220111	0.13598235444399	78232	Trappc6b
78244	1877.8	1623.8	0.209776205236942	5.39217818887028	6.48441632900168	0.0227680209364699	0.0570443707082225	78244	Dnajc21
78246	2141.2	2079.6	0.0422282414707676	5.47270820508277	1.0624329509806	0.313012150745134	0.443339306895656	78246	Phf23
78248	5413.6	6162.4	-0.188566618892188	6.37911921269342	31.4071339969407	9.32313216723132e-06	9.98196684038234e-05	78248	Armcx1
78249	385.6	373.8	0.0742522868518453	1.95925297122475	0.541300292145085	0.469076516506232	0.598044629935704	78249	Adgrf4
78251	93.2	93.2	-0.0203549270422218	1.07668455258505	0.0219271577710639	0.883527211970654	0.925599936350209	78251	Zfp712
78255	3160.6	3047	0.0520056576510922	5.49258653785464	1.9161337055551	0.179114047492744	0.288876862582026	78255	Ralgps2
78257	20.8	26.8	-0.388102089295501	0.460259407483576	5.03146362954633	0.034463309387414	0.0797117320756228	78257	Lrrc9
78266	914	1120.4	-0.296925434093656	5.18048941258366	61.0264804038007	5.04606584154552e-08	1.49782849743728e-06	78266	Zfp687
78267	361.8	375.6	-0.0543198706819047	4.55750171895428	0.636328537221413	0.433891654975598	0.566037058356508	78267	Klhdc8b
78283	8461	8512.8	-0.00947385290996711	7.63775576732661	0.0622327245779608	0.805139531272507	0.870417859761617	78283	Map7d2
78286	3092	2896	0.0938593767428923	6.91758828090647	5.14836938162569	0.0327499648475237	0.076460667405283	78286	Nav2
78287	3618	3449.4	0.0703348594681987	6.10549573628137	4.10122948386293	0.0541971219078512	0.113993771835867	78287	Rbsn
78294	18.2	19.8	-0.137053223210606	1.32139954065186	1.23703346506744	0.277141256150363	0.403769752685953	78294	Rps27a
78303	178.4	180.2	-0.00845797347372337	3.30226218885201	0.0104533306664513	0.919420658813056	0.94923615732028	78303	Hist3h2ba
78304	449.6	430.6	0.0554800911588051	3.7715221576401	0.875058558373551	0.358944541469912	0.492284315628248	78304	Naa38
78308	632.2	576.2	0.128052067240134	4.6586265210904	6.5334297136734	0.0173931482159656	0.0458978687836159	78308	Gpr108
78309	2287.8	2481.6	-0.118511900721446	6.68973705687519	7.29055572998845	0.0128422666285429	0.0360221466813428	78309	Cul9
78317	108.4	134.2	-0.297931593026082	2.54289666800798	9.19051632037527	0.00578616580096496	0.0188193610457128	78317	Ccdc88b
78321	161	104.6	0.629069332382505	2.28248321300863	52.2228408003783	1.899573133978e-07	4.31034360325521e-06	78321	Ankrd23
78323	1026	1101.6	-0.102657059785997	4.39107959967602	4.29501072920522	0.0492139380904914	0.105602473450113	78323	Fam219b
78329	75.2	86	-0.224561631841092	0.39835432541685	1.8333079237155	0.188442845903488	0.300469155508992	NA	NA
78330	1284.4	1338.2	-0.0605976209338436	5.49330497599863	1.96488182070479	0.173886628957044	0.282051098074865	78330	Ndufv3
78334	3446.8	3699.4	-0.0993168295897896	6.47009401222848	5.52728534912779	0.0273524925298232	0.0660688340823612	78334	Cdk19
78339	6304.8	4875.6	0.371101329317513	8.17390289436788	118.382486992147	1.00640939898725e-10	1.33195094198522e-08	78339	Ttyh3
78369	70.2	70.4	0.00423993475019789	0.605640768024474	0.000774321859033549	0.97803220573929	0.986182579115498	78369	Icam4
78372	411.8	466.8	-0.187020074338967	3.25211701322706	8.36462685050216	0.00804230276458293	0.0247273865473903	78372	Snrnp25
78373	117.2	111.6	0.0669347757294283	2.55820741203297	0.526860650314477	0.475000506225421	0.603256068621583	78373	Nudt17
78388	46.4	60.4	-0.373151142044694	2.63816760539815	21.5991517710202	0.000103467315685514	0.000709448093414808	78388	Mvp
78394	1256.2	1234	0.0228264181413474	4.51739382579382	0.228226284837854	0.637196212175451	0.74208637908178	78394	Ddx52
78403	21.2	19.8	0.0553594557707755	0.598848750388727	0.125470105402992	0.726291763368512	0.813280225265608	NA	NA
78408	7298.4	7584.8	-0.0567220215837364	8.61791662042004	2.69149702173391	0.114023179467773	0.203348980267109	78408	Fam131a
78412	124.6	95	0.383130239171542	1.38642698125615	12.2829841537929	0.00183531092379384	0.0074327778348322	78412	3110062M04Rik
78428	307	351.8	-0.201402033938378	4.13230069160468	16.3151470789142	0.000482721196119279	0.00253902917347455	78428	Pym1
78445	29.2	38.4	-0.469268684351764	1.19823881361886	2.19466005457579	0.161765717108474	0.267860629251618	NA	NA
78455	28.2	27.8	0.045200133556727	4.6075164734316	0.0938303663559218	0.76470387977167	0.842584988429617	78455	Helz
78465	57.2	70	-0.294058569924705	3.20650973084014	18.7180425419053	0.000233496169897375	0.00139865463725514	78465	Ccdc190
78473	23	32.8	-0.511455615371815	0.215282819458393	10.0322179928745	0.00418038440813068	0.014573872705046	78473	Skap1
78506	5650.8	6188.8	-0.131348985827876	6.89411143508209	13.9955023810164	0.00102044369987691	0.0046416068492649	78506	Micu3
78514	537.4	698.2	-0.379922943972136	4.91730999810654	58.5806478433413	7.18688810354761e-08	1.96741061834616e-06	78514	Arhgap10
78521	4821.2	4532.8	0.0889416465463483	6.9140929107208	5.80332805980064	0.024093848299683	0.0597140746439676	78521	B230219D22Rik
78523	2261.4	2067	0.130031870142792	4.98629745067318	12.2222458068141	0.00187502388867228	0.00756393951629056	78523	Mrpl9
78541	2709.2	2739.6	-0.0149389562113063	5.31830688225582	0.135512500529852	0.716034200729602	0.805914837046073	78541	Asb8
78552	462	345	0.417013382490237	1.73953396868645	9.80628407960639	0.00457702573354456	0.0156583029473735	NA	NA
78558	45.4	51.6	-0.219284216468588	1.84915782465126	3.82663460082494	0.06226685430302	0.126940072227906	78558	Htra3
78560	575.6	559.6	0.0475199463263606	4.40207191649774	0.766071793009604	0.39017406099223	0.523686124763831	78560	Adgra2
78575	25.4	65.4	-1.46690160196181	0.193417328911798	62.9078843933702	3.87123990501816e-08	1.21377226870136e-06	NA	NA
78581	198.6	174.4	0.194905700038186	2.6332031554234	5.97321967658395	0.022311040121255	0.0561134111558413	78581	Utp23
78586	618.8	573.6	0.103873049440251	3.77136574926104	2.65944001272307	0.116087957171481	0.206010077023063	78586	Srbd1
78593	7900.2	7718.6	0.031636390957175	6.95090961711064	0.722158238767796	0.40389627665338	0.536747919925773	78593	Nrip3
78603	223.2	214.2	0.0660228122019265	3.12181611661661	0.492755760151617	0.489742386180925	0.616014662321189	NA	NA
78610	3518.2	3432	0.0358815239054131	5.43020592572437	0.899332574284816	0.35248184063262	0.485678982316862	78610	Uvrag
78611	72	69	0.0430974902847842	2.39615299387639	0.219243565604137	0.643872487538385	0.746912755608332	NA	NA
78618	5123	3736.6	0.456434539073303	6.94449971567619	168.360895691837	2.72007908650379e-12	7.86320462326515e-10	78618	Acap2
78619	332	328.4	0.0148369222320156	2.08659774803303	0.0227729082140516	0.881319601753686	0.923975109370448	78619	Zfp449
78635	71.4	88.4	-0.305157737518724	0.636194327958238	4.00713159790396	0.0568208916167568	0.118314029866272	NA	NA
78651	1013.2	981.8	0.0478431491927406	4.64968705588459	0.972833018713903	0.333886470939261	0.465335555969152	78651	Lsm6
78653	168.4	178.4	-0.0774013349073444	3.36539583020214	0.9275402379687	0.345177271129876	0.47807515110303	78653	Bola3
78655	1724.2	1697.6	0.0205068474047505	4.31938550424176	0.116006187166997	0.736392295134412	0.821262992369702	78655	Eif3j1
78656	1970.2	2073.8	-0.0743741688288963	5.96466848351236	4.97863324958917	0.0353375720733287	0.0813067919051086	78656	Brd8
78658	751.8	843.2	-0.166530182592099	4.97862000726748	17.7780051545212	0.000308517944398482	0.00175979414693594	78658	Ncapd3
78670	665.2	657.6	0.0196184863224573	4.28079608100216	0.126855702340437	0.724849460641554	0.812294472330053	78670	Plekhj1
78688	371.4	433.4	-0.230097882313378	3.86928580629836	15.9531411915962	0.000540781077733548	0.00277277392605914	78688	Nol3
78689	2125.4	2055.8	0.0472635104871881	5.5993520813699	1.83293857252193	0.188485761463368	0.300504433729486	78689	Naa35
78697	575.6	619.6	-0.101762575773112	4.28021649641814	3.27482803728	0.0829853433539717	0.158833769904351	78697	Pus7
78709	146.8	92	0.702648927989294	0.12667795726711	18.7730761140395	0.000229766552494603	0.00137917182298879	78709	Spink8
78749	77.4	64.2	0.261985982588012	1.9461507601817	5.0343977366694	0.0344154683039306	0.0796510674363009	78749	Filip1l
78751	668.2	791.4	-0.252486963139721	4.46633785193103	12.7728031041629	0.00178534527750502	0.00727732110576918	78751	Zc3h6
78752	387.6	330	0.232701650216207	4.10319221714408	13.9487951501343	0.00103648865010245	0.00469489406097799	78752	Csgalnact2
78754	43	25.6	0.734333947992616	1.43018298772308	26.76778539987	2.73635055783398e-05	0.000240579142110294	78754	Galnt15
78755	274	305	-0.153859435343822	2.41661060833665	3.43983050355649	0.0760607111619726	0.148062413769129	78755	Fam122b
78757	1095	1058.4	0.0488506037434661	5.72795779235105	0.841838521412113	0.369260466467687	0.502948622533353	78757	Rictor
78771	1198.4	1231	-0.0378139677588684	5.55891712452042	0.470674454056581	0.500165991721746	0.625272378857128	78771	Mctp1
78772	55.4	24.6	1.15506806612569	0.310609881066022	41.761548017875	1.1452935311588e-06	1.80327589317748e-05	78772	Hhipl2
78774	345.4	287.8	0.257414909769264	0.171012594710612	2.76554988419608	0.128174592906693	0.223451401021993	78774	Cfap61
78777	534.8	541.4	-0.0153097041773545	4.27076155431561	0.102140054488124	0.752062152731381	0.832782222905032	78777	Tepsin
78779	1853.2	1358	0.449846979353472	5.7143190702525	157.188679132932	5.57386486013379e-12	1.41159390092401e-09	78779	Spata2l
78781	44	48.8	-0.135008798093985	1.42210954624273	1.32894660783907	0.26042865397236	0.385403477476861	78781	Zc3hav1
78783	1273.6	1148.2	0.15007877771567	5.58540679739447	16.8887781195589	0.00040414772348519	0.00220273784079468	78783	Brpf1
78784	1010.4	1165.2	-0.207739790485356	7.48862610892661	47.4672880380889	4.15648131121901e-07	8.04254094676834e-06	78784	Celf3
78785	1051.6	989.6	0.0880502547211658	5.78220512052051	6.44637976250377	0.0180714239965443	0.0472340619251449	78785	Clip4
78787	1167.4	907.4	0.360688854300724	6.21704544695368	33.7501161418071	2.26069088203454e-05	0.000206157892800802	78787	Usp54
78795	1539	1444	0.0921946292333539	5.02182409145203	5.4324537391164	0.0285629668292906	0.0684885737476056	78795	Armc9
78796	322	325.2	-0.0199991550710943	2.42953442895736	0.0645074876933865	0.801687719254488	0.868179687877753	78796	Zcchc4
78797	893.8	903	-0.0153244823941066	5.54080959350697	0.17281606363838	0.681341781089708	0.778322461382332	78797	Ndor1
78798	2456	2212.4	0.155205901770547	5.75843255029904	12.3921379325393	0.0017662306374322	0.0072238533201599	78798	Eml4
78802	177	151.2	0.219798917662289	2.04824491175358	6.1511503722857	0.0205993920932477	0.0525306304368035	78802	Ttc30a1
78808	4403.8	4267.6	0.0449227447179725	7.33060490611144	2.16240128529817	0.154508446752369	0.258779268755358	78808	Stxbp5
78816	547	521.2	0.0780703260931319	3.71616335166361	1.32317873653002	0.261438147496249	0.386462158305459	78816	Gmip
78825	1217.4	1109.8	0.135995468943554	4.62545340370784	5.44407972206657	0.0284095949188102	0.0682113430160271	78825	Desi2
78829	452.4	394.8	0.196713387671779	5.37731473304077	18.2813805973829	0.000265532798314407	0.00155385063434674	78829	Tsc22d4
78830	7759.8	8479.8	-0.128401698954973	7.16018794767153	16.4788871517951	0.000458720682157731	0.00244301722177887	78830	Slc25a12
78832	5949.6	5813.8	0.0342262854170989	6.1591248595569	1.18093232323604	0.288039367418942	0.41562553825231	78832	Cacul1
78833	173.2	157.4	0.127877199429846	1.51037731194282	1.24107909546655	0.276376556352581	0.402855628298381	78833	Gins3
78834	50.2	46	0.122738689836533	3.17464045750058	3.32389131716269	0.0808534690451612	0.155530481977477	78834	Zfp623
78878	2258.8	1950.6	0.211572967839741	5.67185656231575	22.1600528430316	8.88807502628546e-05	0.000626980168032845	NA	NA
78885	1083.8	1232	-0.188658557883925	6.23062373846906	20.4777806956172	0.000141063662408336	0.000917612140616603	78885	Coro7
78887	919.8	925.2	-0.00272389785671072	5.0517709708365	0.00147904615002564	0.969749706631779	0.981291113109474	78887	Sfi1
78889	2074.2	2383	-0.200204602772092	6.46262228231767	26.8008598015038	2.71444230864232e-05	0.000239089269525388	78889	Wsb1
78890	431.8	399.2	0.120279910803008	3.21263761250666	2.70143454553487	0.11339185484451	0.202516479664223	78890	Trmt44
78891	2159.6	2142.4	0.0117252487957694	6.32339972991335	0.151847658319052	0.700237662716881	0.793697865190543	78891	Scyl1
78892	177	146.6	0.276920145878126	1.0078812176021	4.4680448214206	0.0451976987896638	0.0987734409292109	78892	Crispld2
78893	2626.2	2688.4	-0.0320836733725482	5.88161243765651	0.873130299966745	0.3594651458269	0.492903258787904	78893	Cnot10
78894	1705	1826.6	-0.0956017367122156	5.75459358964188	5.69032341411284	0.0253672086951496	0.0622297410861665	78894	Aacs
78895	105.4	124	-0.249359016418153	1.93905460339902	6.26619247676004	0.0195704615582651	0.0503778185864941	78895	Pus7l
78896	0.8	0.4	0.23201018858392	-0.0637599407618938	1.50274283843354	0.232229854191367	0.353071453926793	78896	1500015O10Rik
78903	1982.4	1886.6	0.0717500187832156	5.83560292603047	4.18204530740728	0.0520527134081759	0.110593843833864	78903	Wrnip1
78908	1055.4	999.6	0.0782340841925693	4.59229118887137	1.817354706512	0.190307461272795	0.303007715932693	78908	Igsf3
78912	291.2	290.4	-0.000496348983663789	4.09410157625315	8.64015709413762e-05	0.992660974581137	0.994656618828129	78912	Sp2
78913	1994	1704.4	0.228599911175391	6.1006434640499	44.565723788952	6.88422070622151e-07	1.20406646374582e-05	78913	Ltn1
78914	100.2	110.2	-0.133682745514077	2.26724111896497	1.56190125052552	0.223525430669572	0.342378422988613	78914	Nadsyn1
78919	100	59	0.763639443503049	1.94048439666548	45.0841964517987	6.28067098875957e-07	1.11910648417913e-05	78919	Fndc8
78920	5446	5217	0.0616168109464564	7.1332104423716	5.05988594039883	0.0340029894860881	0.0789144524778287	78920	Dlst
78921	61.8	62	-0.0293406697369522	1.99106665070598	0.108165353259456	0.745116216850997	0.827499792421384	78921	9130019O22Rik
78923	1574.4	1644.8	-0.0730062263211586	3.98652764651823	0.873659547578185	0.36028196142343	0.493650153608329	78923	Chsy3
78925	282	319.6	-0.18182415685593	3.33378481673601	5.51341791641803	0.0275137122604158	0.066374345284855	78925	Srd5a1
78926	793	683.2	0.214700754939995	5.91890849934228	37.1927671132419	2.75979489695279e-06	3.72456353319847e-05	78926	Gas2l1
78928	1325.6	1434.4	-0.116127626406621	6.14848088502333	10.9932102711022	0.00291875861448455	0.0107952244149846	78928	Pigt
78929	908.8	984.4	-0.113613117008889	4.63541319742682	6.12263077673064	0.0208636549304986	0.0530841100111683	78929	Polr3h
78933	393.4	441.2	-0.165369956384456	3.28539588149448	4.60314254805511	0.0423177087872223	0.0936549016705728	78933	Agbl4
78934	62.2	73	-0.207331099482503	1.47186539244608	2.57992397079081	0.121401586532091	0.213783934178221	NA	NA
78935	788.4	781.8	0.0130110376691321	3.28519327320702	0.0354835397957212	0.85218138030806	0.902574168020275	78935	Saal1
78937	3089.6	2833.8	0.124628367133561	5.94391643745499	14.514414595816	0.000859306517845458	0.00404705650340119	78937	Avl9
78938	5015.6	6231.6	-0.315936743450187	6.32645352281084	35.2287689301853	9.35570681888557e-06	9.99923433677791e-05	78938	Fbxo34
78943	145.2	130	0.151468961707794	3.48241669736787	4.71169874478133	0.0401525288980023	0.0899650678486631	78943	Ern1
79043	2708.6	2719	-0.005852565933911	5.66993946648533	0.0234279820053151	0.879638395418418	0.922863712519258	79043	Spsb3
79044	921.4	939	-0.0274872170565966	4.83705187297667	0.371344102936641	0.5480405429878	0.667344398344201	79044	Mrps34
79059	345.8	369.6	-0.0937961062802262	3.71964411897373	2.39246189925762	0.135103386440609	0.233168280311947	79059	Nme3
790910	17	9.6	0.724070470329513	0.804901892641846	33.8047529958402	5.54345133964775e-06	6.5622478020695e-05	NA	NA
791088	122.4	138.2	-0.180896667860794	3.86769810255948	9.22965773451108	0.00569805891786521	0.0186039628639764	NA	NA
791260	83.4	95.8	-0.209880838775785	2.19920517212146	5.59608083123154	0.0264865347929439	0.0643638826323488	791260	Tomt
791275	59.8	70	-0.223746938201204	2.37801707807295	5.43513356928509	0.0285275323979663	0.0684263115300705	NA	NA
791290	20.8	20	0.0411468031319039	1.82720200513268	0.113343370915757	0.739317019808698	0.823400231492905	NA	NA
791294	296.4	339	-0.208351339016156	0.40850776008561	2.00401648603977	0.169823767061436	0.276984058802301	NA	NA
791299	143.4	107.6	0.430597618964513	1.14091738068514	10.3303708469063	0.00373458206925002	0.0132889338328261	NA	NA
791312	37.8	39.2	-0.0587005664851536	0.752744302036271	0.126331015500027	0.725394567494536	0.812653315653854	NA	NA
791318	18.4	18.8	-0.0369074608579135	0.485676677225663	0.0556992097580066	0.815444551416344	0.877685274121069	NA	NA
791336	58.8	61.4	-0.0601437870984791	0.356137637348405	0.0903316977868687	0.766363053099869	0.843577150979019	NA	NA
791346	399.6	298	0.432228025909682	2.04353458234333	16.1390333556531	0.000510070927519825	0.0026548668298061	NA	NA
791383	419.6	406	0.0630314806566192	0.1299665172915	0.149142027770071	0.70278403861425	0.795872630727008	NA	NA
791396	1425.4	1301.4	0.133134724655518	4.32588351036557	6.41641571167695	0.0183116317331943	0.0476722487520875	NA	NA
791413	208.8	272	-0.384183573593457	1.7972161917751	13.9920624548658	0.0010216161038132	0.00464353432846414	NA	NA
79196	1210	1355.8	-0.164845539717014	5.25986986293682	15.183154446752	0.000691233737478805	0.00339833076242131	79196	Osbpl5
79201	57.8	28	1.03765329667831	0.220137005560425	43.4872133713681	8.35127006708721e-07	1.41345734835689e-05	79201	Tnfrsf23
79221	709.2	919.8	-0.38310097255597	5.44446303683474	57.2532905358087	9.57781241247351e-08	2.49887546227242e-06	79221	Hdac9
79233	461	449.6	0.0306972814951988	4.29472142626836	0.288077711613343	0.596432213645593	0.708419222146317	79233	Zfp319
79263	1537.2	1480.4	0.0524640611978365	4.98792169416261	1.79028401093945	0.193523669304202	0.306877796612499	79263	Trim39
79264	2276.4	1962.2	0.213494695512311	5.68017742649441	29.5906618193691	1.40458878870111e-05	0.000140595057838545	79264	Krit1
79362	459.2	507.4	-0.13803043848262	3.45672980796273	2.26840566202322	0.14700568790247	0.248749732257353	79362	Bhlhe41
79456	64.2	50.6	0.335940781320983	1.89019582564683	10.5996440116674	0.00337641944492719	0.0122159616162647	79456	Recql4
79459	2.8	3.2	-0.069574501140321	3.42651158962721	0.248305384756948	0.625994511221433	0.732938409493284	79459	Aldoart2
79464	949.6	1089.4	-0.2030153901133	4.78573652063666	20.9896897637246	0.000122324587445153	0.00081595938461024	79464	Lias
79554	672.8	725	-0.11213952244381	4.33160780772838	5.7213723526821	0.0250100430730552	0.061531091502628	79554	Cptp
79555	9378	9435.6	-0.00821914187043675	7.42878134794567	0.0921977857491056	0.764037477498182	0.842043286294985	79555	BC005537
79560	1076	1097.4	-0.0284850314182631	5.10533895889909	0.443470868409009	0.511849050829491	0.635844719928297	79560	Ublcp1
79565	187	257.6	-0.461945824934438	2.68164155639737	19.9425265282713	0.000165445985084339	0.00105160785769966	79565	Mettl27
79566	2273	1960.2	0.215388456181281	5.72367826069858	26.0270245249908	3.28095494994389e-05	0.000280775150068022	79566	Sh3bp5l
80280	618.2	745.6	-0.273298110175562	4.43601310708376	39.3645995253331	1.80196810580499e-06	2.61240190584808e-05	80280	Cdk5rap3
80281	746	677	0.142154350160228	5.06796892617465	9.01307276470422	0.00620477872043361	0.0199519180478637	80281	Cttnbp2nl
80283	867.6	941.6	-0.121349059784459	5.16073463236715	8.06909189580736	0.00907189236425954	0.0272767772560116	80283	Abtb1
80284	1002.2	1082.2	-0.114846794866167	4.88071967292986	7.28358611732225	0.0125869390972629	0.0354504321340292	80284	Smim12
80285	62.2	70.4	-0.181312404966	1.94882181272464	3.15350468678038	0.088540381789123	0.167114478764688	80285	Parp9
80286	17391.2	18180.4	-0.0637019859946184	7.66774924995188	3.26612701554109	0.0833701205101464	0.159395730403923	80286	Tusc3
80287	27.4	30.2	-0.185917438307244	0.720314265826155	1.08147217119302	0.308807975894207	0.438693809676138	80287	Apobec3
80288	356	331.8	0.10029070069966	5.44714955179491	8.10054388458556	0.00895571084035016	0.0270129057776338	80288	Bcl9l
80289	136	121.4	0.159890156241396	2.97721048669043	3.3308275109248	0.0805571831889474	0.155187728350399	80289	Lysmd3
80290	918.2	885.2	0.0467585318429571	4.15548460142077	0.793672143179835	0.381901155956311	0.515309868203185	80290	Gpr146
80291	793	603.8	0.384918055697874	3.34731190925257	24.9243609856433	4.32184356184768e-05	0.000348997650810852	80291	Rilpl2
80292	1154.4	1160	-0.0144688243022367	4.65035639778696	0.0723258084226558	0.790295326152558	0.860289851198152	80292	Zxdc
80294	568.4	481.4	0.242250470777046	4.66094697490273	33.9366325119094	5.39072247981919e-06	6.41824569384733e-05	80294	Pofut2
80297	5703	5069.4	0.170042420179184	8.31369983911892	31.893614641313	8.37400853421186e-06	9.16953934496198e-05	80297	Sptbn4
80334	1620	1835.8	-0.183540874794339	6.16483450042304	11.7655477687179	0.00271702570349662	0.0101714295566797	80334	Kcnip4
80385	2314	2380.8	-0.0422183169293551	6.55063650645206	0.938169048282442	0.34279011265516	0.475452287526886	80385	Tusc2
80509	414.2	438.2	-0.0849388278943764	4.30909843488476	2.46786162779627	0.129383559477553	0.225097492620192	80509	Med8
80515	6634.6	6705.2	-0.0155336450275081	6.81092604403231	0.242559702001447	0.626871746894672	0.733668358673327	NA	NA
80517	1018.8	1012	0.00813876971179586	5.57958152775264	0.0441320264388499	0.835394409967147	0.891130250838826	80517	Herpud2
80707	1346.6	1469	-0.119536690446909	4.46194447037159	3.7663431470511	0.0642161908907801	0.129779197865679	80707	Wwox
80708	353.6	474.2	-0.426385007303273	4.91371483494911	85.2717323692197	2.4345115163093e-09	1.39636624828312e-07	80708	Pacsin3
80718	2461.8	2428.6	0.0185992701829645	5.43970163812305	0.239029370722762	0.629378667487163	0.735508934996659	80718	Rab27b
80720	215.8	241.2	-0.158548567093467	2.91609529910695	5.06995435410281	0.033841576496736	0.0785776942463972	80720	Pbx4
80721	135.6	107.2	0.347740348159707	1.87829363232195	14.6541633560372	0.000820809174764885	0.00389877614592561	80721	Slc19a3
80732	351.6	344.6	0.0250109093074502	3.83447733154076	0.187159374422271	0.669182475109053	0.768230687264523	80732	Mynn
80733	245.8	155	0.670452577886878	3.06880231061344	72.213484172889	1.13122185985876e-08	4.59288785460633e-07	80733	Car15
80743	2224.2	2350.8	-0.080339709367774	6.02175288398022	6.03482157827105	0.0217012032694339	0.054779809999371	80743	Vps16
80744	360.8	406.6	-0.187132175720435	4.22781617905025	8.52631299195513	0.00753391081574297	0.0233981836980552	80744	Cwc22
80748	1274.2	1464.4	-0.199712343260894	5.61338093700107	28.1457582812942	1.96663913907944e-05	0.00018434372319231	80748	BC004004
80749	1378.8	1311.6	0.0708738086569632	5.39276718262348	3.13004906407907	0.0896631080757891	0.168573174314185	80749	Lrfn1
80750	2208.8	1945.2	0.180120790328138	6.11643619961781	21.3478749240061	0.000110828931584711	0.000751017992088798	80750	N4bp1
80751	2044.2	2015.2	0.0204524435857119	5.65679350992371	0.357620471677969	0.555473574422408	0.673490182133542	80751	Rnf34
80752	1191.6	1225.8	-0.0399816492959287	5.07534615298218	0.927722802753729	0.345130693344966	0.478056448644767	80752	Fam20c
80795	2922.4	2621.4	0.161993456455855	5.36828853153012	10.5799135134558	0.00340134434367492	0.0122907577858693	80795	Selenok
80837	25.8	23.2	0.125181558806043	1.74847430167958	1.47723696728068	0.236115005397705	0.357511658078611	80837	Rhoj
80859	116.6	76.4	0.601455198618363	2.77816248439676	68.6268550669989	1.79050268331567e-08	6.64899746441434e-07	80859	Nfkbiz
80860	162.2	155	0.05674035478993	2.74311406727207	0.653416480813485	0.426892365830769	0.55941090260362	80860	Ghdc
80861	30	26	0.175427179316465	0.961257890104922	1.69412827710063	0.205503822674097	0.321267672161525	80861	Dhx58
80876	124.6	130.4	-0.0914983151358352	2.37264035149971	0.812740598493752	0.376335312258448	0.509846340180299	80876	Ifitm2
80877	374.4	354.8	0.0762033409446408	5.27097992647519	3.05236033051554	0.0935008264601155	0.174098888378419	80877	Lrba
80879	14.4	16.8	-0.225317150591102	1.0982991885024	2.50279492179484	0.126830753563609	0.221509390044516	80879	Slc16a3
80880	534.6	472.2	0.175587192671641	4.56108243839284	12.3622281122011	0.00178487286994498	0.00727732110576918	80880	Kank3
80883	559.8	681.8	-0.286659874382984	4.02451573338531	19.764128785769	0.000172590058925091	0.00109078124691879	80883	Ntng1
80884	1116.6	1395.4	-0.325755599473748	4.94206217707718	50.8032339998969	2.3869102266043e-07	5.15701052546167e-06	80884	Maged2
80886	3017.2	2899	0.0594727919087211	6.254987327673	2.96707624887631	0.0979342589306584	0.180723428399875	80886	Senp3
80888	630.4	401.8	0.650366424338946	3.61429850659941	88.6750772414989	1.68203722033335e-09	1.01724543860662e-07	80888	Hspb8
80889	1240.2	1138.6	0.124786184469167	4.69994976678401	5.3757788416644	0.0293239692815255	0.0699074141506135	80889	Tlnrd1
80890	4065.2	3480.8	0.221259109851167	7.65769527493616	28.1663358734367	2.43352143617371e-05	0.000218880639940602	80890	Trim2
80891	623.4	639.2	-0.0259868595976282	4.2503197881828	0.00676233649436327	0.93591231668418	0.959909062216804	80891	Fcrls
80892	169.4	141	0.259810780699482	4.17460494679588	12.4754460106198	0.00189852647093917	0.00764594639480487	80892	Zfhx4
80898	300.6	340.4	-0.186916987513946	3.18885765068841	6.65276267174136	0.0165086744386759	0.0440658135432357	80898	Erap1
80902	207.8	252.8	-0.296667679535153	2.5482710165321	12.6940167610336	0.0015895302180192	0.00662869872223011	80902	Zfp202
80904	3564.8	3525.6	0.015059715405699	7.71700836231874	0.282052214651161	0.600276059688586	0.711704549810419	80904	Dtx3
80905	962.2	988	-0.049390380099662	2.43412495463967	0.282662926785989	0.59988406527788	0.711414857197774	80905	Polh
80906	2289.4	1995	0.199419541322179	5.81330994352619	21.2910910008911	0.000112570204523919	0.000761033552941404	80906	Kcnip2
80907	523.8	507.4	0.0376995642429269	4.08379581611316	0.482812159715655	0.493872888999138	0.619239794044048	80907	Lactb
80909	6599.4	4711.4	0.488269200940467	6.87275156979178	80.274203139191	5.42133374304341e-08	1.56719915843899e-06	80909	Gatsl2
80911	1283.6	1580.4	-0.302404698130625	5.23993994506973	63.32958327218	3.65090126102498e-08	1.16490346196148e-06	80911	Acox3
80912	4693.8	4248.4	0.143388194353388	6.95463937616325	18.3274003585113	0.000261941046519663	0.00153594153606296	80912	Pum1
80913	8607.8	7843.8	0.134748105827694	7.69299925820433	15.6786268319787	0.000589875679991103	0.00297801714236514	80913	Pum2
80914	355.6	340.6	0.0557885658239307	4.08735501852924	0.919997575353295	0.347109397812036	0.479907858013184	80914	Uck2
80915	641.8	734.8	-0.192933373945414	3.80991492314563	10.5222332781063	0.00347537187499495	0.0125285916984746	80915	Dusp12
80976	29064.6	24302.2	0.258011296773637	8.27537361600639	88.6229492124151	1.69144468368879e-09	1.01867256075158e-07	80976	Syt13
80981	420.4	208.4	1.00056731289742	4.07527918243924	105.42245128346	1.10449894670077e-08	4.53762201494238e-07	80981	Arl4d
80982	1200	865.4	0.475170563607492	5.42526899546647	103.728233485412	3.71547647543055e-10	3.3989555048021e-08	80982	Cemip
80985	19579.6	20188.8	-0.0444764188321926	8.64684097642361	3.32458911576203	0.0808236054296685	0.155514429297182	80985	Trim44
80987	2640.4	2481.4	0.0864445468981105	6.5035001016148	4.29972075919094	0.0490994282113915	0.105435022339541	80987	Nckipsd
81000	1691.2	1607.8	0.0742889088770396	5.46705171663897	3.61077021987025	0.0695751681489343	0.13808039000751	81000	Rad54l2
81003	3807.8	3928.2	-0.0455310952991949	5.89369264633459	1.24608817453801	0.275433587780964	0.402071622299652	81003	Trim23
81004	5171.2	5900.8	-0.190986070558298	6.43819014448364	25.2323446078555	3.99905834367231e-05	0.00032638277413574	81004	Tbl1xr1
81006	121.2	119	0.0364759702310804	2.05417472133406	0.127362182946274	0.724324477157978	0.811957964389748	81006	Gpr63
81018	1183.4	1194	-0.0127489259742779	5.8746411682879	0.12327412082808	0.728596169517432	0.815298565223872	81018	Rnf114
81489	3985	2919.6	0.451565416503069	5.92124815751529	87.4784687567869	3.13565580620006e-09	1.67242690121091e-07	81489	Dnajb1
81500	446	528.4	-0.251117139616966	3.92565130448161	19.6251553298128	0.000179579047796613	0.00112413839621145	81500	Sil1
81535	1671.2	1666.2	0.00784050308663334	5.39385770523405	0.0266469916154319	0.87170703681376	0.916928606556525	81535	Sgpp1
81600	38.2	33.6	0.206603975138147	0.844290328719207	2.06523193260077	0.16369651166876	0.270160924829899	81600	Chia1
81601	1805.2	1854.6	-0.0389073632041969	5.9996569212068	1.19381772363134	0.285486757571254	0.412725104414373	81601	Kat5
81630	583	708.8	-0.285101858317109	5.30215952337553	37.3538841989283	2.67245464364414e-06	3.62701027410633e-05	81630	Zbtb22
81701	29.2	39	-0.497554063474722	0.194539691602762	4.03118077449874	0.0570965760135643	0.118727364364848	81701	Egfl8
81702	2177.2	2002.2	0.11821225339126	7.51960905249038	5.19764786720684	0.0351987195411297	0.0810647374517986	81702	Ankrd17
81703	797	583	0.45046083159933	5.28714594266033	77.7469125644168	6.04225723428453e-09	2.79919186103682e-07	81703	Jdp2
81840	2983	2602.6	0.19658798883761	5.93386628233555	23.4902211325399	6.24726265832269e-05	0.000468836627535806	81840	Sorcs2
81845	158	173.2	-0.127427265296745	3.43412089578546	4.04589775095658	0.0557229268633806	0.116592238691851	81845	Gpank1
81877	36.8	40.8	-0.136246814583498	1.67901567847409	1.21801769811498	0.280773179702215	0.407950898614377	81877	Tnxb
81879	142.4	84	0.772011749624024	3.15470745627333	57.1991661269248	2.12646962472508e-07	4.72135053084122e-06	81879	Tfcp2l1
81896	2574.2	2463.4	0.0645016015501447	5.56461325131657	2.56615432399222	0.122350482024037	0.215140373135697	81896	Ift122
81897	58	91.8	-0.723918904494706	1.42686738101171	33.0691512729387	6.48623549296594e-06	7.45839680312886e-05	81897	Tlr9
81898	12562.8	12351.8	0.0242137320674927	8.26003467833638	0.784818452801101	0.384526544063581	0.517981982096459	81898	Sf3b1
81904	743.6	757.8	-0.0288591034499582	6.42894556218898	0.561081029099744	0.46115735820831	0.59065144162849	81904	Cacng7
81905	3448.8	3153.4	0.129675067202455	5.50500918134423	10.173448753965	0.00396234674167223	0.0139619112150489	81905	Cacng8
81906	183.8	263.6	-0.530617313068751	3.19716118612966	53.7745140148028	1.48728645122846e-07	3.55914542484374e-06	81906	Cyp4x1
81907	252.6	264.6	-0.0640885735586251	4.08924870508899	0.475042017014105	0.499770512228376	0.62486877812456	81907	Tmem108
81909	287.8	315.6	-0.135823161295221	4.54062284751792	6.1331353703248	0.0207658843229445	0.0528805658921493	81909	Zfpl1
81910	953	1022	-0.0999784027651889	6.02105262290656	8.40176871104873	0.00792226658156253	0.0244415029178025	81910	Rrbp1
83383	68.2	74	-0.0926809108101817	1.27351647662987	0.55620615781639	0.463088485191928	0.592553201572603	83383	Tfap4
83396	387.4	386.6	0.00114578517409048	3.8419132444204	0.000368249339655907	0.984849488182594	0.990486921548475	83396	Glis2
83397	567.4	598.6	-0.0726805670199452	5.21926224436473	2.29565793072288	0.142892492587499	0.243501606687173	83397	Akap12
83398	2048.8	1923.6	0.0894742521509088	5.84491431581271	2.17474114173463	0.157738037688341	0.262666543404064	83398	Ndst3
83409	428.4	456.4	-0.0908890059343186	4.56015058557525	3.32484691879652	0.0808125754621132	0.155514429297182	83409	Lamtor2
83410	4392.4	4150.4	0.0816604984372264	6.39403159978482	4.91792162745527	0.0363730431937963	0.0830420694860821	83410	Cstf2t
83429	1342.4	1229.6	0.126439825357117	4.62648721072546	7.05259605912022	0.013888849073438	0.0384209424894684	83429	Ctns
83431	3923	3644.8	0.105947761831318	6.74825589824896	10.379818497689	0.00366581184963491	0.0130828751789192	83431	Ndel1
83433	71.8	95.4	-0.412270868727503	3.25994450108339	29.0695103823313	1.58411842880871e-05	0.000154708430878385	83433	Trem2
83435	1484.8	1215.2	0.288698960757055	5.32429060643508	69.4923838005554	1.60006611421694e-08	6.05428157457896e-07	83435	Plekha3
83436	2021.4	2064.6	-0.0314287671941597	5.14180870609278	0.394786354494478	0.535771790471396	0.656887391591616	83436	Plekha2
83453	1965	2038	-0.0454495151051856	4.57398716659122	0.807503528737852	0.377852069614898	0.511421838581677	83453	Chrdl1
83485	1367.8	1363.4	0.0060098518637275	4.81476272248667	0.0141644916594786	0.906261601102534	0.940622230528222	83485	Ngrn
83486	4067.8	4300	-0.0800672920997726	7.39267530694066	6.32602914686805	0.0190579059873572	0.0492425765357993	83486	Rbm5
83490	15.8	17.8	-0.1699219577648	1.36838938241959	2.02932549457613	0.167257445318465	0.274252877439942	83490	Pik3ap1
83493	4028.4	3491.6	0.206813843741654	6.52384159517876	45.2980240049799	6.04869180039154e-07	1.08202711983737e-05	83493	Sacm1l
83561	153.2	158	-0.0833901659148771	0.134802960060426	0.155479127257094	0.696860879716306	0.790800593186739	83561	Tdrd1
83602	2357.6	2499.4	-0.0823857342066481	5.23520398440467	1.68437655025652	0.20947789167452	0.325849488405458	83602	Gtf2a1
83603	3007.4	2534.8	0.245490706130825	5.9055830110837	43.6907571815329	8.05032294513844e-07	1.37083788293796e-05	83603	Elovl4
83669	4611.8	5970	-0.374129652214137	6.70476125837372	95.0067205760191	8.7050631106785e-10	6.38695341125619e-08	83669	Wdr6
83671	3984.2	6166	-0.630847429440238	6.7067802338887	111.215562082824	8.58437197081379e-09	3.69776570190401e-07	83671	Sytl2
83673	407.2	456	-0.165411282732779	3.08061353370984	5.52795473162349	0.0273299068970289	0.0660406604455945	NA	NA
83674	5538.4	5695.4	-0.0391559580242758	7.12168314582938	1.53017326550395	0.22814153340949	0.34810067812739	83674	Cnnm1
83675	13.8	17	-0.30889496941499	2.35336285292406	9.38895729391303	0.00535435765309153	0.0177057619578552	83675	Bicc1
83679	10313.6	8987.8	0.198796173448758	8.35519588766888	37.2779680911955	2.71322861542325e-06	3.67215871492854e-05	83679	Pde4dip
83691	38.8	23.8	0.687665019241981	2.10226808287622	49.7915235921881	2.81647348141531e-07	5.93535988461534e-06	83691	Crispld1
83701	3597	3156.4	0.188496039169785	7.23365009416619	35.7326653502802	3.70867037540454e-06	4.71876070476208e-05	83701	Srrt
83703	733.4	685.6	0.101191808933259	3.64812160328939	3.51482868092797	0.0731337491427808	0.143526844549865	83703	Dbr1
83704	913.4	957.2	-0.068626187521688	4.87945995360295	2.67686119331299	0.114960488012525	0.204635331740521	83704	Slc12a9
83762	1325.2	1374.8	-0.050596544635265	5.87637057463222	0.641840996384701	0.434109981750107	0.566199754215489	83762	Otof
83766	2188.2	2352.2	-0.104710253608856	6.38033773256435	10.9027897789198	0.0030175553209186	0.0110840519970921	83766	Actl6b
83767	8571.6	9255.8	-0.111984701713186	7.96500616056038	13.6819888991073	0.00113358095056432	0.00504302217896482	83767	Wasf1
83768	1202.8	1181.4	0.0293722144900766	4.61690001962164	0.303180024616549	0.587022205363523	0.700744565266842	83768	Dpp7
83771	61.4	40.2	0.625131287665689	0.341286528381921	11.5959928717618	0.00234396955617526	0.00902828730254836	83771	Tas1r3
83796	565.6	484.2	0.222438698129647	4.16150616331478	18.3159938027042	0.000262826352212479	0.00153925935773062	83796	Smarcd2
83797	3794.4	4140.6	-0.12847720502771	7.40830146255806	11.9522868081616	0.00206325187112862	0.00817719839465126	83797	Smarcd1
83814	8137	6909	0.234982403314197	7.65186101560307	65.9584709195061	2.54987015111933e-08	8.68956103875627e-07	83814	Nedd4l
83815	165.4	152.2	0.108378811246299	1.80169132244368	0.900368823627068	0.352209644339973	0.485453525801835	83815	Cenpq
83921	435.6	376.8	0.211865552758538	4.14540635742676	11.4159071940794	0.00250152221027698	0.00951750514012726	83921	Tmem2
83922	1135.2	1010.4	0.17753004004468	3.25072189960717	5.40514884813216	0.0289268194394825	0.0691888545719476	83922	Cep41
83924	262.6	272	-0.0473943026535142	3.24517365342987	0.38111908546213	0.542860984111129	0.663216352323748	83924	Gpr137b
83925	266.8	309.4	-0.212275607847368	4.11733034745813	14.7350832985545	0.000799379959402129	0.00381327984594006	83925	Trps1
83945	3361.8	3305.4	0.0235024259563499	6.06388945346133	0.59400561971399	0.448450685753922	0.579207060306245	83945	Dnaja3
83946	1138.6	1047.4	0.119804557081022	5.41698374118727	2.38688701203731	0.142835619189154	0.243489331260766	83946	Phip
83961	59.6	62.4	-0.0458992568746235	1.29744008436079	0.170573441005369	0.718188568452912	0.807490655826175	83961	Nrg4
83962	6013	5653.4	0.0898203372691171	6.74797320466508	6.26672593960117	0.019565825011261	0.0503778185864941	83962	Btbd1
83964	1559.6	1372.4	0.188732645598876	4.99720206783249	18.4169451443707	0.00025510278746796	0.00150438828643896	83964	Jam3
83965	8644.8	8680.6	-0.00696010354205116	7.9484519282419	0.0614648951612114	0.80631979607933	0.871433103972681	83965	Enpp5
83997	5145	5279.6	-0.0381556528458093	6.82783928201199	1.24094250509113	0.27640232917082	0.402855628298381	83997	Slmap
84004	220	325.6	-0.570182439150039	4.01766872195479	30.161292724881	4.68078845063282e-05	0.000370921690051791	84004	Mcam
84035	735	559.2	0.394355178586264	4.92630030903937	47.2724877545824	5.26582848290799e-07	9.67917032615762e-06	84035	Kremen1
84036	441.4	393.6	0.163525174537901	4.27829304062475	11.3780512872473	0.00253609253050959	0.0096085665625126	84036	Kcnn1
84092	3434	3391.6	0.016794315586947	6.39657663131667	0.270390651655539	0.607868350170784	0.718173053242481	84092	Usp8
84094	165.6	247.6	-0.580889879462081	3.13174462865655	48.9614681892994	3.23170169377945e-07	6.54215914312159e-06	84094	Plvap
84095	7399.6	7629.8	-0.0439002182219169	6.3668318561158	1.38310738500004	0.251191110868539	0.37484165976604	84095	Pi4k2a
84113	3110.6	3091.8	0.00836865530283707	6.77542104584426	0.0780619268048661	0.782352453780159	0.854668760255341	84113	Ptov1
84505	3161.8	2996.6	0.0786029412311025	5.95238565166871	4.86999857212392	0.03721441021074	0.0845218549946631	84505	Setdb1
84585	2669.6	2416.8	0.14162948643908	6.26177204581083	13.8395338959678	0.00107510710867	0.00484400100204025	84585	Rnf123
84652	434.6	433	0.00685483376914282	4.07517657294202	0.0183545387764125	0.893371426616494	0.93226413979603	84652	Fam126a
84682	14.8	13.6	0.15033518866265	0.298401590969098	0.813640991682327	0.376075436055768	0.509589795889198	84682	Cox4i2
85030	121.6	46.2	1.38994885639802	3.25973142505669	146.438938411159	5.8711157938257e-10	4.84920615336895e-08	85030	Tnfrsf25
85031	11.4	6.8	0.625788805984378	0.288657225173994	12.3137334015579	0.00181555687733589	0.00737550846121782	85031	Pla1a
85305	1780.4	1751.8	0.0229526450767341	5.99030220558738	0.476811020487457	0.496543257066837	0.621819116066892	85305	Kars
85308	536.6	598	-0.1527287943973	3.96954552917439	6.5040499731123	0.0176188661940638	0.0463698273796427	85308	Emc9
89867	200.6	175.4	0.190441763519424	2.26694543321043	3.54276556894454	0.0720765298230397	0.142069297976574	89867	Sec16b
93671	48.6	37.8	0.344855975265621	1.78825065990013	6.83885746403875	0.0152269833527991	0.0413471383395375	93671	Cd163
93674	199.6	195.8	0.0349250695352647	1.28656814876182	0.0795049639771618	0.780404302581824	0.853473687188656	93674	Nat8f3
93679	2903.2	2822.6	0.0411024187564902	5.9684583603398	1.3617411165179	0.254783924161208	0.379185218268751	93679	Trim8
93681	92.2	92	0.00506081751761057	3.14932886191814	0.00400529753530807	0.950065638868114	0.968628676320781	93681	Zkscan8
93683	1646.4	1904	-0.213535618808863	4.95437809378671	19.5901841472236	0.000181385819989286	0.00113334096969029	93683	Glce
93684	10495.6	10983.2	-0.0645488735236881	6.92104753367897	2.49034214927753	0.127784489468576	0.222986479630424	93684	Selenof
93685	1153.4	1016.4	0.190980805915947	3.43659482382096	7.91203285366011	0.00967743019208286	0.028799171504296	93685	Entpd7
93686	20003.6	15880.2	0.332772539553186	8.66427013445476	97.0380270772754	7.09998053712253e-10	5.54719560451724e-08	93686	Rbfox2
93687	8098.8	7019.6	0.204446992445221	7.53559134632008	36.2364863911301	3.34631990484861e-06	4.33014394849435e-05	93687	Csnk1a1
93688	276.6	270	0.0236460940069049	2.23638963349237	0.0553422829552072	0.816025527932873	0.878114426797331	93688	Klhl1
93689	66.6	54.4	0.319019180618194	1.08387718463739	5.48234428403527	0.0279112466118599	0.067193397489644	93689	Lmod1
93690	743.4	729.2	0.0223664924966509	3.46360171530776	0.119193955546322	0.732940023640675	0.818884988923422	93690	Gpr45
93691	59	60.2	-0.0297660235170981	3.15693166215658	0.143206093189657	0.708465503232921	0.79982507097779	93691	Klf7
93692	1562.8	1585.8	-0.0204878873927268	4.92482654543582	0.177811398055873	0.677041452884914	0.774818460807486	93692	Glrx
93694	643	737.2	-0.194875262709174	0.523148380558346	1.12379931452882	0.299731502567526	0.428433459069523	93694	Clec2d
93695	64.8	70	-0.166144752464045	0.744225216726853	0.4962562882485	0.489730948608511	0.616014662321189	93695	Gpnmb
93696	255.2	313.6	-0.304723654781071	3.17422171044023	16.6492107126427	0.000435126531225609	0.00233890624110634	93696	Chrac1
93697	263.4	238	0.149476344685471	3.1453590741748	4.20739784493747	0.0513998748833444	0.109383656001746	93697	Ice2
93699	377.8	388.6	-0.0548172080704049	2.78747310744885	0.226485312524356	0.639273532304016	0.743918874388099	93699	Pcdhgb1
93700	76.2	74.6	0.0106854910279227	2.70381870077142	0.00460214590561552	0.946804690277324	0.966189988228497	93700	Pcdhgb2
93701	197.4	193.4	0.0258906769837889	2.36052141167619	0.0564561793458088	0.814218900800603	0.877142603912128	93701	Pcdhgb4
93702	56.8	60.2	-0.0931172127964537	2.09480232288023	0.43775185943278	0.51572276842942	0.639137176959516	93702	Pcdhgb5
93703	352.6	367	-0.0766368533400742	3.44956701982092	0.633028708587723	0.435588681635804	0.56741157213085	93703	Pcdhgb6
93704	300	310	-0.0395813299659305	2.7881389070232	0.251959576103671	0.62030627685474	0.728520917011328	93704	Pcdhgb7
93705	12.8	12.6	-0.0151711274638875	0.781253375957235	0.00829839462773713	0.928178298988726	0.955547659087112	93705	Pcdhgb8
93706	1061.4	1047.4	0.0213402601001173	5.61119890821773	0.250691788140479	0.621182702608043	0.72913551920551	93706	Pcdhgc3
93707	556.8	586.4	-0.0800842183039786	3.64748086472433	1.41666247802733	0.24567919432185	0.368639557077666	93707	Pcdhgc4
93708	2414.6	2189.4	0.136932884971663	7.07432219213246	6.68951078384381	0.0187220416989774	0.0485048199887111	93708	Pcdhgc5
93709	102	106	-0.0822785471992763	2.38241856678399	0.554814960934952	0.463642024921228	0.59305148922225	93709	Pcdhga1
93710	735	856.2	-0.23981203604052	2.95136178313384	3.87132793593963	0.0646470823213505	0.130395084904196	93710	Pcdhga2
93711	223.2	248.4	-0.155630940008354	3.87938308325195	2.53384666541808	0.12913201998256	0.224768089695078	93711	Pcdhga3
93712	507	533.4	-0.0793890999541839	3.34948594324828	0.494062760824525	0.491444811403045	0.617467255217282	93712	Pcdhga4
93713	566.4	538.2	0.0752013561537676	3.41667378901044	1.13627187727986	0.29712557637455	0.425323783398959	93713	Pcdhga5
93714	1989.8	2567.8	-0.381614275521422	3.81831742042709	18.239922641764	0.000378537036496278	0.00209310417961638	93714	Pcdhga6
93715	317.8	332.2	-0.0682492088908105	3.49673403568592	0.30299933163632	0.589842118154349	0.702734749077066	93715	Pcdhga7
93716	160	164.4	-0.0485036139864546	3.19530210077631	0.0782938182594235	0.784092301584116	0.856022987540593	93716	Pcdhga8
93717	85.4	91.8	-0.124017901611053	3.21479614987189	0.603637423134205	0.450733133141121	0.581340037291886	93717	Pcdhga9
93722	329	333.8	-0.0292834350322985	3.2530650386861	0.156241378554577	0.696157913322051	0.79041124167642	93722	Pcdhga10
93723	490.2	483.2	0.0166851575161166	4.22513997447632	0.0745721866213643	0.787145661915287	0.858024388938428	93723	Pcdhga11
93724	454	447.4	0.0194846891436761	4.1580158631817	0.0803529749269265	0.779339222080893	0.85268232520599	93724	Pcdhga12
93730	1274	1201.4	0.0882355244536114	4.98863104167101	2.98145646272341	0.0971699356178327	0.179513874386916	93730	Lztfl1
93734	591.8	596	-0.0091566034079347	5.49951156179555	0.0443064828000261	0.83507434395782	0.891016587783905	93734	Mpv17l
93736	2734.2	2351.8	0.217229660485413	7.41378096376992	49.7150191575031	2.85220988701602e-07	5.98343130724666e-06	93736	Aff4
93737	163.4	199.4	-0.296398441242995	2.65813147415213	9.94680603634671	0.00431860180313536	0.0149726722145643	93737	Pard6g
93739	4272.4	4147.4	0.0454016134239459	5.28854695959545	0.842393681681168	0.367911946175534	0.501489934932211	93739	Gabarapl2
93742	439.4	377.2	0.220281677568745	3.85846049475882	13.4169334466139	0.00123993814780034	0.00543752002072396	93742	Pard3
93747	1697	2005.6	-0.245084386264299	4.95341967957309	27.5394318823774	2.27165809336428e-05	0.00020689695073401	93747	Echs1
93757	386	428.4	-0.162759551638898	0.953678258658079	0.970235385255633	0.334519969793682	0.465997447182866	93757	Immp2l
93759	649.4	559.2	0.213904871179516	4.17960301580394	12.42382306441	0.00174671348695658	0.00716312738189676	93759	Sirt1
93760	4074.2	4019	0.01872009076342	7.3615581870078	0.359599531336372	0.554389729453616	0.672639062328764	93760	Arid1a
93761	1173.2	1210.2	-0.046422362056797	5.21679461595025	1.20507974242414	0.28328025987639	0.410356070981494	93761	Smarca1
93762	1308.2	1170	0.163210388395254	5.21829984564789	13.082729908859	0.00138983900366902	0.00593463307504637	93762	Smarca5
93765	7712.6	7446.8	0.051543128339046	6.91635279686789	2.86238628220896	0.103713752578481	0.189110455376481	93765	Ube2n
93790	1167.6	1045.4	0.165376847606522	4.43549844379564	7.31335564140585	0.0124291836276125	0.0350676205648079	93790	Nipa2
93834	330.6	347	-0.0690892998607587	4.26174584300781	1.27226854561859	0.27057320917377	0.396880978830696	93834	Peli2
93835	131.2	190.8	-0.593486738364846	1.95075204956132	12.0040758313323	0.0027858975197982	0.0103915774841711	93835	Amn
93836	2320.6	2170.4	0.0962730001186319	5.52847890642925	7.03538475063739	0.0139916478864917	0.0386535318332092	93836	Rnf111
93840	18.8	29	-0.615038532482455	2.47030078198878	35.8016353449512	3.6566441370108e-06	4.66900480179807e-05	93840	Vangl2
93841	160.4	153.6	0.0630606286323478	3.13993457017258	0.907443138552446	0.350359339073204	0.483353430081521	93841	Uchl4
93842	27.8	32.6	-0.225742208703114	2.50449970837146	3.93951275260426	0.0593281628324956	0.12206822285849	93842	Igsf9
93843	3069	3294.6	-0.10103290206733	5.7754855097777	5.24706133300659	0.0311377562096353	0.0733363415763515	93843	Pnck
93871	3943.8	3678.4	0.1017559041208	6.79075988499978	7.98648151389075	0.00938502446472297	0.0280560793408699	93871	Brwd1
93873	5.4	6.2	-0.177452257317712	0.598586816629047	0.67176440086419	0.421499188020573	0.554505257454206	93873	Pcdhb2
93874	52.2	46.8	0.170454460259569	2.33452974495342	2.73976546983527	0.110994687451842	0.199219820244496	93874	Pcdhb3
93875	19.2	19.8	-0.0695776295840515	0.618202421043067	0.113128275712102	0.739831986127324	0.823719883491322	93875	Pcdhb4
93876	87.2	86.4	0.00858404778307672	2.25771822775802	0.00837586329533052	0.927844805733927	0.95534042043583	93876	Pcdhb5
93877	73	70.8	0.0209112532745391	0.722995471883875	0.0169447917580896	0.897523096202814	0.93551588898215	93877	Pcdhb6
93878	131.4	144.4	-0.1351162162956	2.54753174192905	1.66726744404764	0.209045554113169	0.325297937926829	93878	Pcdhb7
93879	161.6	141.4	0.192508386070859	1.18052302589175	1.94552331317963	0.175939984833156	0.284647027174664	93879	Pcdhb8
93880	511.4	565	-0.154294000834412	3.51450625211511	4.53651252880797	0.043711481111137	0.0960337054233734	93880	Pcdhb9
93881	77.2	74.2	0.0357927190331047	2.01806464483685	0.0742700647920943	0.787701438442776	0.858435994213366	93881	Pcdhb10
93882	108.2	127.2	-0.233716983885098	1.76887578869733	3.82092923599576	0.0624484099420238	0.127166711369683	93882	Pcdhb11
93883	288	302.8	-0.0908582628325851	3.08413806739539	0.915624251775232	0.348698220357158	0.481567368339611	93883	Pcdhb12
93884	93.2	110.2	-0.240094543900277	2.04413964987007	4.56079303760846	0.0431976905714312	0.0952145401309255	93884	Pcdhb13
93885	73	72.6	0.0119724356551366	2.62545189473479	0.0253064430996163	0.87494675303386	0.919435768251006	93885	Pcdhb14
93886	149.4	129.8	0.196652026232764	1.38320217553192	2.95328266623293	0.0986739560684451	0.181593246882265	93886	Pcdhb15
93887	38.2	41.2	-0.0845710170826818	1.76869503596305	0.521992144382544	0.477026036137009	0.605031092166052	93887	Pcdhb16
93888	566.8	568.6	0.0008238077893701	4.09426625218797	0.000135139452392254	0.990825068371169	0.99371953429762	93888	Pcdhb17
93889	38.2	36.8	0.0687992993482464	2.29032063377975	0.378994106704533	0.54397906053264	0.664133232615828	93889	Pcdhb18
93890	69	69.4	-0.0095212565190174	2.18628214584218	0.00835811980675685	0.927921051494656	0.955350871023845	93890	Pcdhb19
93891	340.6	359	-0.0703414110782403	3.73953736380386	0.974529170631851	0.333473721423303	0.464939632434882	93891	Pcdhb20
93892	2.2	2	0.113859383366408	0.446943261684982	0.538950688657337	0.470797774781032	0.599446003936314	93892	Pcdhb21
93893	70.4	76.4	-0.134583885085296	2.6678890127875	2.38929449519929	0.135350143338683	0.233454769906602	93893	Pcdhb22
93896	118	120.2	-0.0158238997952236	1.15825270656994	0.0110346027522987	0.917218945005573	0.947843185179849	93896	Glp2r
93897	4.6	11.2	-1.2149205469657	0.598176639665101	37.1372707984253	2.79059215681421e-06	3.75211339856675e-05	93897	Fzd10
93960	164.2	199.2	-0.279677176153975	3.7597197709843	21.2202837794851	0.000114783278673889	0.000773102287955451	93960	Nkd1
93961	661.4	521	0.338664862896211	4.88602507766044	35.8573831797884	3.85023665518612e-06	4.86888194348734e-05	93961	B3galt5
94040	4126	3437.8	0.263150606939095	6.40803462023549	36.9802461755251	3.08000365360944e-06	4.05080735298188e-05	94040	Clmn
94041	35.6	26.2	0.436104746918609	0.788959474522489	8.27074386285122	0.00835472671927465	0.0255304904863416	94041	Allc
94043	1866	2010	-0.108180715582117	3.49775729753952	2.19036691100141	0.151979748115632	0.255521144499632	94043	Tm2d1
94044	3168	3008.2	0.0755179454207279	5.86802584357878	4.92649923042484	0.0362247080585828	0.0827758117582966	94044	Bcl2l13
94047	7176.4	6600.4	0.121924122932022	6.59260336702768	9.89882939898006	0.00439842959113046	0.0151838789850011	94047	Tmem121b
94061	1424	1431.6	-0.000197124425308713	3.66929875463408	1.06483563360279e-05	0.997423533062559	0.997768686198784	94061	Mrpl1
94062	2184.2	2385.6	-0.127336284123593	5.5290242728613	11.321512246864	0.00258870068546574	0.00977968628011546	94062	Mrpl3
94063	875.8	943.8	-0.111745552932124	4.58844890501973	3.72496486471145	0.065594185577326	0.131955234284575	94063	Mrpl16
94064	803	799	0.0118539552596679	3.87268239683345	0.03554367820652	0.852057706058443	0.902561756391395	94064	Mrpl27
94065	537.2	531.8	0.0111031711855621	3.64171529747445	0.0213707335753286	0.88500344432886	0.926676310078915	94065	Mrpl34
94067	410.8	404	0.0213873101385862	4.69879949999185	0.145906923538159	0.705863972096508	0.798147991874655	94067	Mrpl43
94089	306.6	295.4	0.0568116972544707	4.21976591001754	0.930423703802825	0.344442644118974	0.477332116787694	94089	Trim7
94090	24963.2	19186	0.377969129631896	8.5358435711196	95.8424956729375	1.25970610185326e-09	8.17260517517373e-08	94090	Trim9
94091	230.4	232.2	-0.0129178399532842	4.55242935437412	0.083692024762505	0.774857674324318	0.849695269032175	94091	Trim11
94092	40	32.2	0.320940259430113	0.914038803631771	5.41348701441528	0.0288151637895018	0.0690017192533894	94092	Trim16
94093	2540.2	2483.6	0.0322089685428595	6.24508271312646	1.09289627530464	0.306322055872876	0.435991080099395	94093	Trim33
94094	189.6	213	-0.161189527957578	0.867896682461225	1.02176895036795	0.322256490641311	0.453332364129861	94094	Trim34a
94109	1447	1457.4	-0.0134440312937714	6.76713574796756	0.0928674094257097	0.763340859171107	0.841501630552454	94109	Csmd1
94112	1264	1226.4	0.0418374459959802	6.21438844533299	1.08441111794452	0.308165848972875	0.43802037378837	94112	Med15
94176	84.4	94.2	-0.176674231372564	2.28297820981762	2.69481693417849	0.113811811309318	0.203090854403073	94176	Dock2
94178	1162.8	1226.6	-0.0799018022544507	6.17548533365119	4.08039814554444	0.0547659416754705	0.114955986200588	94178	Mcoln1
94180	5312	5060.6	0.0713928217793094	6.98453735629862	4.20907659304272	0.0513569738703283	0.109324550857397	94180	Acsbg1
94181	794.4	835.4	-0.0694716589392297	2.81461645172555	0.716890161577556	0.405590980732474	0.538676103602607	94181	Nans
94184	1809.2	1816.2	-0.00785142555903209	6.42829501036893	0.0557699539564702	0.815329633778463	0.877626938236067	94184	Pdxdc1
94185	2823.2	2327	0.278102979494533	6.44134349699738	45.5326593219014	5.80478440621158e-07	1.04486119311808e-05	94185	Tnfrsf21
94186	4197.2	3989.6	0.0721153806793134	6.56543973839519	5.73066522467899	0.0249042344191585	0.0613543215092069	94186	Strn3
94187	467.8	481.4	-0.0397483329143163	3.77606062674084	0.322958419219335	0.575153084731935	0.690586429978055	94187	Zfp423
94190	2959	3193.2	-0.110985518270555	5.59041030389272	10.5539074505342	0.0034345050324011	0.0124012829723521	94190	Ophn1
94191	136.6	167.2	-0.297559042555083	2.98599402322811	16.0201580059824	0.000529483549716186	0.00272548263091088	94191	Adarb2
94192	558.2	652.6	-0.233305918176998	2.97676245202316	8.43901712372748	0.00780386069744005	0.0241380275028458	94192	C1galt1
94212	492.4	450.8	0.13904613716804	5.04927438684015	5.98873927339068	0.0225314861219453	0.0565399479872564	94212	Pag1
94213	2810.2	2772.6	0.0213879260873965	5.83465179117888	0.300874693791732	0.588438512559792	0.701775665630688	94213	Ddx50
94214	17024.8	16100.4	0.0798874109742118	9.08965317654669	5.20815048602876	0.0317104467004552	0.0744546453229986	94214	Spock2
94216	62.6	58.8	0.0968038216739664	1.16245319927516	0.557945769975134	0.462397839119915	0.591826650725162	94216	Col4a6
94217	431.6	451.6	-0.0613784933587488	4.78143049907229	0.91608143923189	0.349130844419434	0.481934602735031	94217	Lrp1b
94218	783	828.2	-0.0828514535455804	4.82094113013669	3.76645780612713	0.0642124184964943	0.129779197865679	94218	Cnnm3
94219	1202.6	1210.4	-0.0122866164088763	5.02492104232848	0.0804786349751478	0.779100604744395	0.85268232520599	94219	Cnnm2
94220	1158	1020.2	0.181503617497229	4.14382126152336	10.7039884510271	0.00324788428503225	0.011792243018301	94220	Cnnm4
94221	2534	2467.2	0.0374114822178278	6.15210515853933	1.08930042869601	0.307101591519526	0.436722393134911	94221	Gopc
94223	1421.2	1271.8	0.158055163121734	5.23948331139193	11.9699497696548	0.00205032530753926	0.00813488937556202	94223	Dgcr8
94226	153	179.8	-0.230632029278066	2.68665678582648	7.08173536820934	0.0137167030139615	0.0380978526832819	94226	S1pr5
94229	7410	7253	0.0293183513301407	8.14012365344807	0.597107654555684	0.447388229621581	0.578224335055818	94229	Slc4a10
94230	2750.2	2678.4	0.0388897900873264	6.32144990716701	1.33467148702583	0.25943167995115	0.384111933235113	94230	Cpsf1
94232	5942.8	5804.4	0.035565976514928	7.37376600656428	1.21582864027038	0.281195301823466	0.408312020924365	94232	Ubqln4
94242	199.8	114.4	0.812572597358455	2.69219383877715	97.7045127157529	6.64572535228475e-10	5.3427529787183e-08	94242	Tinagl1
94245	1803	1647.4	0.127398612030177	5.82629957992366	11.0297242192121	0.00287986955953565	0.0106787159090632	94245	Dtnbp1
94246	1013.6	1033.2	-0.0271671564284551	5.72875386117679	0.537957308386667	0.470437041140723	0.599241250722007	94246	Arid4b
94249	6930.4	6988.6	-0.0135505985443147	7.23506640486102	0.157947246937302	0.694591907414066	0.78946539512172	94249	Slc24a3
94253	1799.4	1810.8	-0.0146743652127055	6.28037447451036	0.109497436604862	0.74367876440199	0.826600618588055	94253	Hecw1
94254	610	667	-0.131200918025395	3.59612939015884	5.50892495937292	0.0275708000006066	0.0664512828428828	94254	Rcc1l
94275	10169.8	10387.6	-0.0318475773432793	8.9722430365913	0.934107788176052	0.343507237310928	0.476264135068792	94275	Maged1
94279	400.2	425.6	-0.0907011691221873	2.67790214440674	1.24956944516559	0.274780721787036	0.40134201219784	94279	Sfxn2
94280	3868	3590.4	0.10764922902757	7.08013517525374	13.0753116684617	0.00139338305658015	0.00594625293764675	94280	Sfxn3
94281	645.2	668.6	-0.0524431110140843	3.79792581730137	0.706605745049524	0.408930566900689	0.541966111680043	94281	Sfxn4
94282	8908.8	9617.6	-0.10922018475703	7.20311638343565	6.21916157005926	0.0207176046905671	0.052804136518684	94282	Sfxn5
94315	1225.2	1170.8	0.0663862318410659	5.38222001101257	3.70646527439562	0.0662211270427227	0.132791366575404	94315	Prcc
94332	16602.6	17525	-0.0788073951501413	9.04766818852018	7.54747330182183	0.0112618816542272	0.0323681124339234	94332	Cadm3
94346	183	238.6	-0.410128027331144	1.62067787648003	8.20614351310688	0.00857744646199898	0.0260712245732932	94346	Tmem40
94353	1007.4	1055.6	-0.0697135930075266	5.58700167859171	1.95842307568139	0.174965589665347	0.28352557976557	94353	Hmgn3
96875	13.8	10.4	0.28460411050876	3.68721007981831	1.79212901773379	0.206630463934152	0.322343352638754	96875	Prg4
96935	4811.2	4794	0.00533581359968453	7.04522501828679	0.0388800588298666	0.845359045912008	0.898491519171329	96935	Susd4
96957	2142.8	2119	0.01472987335988	5.06014716863189	0.139152091550587	0.712423869895688	0.803102060167858	96957	Tmem62
96979	743.6	843.4	-0.188362518046172	4.98486627669303	14.6151216223176	0.000831371414074026	0.00394246798524474	96979	Ptges2
97031	383.8	347	0.146466568362185	3.7044618987278	4.83709997290155	0.0378046146291071	0.085727627839522	97031	Tprn
97064	479.2	448.8	0.108042713915755	4.1075977777607	1.99821520291687	0.172010989071441	0.279573466326167	97064	Wwtr1
97086	188	189.4	0.00221377453310199	2.4888453734201	0.000426753626564047	0.983690914478055	0.99006117107902	97086	Slc9b2
97112	880.6	867.2	0.0212676829026031	4.16462324758127	0.106531287289229	0.74697828328649	0.829058136114791	97112	Nmd3
97130	991.8	971.6	0.0290582820857798	5.12150568976542	0.392843974083056	0.536768722843789	0.657942259157405	97130	C77080
97159	627.4	607	0.0497869005152129	3.84304773501441	0.697383572553871	0.411960861206534	0.544477342323306	97159	A430005L14Rik
97165	37.2	35	0.0997530453758011	0.986774716556163	0.368216345832551	0.549717770770799	0.668840484844858	97165	Hmgb2
97212	1429	1388.6	0.0427652409350687	5.81737064264521	1.64313835134742	0.212230234407588	0.329430711152343	97212	Hadha
97287	486.6	475.8	0.0299469920345147	4.03027077353004	0.333603628549542	0.56896390493486	0.685202823023536	97287	Mtmr14
97387	12387.4	11302.8	0.131616576335448	8.12132256692145	21.6569792206791	0.000101849483712996	0.000700681788475796	97387	Strn4
97423	14.4	19.2	-0.460099029871129	0.929730499587355	8.79970971764497	0.00675270828270841	0.0213294679891319	NA	NA
97440	13.6	21.6	-0.626332031181469	1.13299504271558	17.6992456908176	0.00031590332819342	0.00179342761418213	97440	B3gnt9
97484	1234.8	1224.6	0.00972305100524257	4.6490521544285	0.0388661346396581	0.845386367827365	0.898491519171329	97484	Cog8
97487	15483.2	14427.8	0.102922016515753	7.56906025311931	10.0748939010162	0.00411314557245267	0.0143880460078003	97487	Cmtm4
97541	1794.2	1929.4	-0.106411560209236	5.83665651435482	8.89137106386918	0.00651106633532604	0.0207338516877732	97541	Qars
97761	4155.6	4273.6	-0.0402925052738089	7.3116565148806	1.92446468970457	0.178207272443088	0.287735468710053	97761	Sgsm2
97775	150.4	114.8	0.394244896344587	2.68237286949835	16.6549239154464	0.000434358358287703	0.00233564572570329	NA	NA
97820	4664	4171.8	0.161738624763439	6.74856977603012	26.6477648750363	2.81747848218311e-05	0.000246661623146424	97820	4833439L19Rik
97827	10384.2	9615.2	0.113125034325463	7.26984396264512	9.8828501282371	0.00442537504149497	0.0152513998211179	97827	Exd2
97863	3083.2	2760.6	0.163270627730548	4.98907185118926	9.2576780445894	0.0056358895693566	0.0184426415747069	97863	Fam8a1
97884	1200	1399.4	-0.228061964163104	4.39626487771682	19.6804955350808	0.000176759780332171	0.00111075453767138	97884	B3galnt2
97961	349.2	318	0.133653855273931	4.06406084233648	7.00425744316968	0.0141797040058998	0.0390164556827101	97961	Nol12
97998	51.6	45.8	0.199762421872105	3.22571031374639	1.56590433596118	0.231822970063925	0.352638308703848	97998	Deptor
98053	954.4	974.6	-0.030713023854727	6.04055283914046	0.700935567580383	0.41078968425449	0.543582724179658	98053	Gtf2f1
98170	9535.8	9231.4	0.0472691678968584	8.22655382615543	2.02541956512068	0.167650426350945	0.274710266690462	98170	Tmem132a
98193	6308.4	6577.2	-0.0595718527165576	7.50074615050947	4.32372622612215	0.0485204566729887	0.104424461100563	98193	Dcaf8
98221	4810	4793.4	0.00329503115064967	4.65375063081326	0.00457498293817354	0.946637777454897	0.966123307841915	98221	Eif3m
98238	4909.8	4518.6	0.118031007907308	6.58972933808041	10.3842720581104	0.0036596863600704	0.0130674670574253	98238	Lrrc59
98258	5344.8	4956.4	0.109543605580738	5.18253314773799	4.35271973555186	0.0479173008093772	0.103357210252013	98258	Txndc9
98267	1166	1309.4	-0.164457974582895	3.13712326262995	4.83519709569316	0.0378390719243127	0.0857690586695978	98267	Stk17b
98303	96.6	115.8	-0.269723756653478	1.98500472532227	6.51622321292129	0.0175249508888977	0.0461748723744257	98303	D630023F18Rik
98314	680.8	622.4	0.134339308486642	2.76019259401009	2.50331229608773	0.126793394391526	0.221497670115436	98314	D2hgdh
98363	204.8	223.2	-0.119462119377794	3.84785805026181	3.63695136147213	0.0686386837697152	0.136586634955603	98363	Efhd1
98366	3407.2	3884.6	-0.191861627078875	6.05241709075661	22.5140988695557	8.08340156772514e-05	0.000577831287140945	98366	Smap1
98376	171.2	175.2	-0.0397775233685617	3.4572284452007	0.377961056521575	0.544524182419472	0.66463034391919	98376	Gorab
98386	605.4	594.6	0.0230375272872544	3.64219694950709	0.108244732785198	0.745026161068045	0.827498448523264	98386	Lbr
98388	5526.2	5271.4	0.0700786850453842	6.22332001945482	3.82359400626821	0.0623635371106431	0.127047577927729	98388	Chst10
98396	1095.8	846.2	0.371745828132867	6.10936985516348	119.211479807868	9.38585711667242e-11	1.28959932016987e-08	98396	Slc41a1
98402	833.6	768.6	0.118899196875379	4.32287815742528	4.96240918045596	0.0356110148754444	0.0816888762116607	98402	Sh3bp4
98403	893	916.4	-0.0363179814130343	4.70466735410518	0.570650565900622	0.457404543328564	0.587621124279714	98403	Zfp451
98404	1865.6	1834.8	0.0257191560228012	5.30065082331399	0.362370731557542	0.552878905636779	0.671708136679331	98404	AI597479
98415	10333.8	10923.8	-0.0792251896538745	7.03580282292333	3.82990884262209	0.0622296392675026	0.126931053801845	98415	Nucks1
98417	1764.6	1607	0.134646992365749	4.71213405493327	7.94579343901809	0.00954360743684106	0.0284419179158971	98417	Cnih4
98432	2231.6	2401.2	-0.105346797999416	6.4851387254068	9.82194568544548	0.00452974723818118	0.0155264260050646	98432	Phlpp1
98488	1061	1047.2	0.0108071335920427	4.74428097954815	0.0439102267970645	0.835802291085432	0.891300451184066	98488	Gtf3c3
98496	5040	4320.8	0.222278340130466	5.37930477271424	26.860222568103	2.67559704564142e-05	0.000236243614524747	98496	Pid1
98660	37093.8	34623.8	0.101654309909399	10.1417717476719	7.81922909216267	0.0101946840564434	0.0299317414893019	98660	Atp1a2
98682	6588.6	6456.8	0.0282759191553656	7.08723953182866	0.487820137648245	0.491720441042316	0.617652494553371	98682	Mfsd6
98685	1018	904.2	0.170951925054787	5.00576820718972	16.0887820990944	0.000518180849514233	0.00268162764012844	98685	Trmt1l
98710	1261.4	1124.6	0.164829704422003	4.56142221197657	11.8565056122718	0.00213491727339913	0.00837852138737743	98710	Rabif
98711	210	203.2	0.0526123950363907	3.23099554165157	0.634947808151337	0.433415931427798	0.565651816962293	98711	Rdh10
98732	4720.8	4628.6	0.0294625214845513	6.94566586771225	0.619808008082651	0.438881146169475	0.570161452278344	98732	Rab3gap2
98733	655.2	614.6	0.0937807048690435	4.90776392160106	4.04999101597271	0.0556084027824025	0.116386309559346	98733	Obsl1
98736	77.8	98.4	-0.347544514338651	1.35234760197102	8.26753700209844	0.00836563161188023	0.0255584103399106	NA	NA
98741	530.4	576.4	-0.134671460340754	3.33044705290083	3.95335838006642	0.0583847013396849	0.120538847759435	98741	Kcnb2
98758	617.6	617.8	-0.00166980323328332	4.70043061396604	0.00092027035243632	0.97605182614814	0.985174183597242	98758	Hnrnpf
98766	2125.4	1940	0.130230899712479	5.29141354296661	9.74263189741996	0.00466973116973319	0.0158964423757239	98766	Ubac1
98828	4024.4	3835.2	0.071034893282579	6.00468444760429	5.01759149509292	0.0346905061645896	0.0801112919161173	98828	Cdc123
98845	58.8	62.2	-0.0625968520426919	1.92817633760585	0.416950051977972	0.524634001538367	0.647073970324733	98845	Eps8l2
98878	358.6	344.6	0.0490393341884625	3.51955463643472	0.48036815119369	0.494957414424654	0.620263088962541	98878	Ehd4
98910	377.2	414.2	-0.125142765224902	4.28213022928818	4.29697965123329	0.0491660332197821	0.105546687087291	98910	Usp6nl
98932	87.2	98.4	-0.174000747332461	3.43837215826415	6.89100780616374	0.0148878320368893	0.0405863304906068	98932	Myl9
98952	2956.6	3218.8	-0.122720380943937	6.43726696395503	18.4778504241399	0.000250562714077079	0.00148245332348346	98952	Fam102a
98956	1215	1190.6	0.0307974643436237	5.56711012242592	0.727615044470602	0.402152100490887	0.535042936348976	98956	Nat10
98970	442.4	449.8	-0.0289560762872079	3.16359944747195	0.117345300786404	0.73493566820331	0.820417064273297	98970	Fibcd1
98985	399.4	345.8	0.213394558111961	2.56725692671041	5.60481987956911	0.0263804617493287	0.0641924569233665	98985	Clp1
98999	3832.4	3865	-0.013105545199628	6.77151440427527	0.123789309715573	0.72805347766562	0.814811069777691	98999	Znfx1
99003	242	261.6	-0.110121648219193	3.9414562767051	3.44658007585063	0.0757918773298959	0.147640942712441	99003	Qser1
99010	2583.4	3166	-0.294516595250283	7.09709231552935	82.3092698609764	3.39135718218694e-09	1.78101729218105e-07	99010	Lpcat4
99011	780	768.6	0.0219087559048039	4.3235921688691	0.182836619783232	0.67278696082649	0.771537823848468	99011	Pomt1
99031	4429.8	4268.6	0.0542756210326176	6.61058309038122	2.06093197737255	0.164118090503768	0.270671255150783	99031	Osbpl6
99045	707.2	702	0.0127980262578636	5.03054006121079	0.049195727802402	0.826460666630821	0.885126146671746	99045	Mrps26
99100	49.4	44.2	0.148487481207344	2.33664558312927	2.48592397939034	0.128056132891718	0.223325693148757	99100	Cep152
99138	16887.2	16777.8	0.0118316253463214	6.87445116231602	0.085466646759946	0.772552355629394	0.847936194719968	99138	Stard7
99151	66.8	96	-0.518759146987061	2.3725670434928	44.4012139465768	7.08865215073205e-07	1.22705842139738e-05	99151	Cercam
99152	4136.4	4257.8	-0.0432541752012949	6.4908396364159	1.5600558210181	0.223790678668666	0.342546909824938	99152	Anapc2
99167	3108.2	3543.2	-0.190505881513573	6.72659589691771	26.3221088794823	3.05106275528482e-05	0.000264230443768046	99167	Ssx2ip
99237	4171.4	4244	-0.0250160836374744	6.81556813703703	0.616333856305673	0.440150614167877	0.571526849158872	99237	Tm9sf4
99296	1051.8	1173.4	-0.159988165949867	6.65161020171601	16.4333673082853	0.000465259706924348	0.00246874588982545	99296	Hrh3
99311	1292	1365.2	-0.074141361012753	4.28531990631485	1.97120388690791	0.173222363690909	0.281131377137705	99311	Commd7
99326	7641.8	7614.8	0.00487457670799563	7.08229815250568	0.0174761449612036	0.895938343582404	0.934470545399052	99326	Garnl3
99334	447	405.2	0.141871051938409	3.19026469811456	3.31190507250227	0.0813684256331206	0.156416973547164	99334	Zscan29
99349	125.2	126	-0.0158219530376867	2.2272381676215	0.0304289645396902	0.862994366795196	0.9110890787859	99349	Dnajc24
99371	2726.8	2778.6	-0.0238927705209024	6.81830021898274	0.357553029179045	0.555510581942444	0.673490182133542	99371	Arfgef2
99375	2764	2670.8	0.0496292922419755	6.30250264793696	2.68523291399143	0.114423247042712	0.203854753205395	99375	Cul4a
99382	432.8	410.8	0.0738810513564712	3.53850288253508	1.22140222601479	0.280122177376987	0.407127800866053	99382	Abtb2
99412	3124.4	3321	-0.0884912653107544	6.97873010324014	8.81896634004459	0.00670113756756586	0.0212082860524626	99412	Golga2
99470	3665.8	3627	0.0155273086619797	6.53495988632311	0.315854440416903	0.579359411838595	0.694078817962292	99470	Magi3
99480	924.4	830	0.155873491798743	4.69135243377134	8.97778101829373	0.00629193703067484	0.0201827913540555	99480	Dnttip2
99512	9211.6	9102.2	0.0167755596896924	7.36720854746353	0.317163790619682	0.578579447607341	0.693374291992083	99512	Wdr47
99526	331.4	263.6	0.326085710027604	4.25061566355893	19.3301044255219	0.000248732044144283	0.00147343154346782	99526	Usp53
99542	21.2	28.8	-0.468032404490327	2.01262759578452	28.8177733588537	1.67963498079075e-05	0.000162499625249996	NA	NA
99543	364.6	348.2	0.0718510863351106	4.19215271206281	1.68961968599384	0.206087786797284	0.321788146307437	99543	Olfml3
99586	435	418.4	0.0603900630818257	1.80143267312988	0.323740546950463	0.574693753284321	0.690262881001461	99586	Dpyd
99633	3596	3770.8	-0.06979121916085	7.39474840658256	2.59679678606235	0.121483964395282	0.213876884454251	99633	Adgrl2
99650	5859.2	5960.8	-0.0184434989884038	4.85280690188159	0.13531538752936	0.716231300190236	0.806073908973735	99650	4933434E20Rik
99681	188.4	209.4	-0.149063291928274	3.16698057485005	3.81035254697275	0.0627865735795417	0.127631253981173	99681	Tchh
99683	2555.4	2512.6	0.0228042293855893	6.31072696637381	0.539283213040364	0.469896643863173	0.598878942809126	99683	Sec24b
99696	2025.8	1749	0.214671503080668	5.33935173781029	26.5897770351512	2.85760804737774e-05	0.000249570191642283	99696	Ankrd50
99712	3980.6	3614.6	0.141814766868315	5.21553001615775	8.80570474119735	0.00673660658831254	0.0212879124677458	99712	Cept1
99730	996.2	900.6	0.15348794336327	4.1298757026065	7.36137245731682	0.0121793069175893	0.0345108218362743	99730	Taf13
99738	4900.6	5317.2	-0.117055523246494	6.35019679564316	9.99577493285386	0.00423875645760986	0.0147418156492524	99738	Kcnc4
99870	300.4	439.2	-0.554947887911452	4.19123734340153	57.2035115667351	1.55491291192951e-07	3.70258834086148e-06	NA	NA
99887	3202.8	2946	0.121148879545648	6.36462089181031	11.7304005711824	0.00223344983886547	0.00868737458852572	99887	Tmem56
99889	439.8	412	0.0954249323213512	4.10069210248274	2.6553119824587	0.116357010729392	0.206358801605231	99889	Gm37240
99890	583.4	603	-0.0489224222962769	3.66299784263746	0.536170999716161	0.471166717099875	0.599810087102483	99890	Prmt6
99929	496	282.6	0.792204075421872	3.70633257582351	54.7451123597611	1.07254488219059e-06	1.71109974913718e-05	99929	Tiparp
99982	3830.6	4062	-0.0849033102454514	6.10410639059912	5.31759889759511	0.0301287752441672	0.0714958656015749	99982	Kdm1a
